8
5 1
268999831 70025284 861567325 273881302 299129503
7 1
555655990 296533283 262173477 200256484 482201126 414240691 178219882
9 1
34509430 59965612 166893469 414293013 928745343 411409493 750144318 18969505 384114460
17 9
39770680 808920928 811208953 4906127 245618999 522030549 969397334 13372562 500899440 593990687 197741444 743732492 970978765 254318850 987198949 853398962 669263462
9 6
917020033 934796457 396139862 841745588 649187513 348057296 448527992 581023522 835008042
10 4
928188195 132195906 597891301 631661851 23424034 854846719 268643536 47682524 966634508 556786614
17 6
687156074 852121603 352676960 739445105 125050006 201971655 268456654 599148330 576232015 439677350 25510282 970465157 206404919 558011458 316100741 97489055 812097050
8 6
570716608 892919786 320963688 639441063 807562211 484387859 734169853 454152521
