108
13 9
780925151 114889271 179503954 631353475 198555772 587226579 787413131 63244678 523054450 40276111 820254871 336234054 573658250
9 6
555198750 163862056 180006837 349448099 295860373 951755805 509428120 294365483 360320038
5 5
665057758 409255556 679015032 402884820 261473693
3 3
317112427 715742211 750705098
9 4
74506310 103030888 526911450 628857713 28617977 666994740 900401529 275715258 240922348
18 1
93563970 788477394 737603885 535975313 63861445 353727674 100408646 832228718 254271043 882964456 984797400 448536992 506404403 796717394 48036517 836044627 495059932 239057513
17 9
47614269 621032096 941439152 781126331 127183574 678187518 164340526 739486576 690076569 2637079 938935556 64395089 729977897 450929010 34533409 261237398 433757853
2 2
968757887 582709175
18 9
475453880 766991279 177569872 726979490 231204842 660050739 428090175 441902013 425458442 164794821 177260176 328880771 780617294 78004065 852544725 767256911 807316970 566257892
9 3
716875750 9562623 115207873 764333582 748934108 221122026 259442005 774174899 68452566
19 9
497619521 332512721 806846451 284622891 415588210 308367519 751184124 878487675 67619143 232531623 305843215 86304770 600999894 250396952 915904806 595800713 792320391 584714668 497580248
17 10
349453889 69984979 476191021 637841253 201899863 74256828 985546798 30306849 43817514 895028738 865912114 994901535 938050170 339467966 455082483 837227353 572074562
2 1
28189850 757338135
18 10
485063028 284694899 76243452 574134626 779491627 400579669 555569398 514384317 507171574 817198405 481333760 262667310 742190127 844390297 523980097 838262593 383628259 569033876
1 1
525178444
20 19
822445502 917428090 467241684 108276254 991139660 668305169 230799500 940002387 657614671 808269047 437057794 107020627 521187185 433840783 37995257 907028783 211346705 730064033 830417361 359762334
11 5
813867848 936076533 737868799 917665996 461958735 657959041 206030494 756873726 407981916 672792683 841964407
16 7
122367972 519675783 798877522 260860851 134394882 651637184 90098205 45165075 712822665 214713977 786141002 952570793 471274551 860858369 357853235 715208216
4 1
695850121 804674995 368402238 330002727
7 5
895828760 814013827 366043290 379662645 931882374 800400741 376720995
11 7
721611564 956095422 946811480 590566553 606526744 908650957 32948742 740507281 552542291 857186644 691514225
8 5
918835308 756239725 116129229 905026529 934252476 501273681 934313024 791429927
9 1
488734789 469973958 781722087 648678817 905879206 204709937 505977439 143089981 327095206
3 2
573827524 850424534 614303846
9 6
373108852 583218875 636570335 842612992 166234931 255650383 549384031 914135913 967053163
15 4
624176878 561651036 788648618 605935119 525513519 54946702 324700489 452822304 92297812 229019044 377538759 358910472 18066888 495311206 198342342
1 1
401859547
3 1
595606030 586343388 400636369
10 10
865776638 480771204 103282935 5474833 213818943 951028154 737521872 272131791 418007040 147646434
8 4
159238679 71608914 912131936 132832338 868364556 183240249 961769593 906078500
10 4
640818759 190636441 788027802 913393006 454169048 148532729 708658251 374000278 26276727 203816008
9 1
127408660 684038573 607630704 822306458 204520011 704758054 595615103 852018046 926156065
9 8
388804718 421088075 897171490 479208570 224146479 229178139 333569762 744737883 664818330
15 3
87352247 452682091 230919301 549418516 449650551 336573918 374380690 19371485 965852230 671760290 942804048 727874524 855699339 665883982 213522688
6 6
470914319 628891476 475536457 463064592 136813523 602228247
11 1
652356690 394339180 191384830 285968527 130497763 869579792 133206100 544504971 161777596 697485463 489888522
2 2
867900190 670366815
16 15
272650401 888287023 815501677 596843147 103469481 139762943 112135797 828784463 467209652 457721032 498247050 286654882 942792541 375305156 264313668 393188574
19 11
787654223 690917983 962132771 147209718 733167959 733608133 863294978 145635154 389461055 117547982 897578601 847752819 675580886 748155384 828938984 774711418 265748335 793149894 288211914
8 6
288198148 333798095 690643162 605718572 596269733 491862769 658920530 496853846
12 6
56704891 831464074 592328130 965687881 200317414 355674832 609265177 216765902 113565893 198028859 557024754 303100534
1 1
909101964
10 10
946092140 790638240 49137090 558773041 260816234 708675108 510751144 561060804 122915648 221683694
15 6
269460535 908365731 368526246 254510378 281906579 930556420 138844646 575324896 291330686 144403568 774843863 593550000 256994678 31359705 146553744
9 9
521656627 981263748 133472684 116577691 749046374 574433116 777587532 960245443 580172518
11 8
743677479 771153101 517111668 846942859 952192905 310819722 16618709 172498518 316355395 367819960 669327260
4 3
560802618 494354708 625086930 496573384
20 10
343149336 736509168 564867616 671753597 97740015 322629629 916884136 397217198 694981788 787550679 426325856 288474715 227074037 672460456 502678036 341766039 12586395 804533463 878471019 224177114
2 1
725536843 686037770
5 5
641845933 807154806 385764883 936577357 9491199
15 7
107264490 325758490 2920801 888231724 507293407 452983505 242149659 16352832 998421257 474835274 91746764 432637140 790667089 907030915 76822127
4 1
333169402 413499716 386103301 753642207
4 1
534502523 169809799 178473863 568571044
16 6
358785189 687584206 212268445 370418767 769201299 624037179 935819681 160309540 991699932 120259145 746304402 679853198 711679872 516306608 78050365 607732943
11 5
506760668 947935363 471860775 955158935 107741200 430864198 714734970 488473809 927170809 783201777 711047264
3 1
882507337 605191734 828551281
18 3
166154912 785371863 330071120 140712087 40279416 545277557 304984790 383553488 870810128 238688894 573595369 686488617 397956674 551901772 734450831 903171548 990255279 520999101
14 14
471188476 65985492 929308767 820682 944046490 571558153 113608804 692904103 653829373 448745607 898354911 99824449 862229879 398813126
7 5
953403605 643986918 108401047 41843609 203728686 588077992 629682325
4 1
344101602 794576275 367755348 897226089
15 11
897932414 659889667 344953324 351760556 605485147 195486177 594417241 183675923 201580033 354646339 501006654 663115363 765948696 857951843 198547636
16 9
546333470 63053206 791564266 861250539 443950934 461567061 154998586 837238185 100521622 117563816 754972733 628933880 40851776 411683676 108431249 649272546
16 13
303543587 595370149 374169275 643045797 209034897 544850432 383588644 464034471 379033031 724426656 493592110 251076461 345484370 582397082 229533552 736938309
3 1
124410871 176734456 264117721
1 1
472898228
6 2
676323015 416811304 606069016 291105600 76179627 511132200
10 5
573760329 206378672 520793822 147021464 809987534 572357274 885341447 760216132 413900931 405771938
18 12
81269581 421368008 755559929 776046953 606559905 444001144 386294189 753753451 932433436 652608134 815507323 831572441 292984056 345040993 372352062 202110758 932259260 950837800
10 5
313577746 288380443 828428786 155781585 814759467 987769532 702274895 382343723 97134066 745903266
11 2
40083957 316041409 686553146 967763887 328014248 938912372 502304483 666016108 71727398 815803061 433887438
13 6
903312999 359868166 478022658 342324319 119736094 446724617 378781702 804095975 985811087 93038241 77888199 957270185 523029914
3 1
348099008 693759660 423159696
7 2
707470149 826617410 158594162 728311067 998033839 30439961 886871956
3 1
466479403 859508020 90780629
12 6
798067674 183519824 727874728 637579866 695380418 750853037 339910676 137400383 928820705 243516823 689483560 821605784
17 1
887331826 318936976 304688787 964378258 656303830 504467917 625311517 366950950 564436023 915618050 824894359 146277011 523685984 983295020 988266699 588967693 312555763
7 6
689139972 126073358 993972928 322396476 958593765 507010322 850865227
4 3
665309786 647109872 728752889 831147114
20 13
489243823 938688514 679348464 296368895 754167136 395006468 124341306 438991439 483400973 756900116 73583396 322950158 693573074 83983519 961148669 949636247 868935375 152205726 170181216 885675094
9 6
600118614 199916092 967591197 804686060 933461592 869529113 517259546 475617542 453166354
17 17
699174848 47367321 755835433 163904688 570873414 103883409 578287397 578452521 887239283 864562497 454565641 566322711 282999997 908831471 19047199 983445106 798977850
1 1
842914601
15 3
378934785 163262871 126446215 589632509 490402325 177363955 123667364 84657241 253159327 965448730 408800636 816670130 27485563 977154757 644591984
5 2
704782227 567355644 493669745 243663341 341091953
18 15
709083459 433186486 760568713 35573154 48737798 492949597 933673748 95817319 918920098 56889380 154842480 758865206 278963727 455317917 995208435 126679847 852301888 937955126
13 11
961573143 820037706 753570905 810288729 646018526 848367411 15497895 266239279 556383778 372145962 477389548 158809653 169069037
12 5
907423900 508670801 770087222 511418052 187124118 912057123 123492047 460582460 790166268 879066945 692957907 383158362
5 1
119241751 981305426 134400781 194284098 383558846
1 1
907639665
2 1
152469597 872751612
11 4
13897355 815147061 995737142 425371461 885672890 277972895 749675165 925422225 552648220 107419016 563636634
7 4
966101584 389293260 397314207 317565149 25495668 237376980 159806739
20 13
321208323 303010438 600830112 467482467 176487777 838604975 597030906 352021794 366251759 265990795 225298557 426246598 17424217 550473599 14807556 925133776 889252921 820582639 33708864 745929213
19 1
451558280 432697582 202368770 275187516 358089997 646150352 425326702 181516647 71602562 718008014 72986079 105524236 995115361 378643320 586786866 396536604 153662547 187000816 367826863
10 1
184940307 561450624 193062812 227343919 368314437 859243247 107034828 812643800 833797972 216719228
10 3
588061134 584130683 819340528 453025433 954302638 736087332 313125673 863077265 931841407 389381257
17 7
437381023 703823380 751106258 585056636 814516388 721600801 983108889 247232028 191989398 573849797 833612242 560906025 907159030 354293224 334010590 122723784 998629428
10 8
810140713 23020726 134519865 537015620 3505279 591139079 258132190 460298867 47546631 80550622
16 10
140633417 385363171 330107537 681010127 558343070 413884279 780355017 718368340 363838216 686453932 855684577 40022141 824596192 666966352 780010240 320102231
13 10
293190173 165759539 824722171 116896134 170446762 668918973 664543891 878333964 524119318 112336289 106422486 725194081 471304610
18 4
10644556 931078903 5098178 978605378 705808639 760508590 454443367 859492977 605811171 627762085 516466688 796985506 654643548 374949474 807636839 346828018 236411307 352752085
2 1
825557648 789095096
12 1
438251112 765898103 981690795 31716723 720087868 714927144 878008220 462210946 64865719 808908588 929239262 378027139
10 6
683972512 584878883 159800820 862876750 226703769 740360322 540513999 588675480 196415757 629204851
14 10
923499844 471571081 1742866 504990015 515671177 624274118 302515631 4769249 633614802 408522766 861647947 199923137 420283211 835509285
5 3
335453000 258320119 530517720 381801481 7987919
19 14
868974957 409999069 986606773 708217361 463621016 421721343 885632418 116986936 949796144 649865684 626225399 410181322 780724703 271980629 537544762 793297725 464619621 569386689 720339963
16 13
427281051 597309700 296639288 342726072 325745757 630833000 26274010 691582153 867428442 827916912 260665615 714091057 765750275 326276089 651994559 404907592
