117
9 5
801821389 971546668 478026755 334651989 406162196 589259316 602760657 468313547 32718722
20 2
365745979 831611043 824577026 408736273 801056960 95647967 207615572 631591748 545733914 644873766 549935977 445782300 615606810 89736632 221515317 173762987 163588320 648345767 576455024 275573817
3 3
381611741 813958142 989518756
6 2
648646754 521466663 663215413 122381883 520605829 228804256
11 8
357181141 317846060 422976802 241417661 746820755 893564145 229421342 426473127 495155596 440171399 479591160
4 2
884037221 787142127 425543054 692741751
1 1
980487938
10 1
494575978 158745829 878418250 311344715 441037578 975765570 956478464 845724963 736800104 860758370
13 12
963574379 996222496 773922442 315944125 929236230 128378199 348391031 846833771 225051677 169819974 290844089 121684318 307735346
13 13
304855015 961376041 784944610 581897801 113569429 169804542 264492919 612169638 564402398 275562952 802362680 203216742 268633399
11 6
265300965 275104305 161867506 623179305 94083744 234812105 687885308 909783963 702359653 279772927 389166281
6 5
887737648 449411438 200252954 209773870 791157167 894417952
9 2
803911588 840883935 752694160 858703033 62893543 89159438 879704278 581681877 589119238
11 6
150480516 514205215 374314725 401567014 148752853 651343050 346874785 919322689 136452956 802155189 972826531
8 4
6408559 495888616 27548781 832210868 250737233 64225395 43101137 354540332
17 8
280959359 964908158 704794514 389363472 740559115 108018928 235051198 402680268 899969779 432582546 101498320 967782080 545402293 163119456 488002562 437683232 914981486
11 11
401886920 773890484 897068647 21566691 203600914 904152662 850165345 740812997 544065074 698758519 966134640
18 8
935005786 694553355 771336994 170484574 437892649 458509981 798248757 322426417 711848544 123410105 37151292 46225750 435302383 656631417 221578061 528638652 339458601 827177661
1 1
265006666
8 5
390630666 172379933 380105916 132390870 530537802 135411109 251957257 748981958
4 4
34734232 692923217 291593159 385688712
8 5
126984092 691033944 511442391 560757204 630692115 947550515 970908350 253462910
10 6
300113850 725225718 32402418 564871063 88498021 739230073 239100497 92018408 762276116 570464551
6 6
670511403 392096049 437414313 253102670 415872340 286384504
13 4
999308570 827231626 764695854 933294648 828748545 921384415 457153945 850489357 649609748 893804997 843943452 931446654 422110786
13 12
541398120 198457551 961946542 934609497 970364946 615079942 122119488 782620055 793613419 887478310 354547777 267271944 974526441
13 5
229315133 909979572 78339386 421929259 16347578 590896487 873970054 16786761 845197171 161622107 684478838 310265958 893125950
5 1
113524186 446462320 652959894 399285310 39559871
16 4
614744725 579960891 844176707 620690508 962838659 468676926 468930648 466842626 722867516 427755029 614360028 261971937 905411731 972665466 86905096 63805918
16 7
33793355 288609705 445097094 260651720 35418518 327603760 68873993 176017500 286691002 640999750 677395351 367813031 597332885 937384236 791078752 689219016
5 5
676727675 707769021 687577716 518274053 90480308
9 7
127574057 674336172 905427200 373410439 191345215 216483712 175117488 651793385 804387415
1 1
618391905
10 10
698277253 35641689 701036802 12119180 25079704 543980117 529199670 253734199 662737127 69546361
11 7
194812272 422756749 771210458 844644785 975486793 78307704 304741519 365462906 55866119 68386320 566006843
2 2
486237471 415175236
4 3
854374965 3621605 130817550 820460645
20 19
722418185 959883208 267202564 954055391 731933026 106280268 694729062 933308183 688696705 6895854 823668618 656859728 110363167 218775755 469706458 150916067 902223759 394258556 357031844 997354885
10 9
449290331 239990746 87803884 161072400 646082902 1472362 922824118 129812038 381170199 189178162
8 6
493551758 720024202 136652220 702137682 300605663 235267187 4276690 436350581
1 1
135261057
4 4
15955806 884941341 501487302 340104627
3 1
765738253 639929581 559620607
7 2
456660408 521415983 667529249 959752008 6187134 972315751 169100079
10 9
656795497 442892874 584046002 313234282 111899398 913646532 106833321 318014339 584479922 570590869
18 3
136164907 235968475 850682671 315455546 84904178 456605516 356117063 567007084 121944100 975276600 213240469 874358877 778528032 867721464 615015470 998738933 653967950 356706670
13 1
569174435 612001861 519505904 530952323 437601289 796751323 19000045 210434833 509357489 61150594 60659317 668397651 678565995
7 3
200917513 480662007 21748959 157086415 283114805 798227905 281190019
6 1
558339436 455480312 37625809 715394110 624261299 330308630
20 10
661042085 408492091 74722131 158578782 577676272 127757930 3762176 27760195 523183431 525656491 265802400 462650544 734965637 879774536 56359252 446063347 836565900 742342130 833037844 516199872
9 7
578318955 442156941 82407580 88894085 32762514 649835652 888117892 720184045 639994475
14 1
258471205 873108809 548762744 372309558 757188483 194680282 755129587 990294480 63299413 328950134 341396829 701176134 286899090 110668910
7 6
337745586 28282541 108029920 874500387 440526830 885505214 973641132
14 5
328826168 271522996 584733619 650870831 279704208 836240168 93821348 301541438 125505844 252634481 944353127 387822114 396770806 59380413
2 1
234843211 38728790
14 6
262538850 133103516 999260619 193770706 498914678 761698285 921676930 704222116 309666413 152175321 17386478 660116488 28930021 448428175
14 13
350503043 922466303 357238658 855117447 484258222 45951673 163668730 40204998 776627302 680069910 973727480 971974075 687801632 321158991
7 6
753448529 877446309 83968180 312954497 618397926 342688599 36930350
1 1
330093777
13 11
957601694 645752431 679555662 735029388 571641337 791506177 341197978 124180956 229882703 924533723 518729626 519381815 581775934
1 1
493597539
5 4
223335674 64106575 277435869 344561368 695972224
20 3
61248358 634353972 699435047 907664370 590807265 269304934 579857356 190979158 116079792 732304654 87973967 634163778 282921869 960505817 376968898 542441139 52184519 971091510 595171179 792627076
15 7
734354423 173505980 692244192 326376359 250059693 115802242 163832952 607860144 938732813 56886427 90280887 504245554 854027391 141297770 768081181
11 5
36343068 676956093 39113345 25116983 910675560 454430476 514835354 18337145 799433229 274506313 325365965
5 5
277268220 64477690 149913335 940630404 349751033
5 5
448510649 197109320 954995488 301346179 986290220
4 3
232891884 247268758 801131250 130766731
13 13
587911806 794010480 960800796 486142820 39048417 601836720 908018635 616340104 216293834 441213501 826114116 742860439 149953850
19 4
589556010 129585339 56922068 212973681 64822077 409067828 49661951 471621756 692591895 654876713 95305304 6376375 978224306 455629617 483475322 129497511 815630334 630264283 107628115
15 13
710081089 62598977 335289428 329114268 309396437 214598784 213535192 176470661 991768576 171580942 783903397 808954644 427008 643776737 330427943
1 1
248787667
10 10
677163667 789876781 647606656 113641288 934817423 842036124 946916536 345124730 554946828 27218886
14 13
562908261 214585931 974012283 733055914 503551796 161213173 612302575 569075670 6208031 401746640 656164846 419811533 648113161 813165514
10 9
77248517 896419957 786116221 761768770 710990985 438349445 928704142 619747249 401943572 531448773
2 1
992642049 67043403
2 1
791622433 187536545
1 1
812834613
20 15
841785691 56755371 894396530 783155976 358312887 55313215 736161949 3737492 397329906 380273996 260235320 113399017 77555163 245707174 471547544 184364518 458178089 467106006 360648674 610481077
17 5
245040879 324205194 740876423 202606735 367547770 282726948 217285842 648740665 487661758 719877539 730075215 719650157 610023474 918986659 126596014 943565180 629657022
2 2
290492726 138273516
3 3
418133764 877688492 517591557
4 3
19806094 729824114 856470409 304797741
15 2
674144059 889987979 721242046 807989742 559224220 743019476 611974364 876323623 183462715 606046395 802141038 43116809 791256802 771031389 265637
9 7
761893420 848914260 176177326 172000856 559864224 318277965 44943777 190658328 666919358
15 10
857382401 683127086 989978422 755872220 582419408 388079521 131888701 968561674 296306835 309474980 144535887 383547538 20010745 1184563 488952430
13 7
682867457 583171230 389404195 782793306 685808799 470475008 514769430 125557219 975276449 507214326 442619028 572215257 507961839
19 12
340244874 769256940 466211705 356109176 63872167 67221902 247840171 169306562 519001700 503410752 479958519 504764582 303896230 582821406 931872925 682056458 787322504 508413604 102860651
6 5
908846116 834245072 954146760 740320469 296105060 165762737
13 12
908106170 297153063 329358737 279606886 656263966 401158644 278514365 77039758 579882421 834725107 307771505 67870923 143886968
14 6
483829035 415315491 875662801 291627657 433642961 361194677 872835806 639080103 154200624 13124411 3841080 541209061 980576565 835402885
17 16
65798658 283146782 455954241 290530693 875730282 395744975 99561398 25481276 983020835 840912028 47876152 959433564 105027792 535970772 939518806 282862934 517570303
15 3
730796820 593706915 80236738 540214561 736566332 940260647 397864924 580743804 726479596 603634410 784192796 738572394 701039810 664784954 155547814
11 11
897088851 605994558 28252572 171579463 236998248 327430624 796260171 602702604 810671027 558369263 550943931
3 2
300161297 351245333 162152809
14 8
828744937 512421262 522047067 615892018 168253733 611354962 971432589 577355379 397499000 72623344 428537000 848928965 903281142 401295526
12 4
246104542 255468907 138259964 670908985 134767988 150845383 136850038 819293636 745600634 333364879 43193876 317067669
12 6
705846010 733787979 812515661 590922948 817441387 495404791 619957354 468518228 862492307 212326015 928355587 783688573
12 2
336134743 455008292 575948087 353264641 82049101 594369853 575273051 612918244 53941447 991278862 138947127 562753132
8 6
286189120 753682117 793199224 913073175 294162076 20668195 919380598 264655730
4 3
544265321 184945953 578682506 296726203
8 3
597397276 432956844 940600831 945093035 930421508 391592180 179340050 107240961
19 9
871160135 404959070 142978369 659478998 378639109 804050032 186889321 131531268 684272684 810805112 271393875 40958425 49454918 386828925 37002666 97086383 850557819 329083198 152450894
3 3
901021076 24257183 831230329
13 6
803935785 836252144 948660964 225967111 207553843 41967431 104488616 300299439 932542087 909214086 277496301 950302657 667045213
18 7
555111743 779821397 876898657 433541126 961688618 527868111 942783991 719972156 620890974 226507292 565641905 4189274 436499216 198131502 556168923 600889985 826184565 306190613
17 6
24325854 104899006 2647673 605321713 198792565 352210510 394411464 938685934 450990034 416407110 905125892 252128789 357241223 978324079 814119438 946360656 937440146
18 17
43434027 376581810 565568627 435801249 281180214 862448537 501275722 71283783 473633606 368236606 425079868 847064329 836942973 529602809 251071045 378070371 61938747 126086951
13 8
809001299 947112121 200072134 465108922 368546061 192445662 772703343 949715930 281784913 508989884 77075304 15305722 442988067
1 1
715269675
9 1
646219134 654804318 782130997 316942150 177202429 552978707 141418166 860737814 976666146
13 4
449367248 259769021 811848556 192475409 250574866 880644881 293396411 515106011 797899670 888879989 465114815 957527921 507304615
19 18
630234785 128889353 859941955 380227060 186509831 264492983 541095867 880394361 541870203 422243356 468845891 223746304 83908141 5623396 3393573 77765104 720030159 582876209 740920110
13 8
881800190 34072158 813980835 189774088 986107194 431235241 785540219 836374872 708180966 324457763 156381054 52217424 84912320
18 11
971226005 491781011 44911660 301752820 454505338 364415865 341329952 84754965 373636094 9741064 928106800 658798290 570110410 946730470 301165413 387923409 311168853 46239632
14 6
781798071 455581535 783380822 232349215 742047075 250225896 282317399 730244239 371308698 855423111 11598270 388675479 133333704 453483667
3 2
63330210 691201310 213752894
