187
15 11
996840267 117683648 732849561 887815980 132190514 516169622 711603896 69205644 668261343 208016413 242701683 281744145 954595947 424042776 285776513
2 1
893927439 358749269
15 10
36436402 163834028 87097639 969593039 461003005 371773328 447238517 98790609 292790061 259720140 212365016 702742812 599806039 834655732 61665012
16 13
323838321 183454279 226111430 753920043 938763321 220998539 216926569 575962379 721379713 379570807 554996520 358048252 729238478 81594042 619600265 974145686
3 3
943667119 366921684 663389098
10 2
329168090 623945620 314352758 409786087 375193852 322672591 576220838 860377164 782600707 262253596
2 1
194783606 556437470
2 1
96790197 283003355
19 15
970697224 886220437 519077568 323390168 127159925 716887247 564697899 356971940 856004962 630159662 876845429 659437187 408229474 680450891 767294446 965850988 996723783 424945396 230083882
14 1
394495344 237663016 738343923 643722122 994913326 148269439 906582167 686765769 758465076 138139809 580482666 536623426 263597035 314303309
5 3
600466953 176230198 318835313 128056116 623044245
3 2
40151071 822636276 163568247
12 11
410823599 831441232 982778634 796099248 125741504 151264823 576427388 177037348 623491085 931176014 391676996 450330157
16 13
331360862 253340690 28855959 895804512 901651453 128742175 523694018 224926076 317572181 839238843 548058325 592343746 666171338 5441027 29125805 976719538
14 13
484765939 17105957 777744512 657265539 697960551 255831364 356854288 76263155 188935741 909302953 97286170 852276471 542730466 996676452
15 15
25813382 953961219 61454343 570180205 695462816 517145565 950220855 989356996 355285933 722559588 243366900 52588144 743363072 12009351 363690962
15 11
166644937 925754825 765049635 961258691 213787161 558429091 9990592 526463815 6198255 606281485 608023956 500076827 93839703 265431864 238310383
2 1
781470676 443491819
4 4
282143850 41633267 741909882 555581239
12 12
825986376 959736616 312742020 359536403 908976843 931447109 793045785 400238760 988147351 438860369 37520570 580163905
12 11
289850039 285244785 55270357 978743495 860144280 276775522 463744638 592335637 209975544 484351111 406358607 539982695
18 3
735602813 29281675 129016378 731585074 916206113 950916463 960277487 132055395 639637643 103864098 585648832 136368090 464864057 86402719 156859124 415104475 633709416 430011664
12 5
177886900 409777003 964403884 734963878 318100667 275219623 483016077 999168202 466082585 545333344 561763472 188263070
14 10
549770773 376466299 983635051 778718645 887747007 657956493 76590380 412589693 348821314 709053787 587529621 905063968 678306751 103361391
16 1
428591473 151422911 506599264 625741907 991219592 473690989 39901511 543718025 551439052 313468990 903512346 711965293 149436532 902607833 850103431 571726816
6 3
352377011 565582218 647583356 513176429 492986271 695125100
9 7
57891340 191955049 459906503 33252816 998813057 40694611 166525910 321101552 198333162
10 7
984101479 133099460 267411179 441864439 892515288 689197263 102595969 676432372 229218120 155964246
4 2
539802008 445467374 936897358 548399979
18 2
314932469 473811536 167665108 901411388 821877914 804623136 587677771 688994044 682127293 542346383 929617970 410180495 443342463 859796793 528716044 996854694 511983959 873817819
12 4
122908321 410923624 635922955 886630960 209139444 238951206 420456021 582583956 263101377 324280433 955989585 749921270
9 8
183405470 590184142 613709362 757220808 758699682 120087139 776320899 354284143 727698850
10 6
269941457 459297653 552345192 247811296 400927963 945753543 473444090 714878663 546121530 414998816
11 8
998133818 59378886 360107095 555414556 161701307 75454580 11229207 170839964 241349999 118059405 49729113
16 11
652458112 837603629 265223534 640842299 756381429 50591285 36254549 962703042 313760991 5278708 829229410 334100875 28475442 944851168 875012826 220285460
14 5
710662038 18550967 82621165 423859134 954433883 652215715 334886382 724178344 980786258 840720206 508162780 47133722 917486781 7540666
19 10
829434036 905628438 328223658 573507025 683273138 200344578 195679466 353841547 596037546 950305790 879891099 412945485 38843334 290153964 650301639 653216595 503248020 828416832 550964330
2 1
541142808 213248371
5 5
157513898 707860722 904610001 986819072 986422673
18 17
897035397 686150104 357873765 319746851 248686281 120635394 313048622 888964995 548504803 176368161 773416902 662724102 39603125 175109262 826425947 125705369 304427461 615483466
5 4
22163929 336695083 859391132 972451356 382901624
9 7
20208072 506025396 398807680 532284113 316835352 705316882 313560128 450344557 506025433
17 17
424104588 182883023 263430256 516918621 779503168 110545477 556382345 955910306 544283285 766398611 830489226 410783801 924340094 33817644 94504863 884484278 979385658
16 6
491541061 456871240 366380046 635094069 67978218 665663196 825208674 474094867 225671828 64185509 674591529 694118937 133381621 204066821 321172482 45859808
6 1
214658083 515096317 110904526 392622875 666192911 511139437
12 10
483065484 897795630 654380059 106772996 96837143 36341402 719576276 862691385 659295059 231402333 614465744 629291891
20 16
785825193 798735210 277572104 925214651 128962348 879176628 839628174 413357473 188639094 872593767 681645914 489130861 12643526 105654747 806467341 103989183 92879062 305573992 894654941 144866127
1 1
497873130
1 1
966562681
12 10
441923095 192484447 210427417 574293418 217915655 399898060 105215690 902526552 434766952 894849920 477529574 278777766
12 1
539853676 130908122 460051734 556295515 284037980 691970691 881723763 467639077 512527342 580287995 856826379 561756919
11 5
533740433 855405385 76736767 177610601 716937603 888841781 278609304 843308672 298336820 483382598 97430154
10 4
341853240 815160782 683571192 704127133 542031306 12973443 188976435 568276279 391870226 30491892
16 13
536066266 100454242 433684622 592237472 789795334 603559324 781598921 182111886 173475498 656400460 833010032 963230697 709305872 682667494 637851708 948008268
16 5
204424415 186454128 993331851 835002503 781705799 918731908 124627201 616955030 380119851 706989767 546959621 311226522 105522131 507934933 913948934 979699716
6 5
928777978 767799513 707530004 704447121 81218745 565499890
7 2
142848857 112869473 471968812 742468889 120372254 523514013 946030848
1 1
593567771
9 8
506018208 193437855 818704764 606079077 42673198 359698217 179868938 721722511 797966810
20 3
113428785 836995834 478758419 569083565 92459429 469937764 59945318 158083573 664537512 564669715 380231396 518155119 907866476 548633361 698931180 615102154 414595027 53685978 39186730 264152361
1 1
9418701
8 3
292975574 528349744 928034553 506887323 319824106 684776473 996458490 904449308
18 18
874264106 88167963 465277599 329158906 190240629 737883824 804094997 759682116 933887168 502873796 27756218 729611740 632005670 594879594 134369171 789270097 87666903 790478621
12 4
115764438 825450097 619621877 932617545 226175097 203375623 961117220 376698022 797632668 772707634 36596034 180465423
14 10
578982562 657839477 257240268 772992487 307119937 552912132 401217177 875979679 926734576 943554500 935891859 665957334 118598086 918575857
14 1
915189490 700637775 802108878 774802165 395782966 409564558 857532205 199795165 98796684 975123422 69376861 469619932 122106752 455196457
4 4
466280738 832374139 520137034 377986852
4 1
816924570 331341863 545835634 108784785
10 8
700179449 114661892 346986724 994597969 483235034 921858123 846080780 405319468 218589438 89732532
13 6
888507350 259761223 794210617 761120938 88304991 669979924 383626684 350307325 138677347 899175429 490133612 101982399 996135498
16 9
781151421 51912185 345185126 908523359 967789493 849528102 963230224 386025806 956334394 514424085 533525298 449158996 669622485 306336647 108270834 893574911
17 11
686651244 873343345 722817928 431016392 184079048 729652600 113679338 916266395 69668353 354690532 643413008 465247347 651647984 20362633 261794499 839514643 977663419
11 10
855198788 313483528 800592634 591236253 592908452 393901077 66632894 202698868 923487698 962574770 980585442
5 2
973264157 360432360 136765951 20678291 670782252
10 3
610235843 546240050 288992440 228715730 565168731 349058610 789129852 346067228 277444287 608965325
10 5
165876664 882942146 440522822 477641552 15667170 370715928 866894644 577078449 847305575 501392741
12 7
750119563 949601621 789884955 334588056 269362241 110667332 922958594 62555633 976123268 433027334 117822 750906256
11 6
221504378 942248290 192211636 328907412 927612789 90197443 366925460 187005895 138193780 539039826 991118094
17 1
381003504 730693554 405689105 774572981 734918728 489930751 510849988 802437038 258360807 479461737 737913720 739534161 677882914 289780347 587440506 893565640 512863499
11 8
205383293 894372407 509215429 918017026 135759427 423854312 226287144 488284228 96951811 188491252 243840354
2 1
744218449 219626692
5 2
878868960 739981825 212167091 480125895 536712541
7 3
591017392 474306011 930910677 850346644 108033680 679477869 843212433
13 1
426694071 236666351 150126097 431529814 539917242 317228620 697618619 541004923 648254978 922916794 985375557 70322175 485069457
18 4
824945323 367842023 157852460 220991782 850996616 832463396 240546626 494079509 232698801 29155694 243869651 16771528 393068937 782537151 787495470 273410417 169761772 409080092
3 2
276220268 18799320 573177353
6 1
722260109 544559609 863369833 649605526 701990838 962593615
17 7
195169826 725659828 459977851 321532074 106081645 688741776 88592184 248544647 980321482 221477782 642814269 86596744 284909115 495818781 777241090 675178942 965331888
13 4
898391189 9190261 546955481 655555744 307810086 301400150 467961153 933520803 729203032 118134006 169149145 74075231 929537363
1 1
908541521
20 17
467370297 863207417 152005947 844541026 27161675 863454704 627885024 983318357 251515785 849691695 56014835 579537001 546682147 292321791 931038041 713527004 941971404 60434374 999916932 886640062
15 2
369239886 929642379 948927357 871556346 489995246 593942026 258139223 384205363 209201688 308045628 478725426 670221729 97071820 623721032 636995843
7 3
385892993 750189594 453050666 436155488 470456071 194089807 137458837
5 5
983334255 374608967 234069038 322741718 210906309
16 7
252949203 444678747 26233198 857361646 93080136 269860640 804996001 18534798 205909611 559914260 727153144 425335310 842207482 444319676 387765111 74133254
2 2
359209576 856570641
10 4
50836888 938907615 462891165 425543816 440762683 819446865 549771131 592504456 925669079 762563007
17 7
27854809 76271797 297253418 65818850 653186846 523279589 252518011 56122728 841790452 885759156 97400107 40741101 66326046 432805960 134687384 516191591 697468610
10 2
455485242 256976124 527827241 796981719 710999351 900313847 851347721 300719364 907499517 427183373
15 12
837408093 50303093 971489332 819655785 696592336 64649010 805341551 893435042 499549757 391285176 321881599 842158100 317295148 950289250 190320203
7 5
590033346 206254956 420464380 96670407 806020817 47762489 304905813
19 2
849813335 37512116 938670954 927454608 212423469 265027954 235679725 140439440 769804808 185925773 701826664 227370183 996071910 985692370 319381033 285075076 406971475 709186478 839881092
2 1
348525747 800091965
14 1
416404856 689537258 835243750 187692444 506217983 64791358 701251350 543551851 627035479 778129542 218248416 344680598 431432443 147766088
13 2
980553335 353685368 87606193 291000275 332937189 570712002 443866146 717111690 381994425 532865444 680848506 682641856 919473229
3 2
320943393 45992766 520047165
17 14
493752645 552233544 9476171 979958278 202948259 459625953 242948559 315323330 275095817 658787662 363408495 509631232 119556314 468118746 792158832 708479394 856715121
2 2
227326856 509245240
18 5
982565315 98650460 450399742 270966191 76479291 52427360 181260351 87004358 581695821 355288978 553865526 666067017 189744459 542985996 571427983 87473647 499775290 115228271
17 7
296804461 95088635 447998987 350374983 533876025 54672422 594082685 63080954 50164927 609884192 120262109 653605576 640985708 103647303 35416348 149051191 247660284
4 3
844561034 784382196 246812526 160106741
1 1
878175650
4 2
740816806 785125201 863947299 358505889
12 10
925114777 257160452 489546644 161187688 77885331 550176791 656464973 134091244 767023220 345699505 582683321 416955051
18 13
100974096 849219487 593113013 262095471 571533384 84267175 675470933 559161799 909757013 691374373 888538364 700591977 914962533 723524242 56758845 570200187 77203075 818272740
19 6
347466454 642358081 401327676 373389109 61954020 203549998 778772666 930431680 7498546 6414135 667340982 651986398 417318255 708142280 909906798 599567235 26965618 880115488 772727820
2 2
654983070 802518754
3 2
971660123 379136298 616533
4 2
27436897 236490067 187046141 794660091
8 4
163470425 566660402 98725527 378459966 961654762 155323741 843103494 168120670
8 1
124445238 539052666 524181268 193754604 521133935 778260502 197351821 505574882
5 3
968884072 774702291 704388491 290229192 972822577
14 13
300846514 221980105 315748686 850927699 117622008 384022845 315584884 917092199 960204580 992373519 586149998 544467437 537850352 481422677
14 3
86584691 385346305 487927602 65160585 8351718 411103157 315337309 953736084 445366213 902872920 778708984 329412125 968890272 857536791
17 5
178580953 162172882 763836254 915917389 791090556 981878080 131922614 638433691 437446061 307773222 169873049 318783920 372772540 283586774 296949572 930509963 895641107
3 3
785616330 244818923 627716846
10 6
154240000 200872732 208373507 864954109 78320876 544627763 798103913 564917574 831476943 567795614
18 6
934521732 479381941 669917338 824926846 651488638 479017695 745258716 381240414 766940660 252153585 163145894 155185296 582968804 261615751 420876066 533037257 173894342 296118925
19 15
713800435 348668845 858218716 388672623 101027854 516207309 70543507 576023340 802919122 874749946 766654342 761653699 803778520 310176299 833225324 186494608 332740000 345433874 522532915
2 2
863657837 121236700
10 1
196719759 994832748 320700142 534296274 811428377 127986873 963153030 214966903 626199611 944889539
19 16
706668342 784553960 941232510 431263006 507742891 950934007 240877396 361386020 915995604 424048052 689370012 173486925 99875699 529729979 545803041 586285596 827039208 503830104 67803688
1 1
366882411
19 2
985494515 89025152 798070770 115606661 131350845 218301897 6455968 142124506 502257973 387117955 746460760 947956566 484275657 232868083 559811632 497591484 508298276 796515541 996021687
17 14
162012572 386850368 673184313 852322576 968290308 325609022 952145318 62934107 550084324 175166452 786712974 451229652 704915372 974048067 727980093 567325044 277543966
6 4
705531688 705414860 343301828 442004628 800471439 13425380
14 1
335485575 604827350 8012258 495890307 288846827 310191915 873636518 613083658 190409894 824134869 610557641 404934235 280704494 120327792
18 5
684923524 740224350 347379743 149252168 831910230 136679624 703210042 196956448 914131609 597836402 93004721 423118948 104027729 548173864 153089102 969605830 578005069 198793689
15 11
43927419 620956383 849064961 904507038 148593429 73666963 540969864 731817963 840828723 588855361 210182984 314065523 665903577 306405095 771782739
20 1
695555080 88200397 399308142 277081040 155747323 898898889 164335386 590921111 780911466 839845159 645281830 674996878 696945737 54459634 337504818 572039109 279321723 617461419 158523407 587502952
18 10
114325510 536437296 241739296 614080118 802558604 351582903 274448226 273481538 41790934 74361967 980248894 816329362 726197683 735881908 562869783 892522442 8471048 735218440
14 14
684384861 535139737 532887147 645544512 456729349 234281693 349946102 710254635 304696625 652850297 239427334 825839715 539956149 274794599
10 6
44415223 3264845 668723398 186068993 528534818 366272746 402633161 367826644 111612832 680163722
20 13
971023789 906759902 478132863 327973861 803852167 873598601 900902254 374781976 55060099 458270638 805935247 960548262 338369457 133594239 118876837 546349179 371944632 309155726 41460729 228174734
20 18
448353870 782178019 772668009 548019395 956096452 693435428 124131983 252906580 873503843 41171628 729231661 414150148 631640591 276174689 263087030 466881810 930147623 251569071 598702789 917504069
14 3
323660660 798738503 189209894 581376928 963237493 678249545 1208327 167646042 787405640 128784447 983322672 843757213 487707745 894258588
9 6
444260602 189992611 707653894 606472165 510428766 612425023 353342578 108103155 897671547
3 3
53080243 977390075 697440663
16 15
218869542 597539349 58985706 511629808 479528273 88704966 581157512 803501963 565291542 622729883 859147118 220983511 383880887 34156016 325164932 391593206
4 1
440236612 189993679 321743604 411905160
9 8
734571045 623466469 909922034 415373826 595524857 598490970 199057441 297401575 205531673
8 5
948366927 234844706 74779127 735047724 452143946 70748734 775231716 100975737
4 4
193070819 384112673 648957057 602066974
6 3
583236636 83529732 946099162 785706091 893374483 658033909
5 2
52687754 966320324 215471942 9818221 880392947
4 4
155521256 241588633 82521917 336292731
8 4
944126290 83071630 392208330 59354900 533680364 776222840 871169514 138145461
10 6
399667245 563304783 716856408 42192466 550373925 648210992 789396354 57127743 301858438 363534349
8 4
677624333 64692840 616627795 156564270 54791868 570335338 87202669 624709861
19 9
942208071 533155140 629694837 542621242 638278031 812715563 387590925 106712632 284332145 433513594 281813723 781925940 989680043 241059310 327473251 830653632 67141366 5210906 336221099
5 5
730701585 627633262 163390818 618351153 69040277
13 2
691557025 373997695 546464501 554919118 376987438 931786029 735625538 858415500 561378052 994353528 725038089 974589259 468631928
9 4
23922456 441492908 574363063 166308352 708587257 798904374 307427801 234184064 588312085
2 1
67605516 71658765
10 9
124292111 144917285 734874853 217018527 912324787 321462519 470622573 940966229 468140382 99952617
12 6
748080340 304225762 471275860 828209921 840259010 981877421 7919621 668886724 326519701 77263993 634313379 170251909
20 12
108081848 950906902 799482516 75808546 15682356 896850773 877350981 593242623 39930096 817245630 710874020 739826426 563683606 834234506 111237505 205033612 580417573 459760632 839626504 398347254
7 3
390509568 142564392 175703398 685297011 452053496 435966817 444929438
20 6
494241490 838421242 105368792 391608701 57597574 861597558 464407924 231005544 631667620 518276889 208907599 145901774 806589295 444339753 454560915 635432726 289473318 9754688 652579228 216641590
6 3
994557452 351977639 140446043 139770147 562919822 288661429
6 2
322958194 263470348 93175071 816671036 288520851 694755386
10 9
698106359 791985332 504607655 454345244 515752010 302550420 746443298 100553725 351324746 203093197
16 16
132068858 667570547 770575048 691284502 755182867 769410497 30569517 937331495 52474976 414573193 523385505 51272343 694595537 144216169 163470130 653321517
8 6
199310592 854344202 873447233 699575755 163628939 960680869 311436343 637080853
19 8
327482700 752719369 86523567 979846806 570277397 514424109 639369018 418746122 121343285 867755891 843407008 716443724 693132601 389801886 957502243 770181139 260356901 402665798 266143241
5 4
356372160 19170511 393123684 457036396 522794140
5 2
71225648 497917855 429756465 290454360 188344020
7 5
591942151 953744665 744261149 864932981 414906887 649952103 991074953
3 1
814724312 716037991 625563463
11 4
392079718 822319552 144431300 706097172 355964227 960710639 925921407 271522035 352685680 986718698 819058142
17 2
900119755 893217147 812875634 752933728 620953265 912753388 393991444 201255215 523109568 634927397 162123205 331920204 272060577 676798814 992700226 807891594 464744978
12 9
112927708 625159618 58798314 466979328 525397021 983750186 774616458 346748946 617684604 404356871 999363114 906894112
14 8
94693002 592933919 244992745 127101556 482511297 523065648 122953620 230591611 676895252 646100182 514011426 67731573 610459070 228636004
14 14
861687675 575855 96250992 672507201 843567732 517223647 530280734 296705201 261759129 1150281 135513786 172811325 111641747 597774483
13 13
164115683 161226287 961109374 227012897 200314063 615602867 972792835 355211530 497841954 912747132 438120551 304674342 260541413
13 10
699027851 898611543 859171329 137309686 998360426 684289677 481861950 521341481 954277537 690914456 135946375 758379707 532259043
7 4
425664110 456292364 671619194 856408033 109193275 553521896 961845113
