10
14 12
579361653 874971555 456432997 288806264 493639451 41336702 966500808 547629742 990781219 354868281 5739496 390710630 615977959 638056784
8 6
782691985 970135102 951747249 249593962 59270465 981894807 343833205 597398000
8 5
823705618 378531071 667254375 40421452 80015600 56065295 587626818 4808592
9 1
623386532 402624630 491118116 725475252 91761377 592199510 843608005 506376500 898825053
5 2
215113040 912183891 494145660 320521905 317766021
1 1
312880554
8 3
743567442 634327166 127482673 690400627 923281900 865808123 593047862 139163335
5 5
946700434 2296506 742585117 972031984 803776766
13 12
768830228 128493570 548803279 745654528 684374723 496938663 595716415 808368435 178653905 122642050 860798141 180506329 97868808
14 1
350747478 332939438 995196914 913117729 214640588 198794554 366340209 163163626 775844030 347472352 968042693 774797917 485110279 162093005
