77
14 5
790482629 497768478 110458775 650875450 550065169 935200940 446476757 423872877 3722987 939094440 359938291 203697837 493077924 212862191
12 4
590320369 9365377 965138094 565117532 312537501 202961419 998978929 192092946 369863450 946572353 141696124 779984
4 4
10886086 261336238 815992516 167145158
10 7
354148844 845777237 108120247 911250126 347372593 384005232 983048843 658487410 426093605 406705717
8 4
919316347 521528331 420527738 752038561 272397338 315149455 302390166 656871064
19 6
951316622 169320000 291548863 470213486 831358215 325977706 108314385 242950389 76690276 555084184 31832708 40700051 127861556 340796638 659090694 596065313 985845381 464616448 390449831
3 1
909402154 975311830 138281900
5 1
883065777 390698563 290281043 101119598 857259504
14 10
396233836 619168567 463034439 552849740 576160505 593502614 303005264 926423792 52579416 499546729 761620145 921351123 76767226 803153201
1 1
556909987
19 12
254233466 598478749 209528416 88043840 608433890 358802232 276574003 629325572 634282953 823303118 882982380 111508917 173234611 974172115 993246244 891213580 469416702 262291217 491334876
10 1
30828288 257302657 616155714 941392897 681732333 33610081 175486580 401576451 591232621 295239448
19 3
19695147 685553856 540278818 777641489 62296987 647011748 397910322 702004135 348653654 877561593 569440298 884648325 750098147 557091299 986547828 202315030 692665090 264711722 609993973
19 17
606425341 952290536 635114602 6170605 749570305 148400412 488078887 228754138 696782464 907175115 921713597 442046447 371334397 861124331 822905652 127510702 805501412 307625168 738157396
19 2
266565833 910592063 378640841 980899482 593337464 655392089 813755025 8408955 82154287 386718790 159645817 673018117 597323638 873324505 579502340 965511515 445931591 327758256 763628934
20 7
881616635 730021917 318059489 566110118 876604664 922925521 766051251 407244943 589729050 556591569 201403580 510926816 418887112 74145995 176126190 863272741 723697170 50361099 450380935 988988455
19 9
755754726 880826298 886372417 172615538 642657085 932817965 996099251 583265859 995726164 865396860 610573117 935188598 619771697 423395994 42008441 399195273 475697720 718927520 695013554
20 17
953767080 748098473 779595006 42791455 972993751 955668545 716871612 548745624 665344501 956971424 576310433 297293245 921425861 115816879 58132932 216988853 330155862 632825267 879106199 885567810
4 1
135555351 293241538 468835221 432244246
16 9
91412117 254191511 138608482 226765533 806748469 828977746 865013111 667145994 488654521 363505211 282698393 891793157 233311696 857262905 716598762 64303463
15 13
772012216 564869227 1261800 593827404 240850916 52346819 106385335 651555999 488532085 857120092 885459945 931757450 604662628 656676610 258835238
10 2
230095859 405227837 369089596 164128304 864677939 492602703 754455076 632343696 225901375 839646605
14 9
729226653 792169024 148434931 959493417 634349038 646011955 153246979 544587710 657643454 321497712 616332305 417192491 466768011 629862344
3 3
103688652 235646223 276490481
2 2
506576405 843342591
20 4
282289231 830097627 304110878 12456985 957660580 90954039 990654082 644712113 39366710 539445136 429959579 668198034 5446570 330513052 629710843 945750239 244302424 737632664 861439642 581186051
9 1
50848603 444118443 442865347 31123896 55618039 602492924 967425665 551707263 415142538
19 16
750464637 40249620 497743732 309470824 185947655 413652119 523513490 553590957 379363081 864329035 11006841 948643661 295742738 215671820 305524660 829692316 167536057 453450056 12180123
3 3
385362796 583504083 547145045
9 5
32202962 189408979 396059999 748052656 352473175 959306703 809531471 669254105 833498964
10 1
694213553 257601686 413184332 945441215 942996961 4772206 883674102 686244074 318822642 276084686
8 4
744141786 313065085 909334989 90093636 295368024 711082630 199004628 496893705
7 5
367018068 390753462 813257411 581668957 726292569 886201579 831402065
16 12
31475128 770843861 220232943 773380159 12315867 879260372 973654245 19261747 182550314 50230918 690166376 807893865 321903077 27297439 404920202 392104433
17 2
791381773 755391590 393937705 661031013 912234057 869046831 716401787 38376843 563414925 523535752 151000735 752352557 736204455 944014771 86560358 198643499 885362749
1 1
456890619
11 3
375436391 554810384 42013674 33071330 305931501 643080119 668217786 750895819 94610415 473164587 643178200
8 1
917408976 432822295 99842893 14327415 31184416 498645545 556832108 165068481
13 10
674222720 725032834 167933131 74573217 508594727 815510734 774802992 636783930 599008725 349374441 622503739 483134319 967826635
15 14
134273521 60153718 815953274 60622814 213775483 16860699 374588727 736028252 491129797 118062129 886767861 42108360 164136112 571800505 333995688
7 7
946671845 422235404 502175550 507639720 337331510 52033017 580347360
10 4
627017657 389417328 142870958 856380909 663987780 666158807 372259833 702843217 888060449 811040852
2 1
280853397 401355662
5 4
808786382 193395138 701623362 63276786 737535050
14 1
694116998 778438748 29292070 329483916 167858092 196690673 922265898 774227332 837373722 94319981 913970843 68327103 314890397 587847138
4 1
801249437 796641086 292746127 206656394
9 9
893806389 929748728 132244864 746318271 340038586 105230087 17033537 786669761 620097329
5 1
114086532 29542823 779113297 611032999 656373548
9 4
683830913 922036136 331581640 640666207 760062166 959719873 97908626 585943410 339670167
13 1
548653514 427947203 321307272 601050550 67592645 456289769 884991989 960806256 279091519 387888313 643745102 983394833 931980695
13 7
300954940 584482561 589893486 910690504 889754928 238952063 952742870 614998261 276015062 382136950 117487984 233079838 966030537
3 1
169658721 336801891 39922767
19 17
787389391 985446486 775531916 763945623 312406348 492592671 145062949 69697863 667753916 711243077 668438912 906447832 886542517 501139870 475371479 95108446 391938697 673217629 197785333
5 5
374194881 35986059 304247266 998139010 925722214
11 6
776895851 566503371 539271305 231948504 168804192 646546208 419364201 613597701 355043675 405523261 689379254
3 2
193333696 593189696 569185956
1 1
894040335
10 8
53864933 842678901 370918611 674144818 293190788 127445026 544558027 316674420 164088452 819466612
16 8
297714040 436111224 985602539 849248444 298412427 640193935 57619947 230241427 92621013 578088184 998000138 868217929 631442641 745326201 20749025 517361475
6 2
768046443 594196382 990703397 104318845 657087874 799899315
11 1
236058342 551443574 648579877 610509453 222120401 691235868 989861488 619853349 407632640 816738090 493100939
20 20
37318371 738938696 701821120 722152423 526816597 938089235 525842267 787931710 346624768 384615880 404945687 310053616 129753782 307442935 701169894 438115716 289282725 601019271 713083541 986802197
17 17
358629860 721373070 374425434 631039234 768578486 191980929 210022142 268780710 182449952 819731637 440579634 144375900 975728243 795252929 362051316 791776835 67234313
10 3
163129949 19955249 168987378 337132899 958928027 392582896 276621699 222146498 488353221 235408049
10 3
114830444 570319797 398740345 389984518 786101699 397096826 57895751 652024925 656782299 329257982
3 3
692051520 479102767 563513137
11 8
848704351 441515678 586935023 602097654 253089737 336720431 91880560 502064079 370563058 753140275 511197517
1 1
625750476
20 10
65285579 42174516 121227426 527535976 466791863 22874456 877277109 412267411 95128959 768194536 692356825 105110936 244695845 997892872 772680754 824230789 959238428 341968373 117109810 496325227
7 5
388741762 116683686 718307832 145412260 582386335 12929953 47631805
5 5
138570249 935743779 327945068 709198768 103242967
7 4
683576784 871919782 971898658 485364707 130380323 388970792 165790582
6 4
349131429 177327412 497636828 582061401 837371016 101818634
16 3
941663408 68962018 577895866 312402696 166269274 126587499 928646839 924625977 891487672 164017621 628830080 990802626 651414251 717152866 698804405 971833163
2 1
335255186 503091915
10 4
773242398 467527618 23591515 96152063 3069618 450129388 107702256 533127615 383054134 572249272
5 3
824168150 309618522 314246889 206081910 162749373
