26
1 1
185985026
8 8
227256904 55835524 749330909 693659859 609665036 406273210 514564067 587199614
9 2
212742343 400195000 619305452 612249560 677571100 48694893 616429210 223918969 332439901
9 2
796867539 46873828 829172387 501604668 815216859 725940542 619146147 459925204 553785618
3 2
398887520 149639370 536257817
14 9
502342555 979022799 918813970 34670171 258788845 443107336 380824732 287546445 625809274 930953945 909771167 674359795 746531895 28304651
18 15
193616409 355845547 200292031 696231456 693958402 171860038 975925031 348275116 833751074 379133893 307660648 253182893 463469890 648495516 840138363 233941168 993758990 202353840
11 5
739862693 350531737 72432001 769517964 7060607 844992967 276831477 722295945 917819860 710560899 685831070
14 6
867689338 749285045 697706906 187577893 887581807 310557297 743797362 999124156 528745970 286089518 955213088 815955837 471041720 739041494
17 12
298598445 666042978 30714399 764146226 558384524 499620158 506288749 706670773 848946860 952129966 222015166 299804203 316409776 605298128 836630604 510167100 756850604
3 3
310956646 609789674 839062348
15 5
849653323 741734885 488682205 825130064 924405148 251254697 646855159 310368373 906410914 615129993 480415423 983134886 287619189 789862339 633951027
7 4
963591228 59071268 578111905 688717199 427809229 55446625 694966351
19 10
58385326 15195818 193398049 902687673 874356329 712496125 648754678 560347259 535828525 529459869 618120692 358746971 709862074 755755975 252528584 954298789 501742373 882447440 976665308
4 4
19335191 114404211 335734173 350567993
15 4
21350574 906996778 423040040 369630272 251460143 185057420 560159275 888175520 168668944 699695296 970968041 637952098 502515394 387060143 584038308
13 12
576875476 136248553 861943468 493745177 697996187 994697026 104219764 587981674 466406724 466304146 275456930 670203771 117223545
13 13
651361448 89789399 455864270 140686473 540454597 702255855 167269073 34552444 984261874 456159047 698481054 301449157 383032472
15 4
428868099 779294580 190376804 665900696 56254529 246045354 770994923 56942410 659052887 111835173 979800384 652569257 781452383 19250963 863132024
19 2
561542289 869639138 682626584 297703253 16610564 346721754 486942473 28211019 236141887 802279675 36069261 118471141 323123298 970667352 36849118 188284960 875729137 40829210 25908755
4 4
448766032 982335286 496758496 645280308
8 5
285447052 885797981 6355411 992610034 120375135 41162975 954878273 381894838
15 2
80666771 293212948 995887333 328962177 705573775 415364865 752679671 177493246 471902533 879765053 327756114 974458342 195236900 829259845 621048269
1 1
601031731
10 10
384886385 229916176 345592035 259765521 254287465 596731075 425759789 269686257 958624793 963295272
6 5
670378885 17892262 468310499 637317089 926101533 512179517
