141
2 1
531765778 51971143
3 1
267240367 348628301 947234227
8 2
140771930 673493194 968247524 865841500 24580785 783698473 588066781 303169299
7 3
847068594 538764387 180962470 717756749 782363108 809644486 13779236
20 14
782759932 928054566 616996223 481119149 744951867 40012708 269708024 479026394 681012696 386684657 625507454 687276682 586925429 704185440 874283419 48827605 268355719 581134581 904702982 592238826
5 2
54857818 495066456 49351814 27314101 117130159
18 15
511758111 880822591 797983174 695921828 390494299 223342554 251938630 114522761 749322097 820082344 210172639 127973389 515946883 610308586 784247850 696780811 957648256 548978672
20 8
448071082 331726266 808222823 805275815 363977885 80619232 168890030 201523044 71683974 822456798 955033681 703117011 47502749 331053635 166758273 668351105 650822913 69625925 262959084 327176550
3 3
183038945 51784562 617908461
9 8
504075544 537311335 733226847 905865838 725026924 256370737 703108780 745917284 255224249
19 8
796952632 587299207 802851588 534266468 662539365 632266408 745044968 153727373 191961947 446634232 961776621 886033290 856656793 810932929 391097792 543781810 527111463 99714828 548191688
5 4
327821569 573783947 625821647 17180704 687320395
15 4
49891931 55302600 662877581 792265681 986477439 675466251 831669956 559236062 271238733 761835130 696731242 732043765 560439432 86008975 705167342
10 2
564797816 374301455 918024124 765071801 482039595 327458895 166112783 684945556 193574086 877192809
19 4
154501075 261672228 663301834 201458116 913025020 566491131 300020998 779300099 515127979 524925663 199180961 826233486 550714001 188830693 613936709 586606333 150975310 963155437 575048492
10 9
387591384 172597710 937142325 762624215 958622307 95137998 219233752 620686889 937505044 896273330
18 18
777426910 450638250 892183257 842847209 154930412 897749623 134612910 804448369 990827148 149249571 962544412 229960582 510483468 710010476 386363442 930516949 563931990 633229134
16 9
301853256 451506965 723350350 369643565 366536459 738470461 699744129 472804881 473527993 231764331 473852664 802442981 28687956 413737262 15023755 611220323
2 1
594230427 774056697
3 3
179030312 364239446 319224926
11 2
81109726 70731404 405789243 908577909 778719837 410023376 993769791 920408260 320290334 794404427 570913532
10 6
167355850 855572012 904295523 459599931 846805978 923450779 586907532 429673525 759950177 488636071
6 2
428810859 744914758 593703098 10591852 364764069 692394106
19 15
836022098 329014215 648087047 383368943 356785806 199419769 854151832 210949590 56933013 802152553 547973696 402040146 358721250 469687648 748084840 107930142 72489271 356198392 794258036
7 3
984377983 339071556 549596067 412349478 849424495 11912237 205636140
19 12
827561293 306366539 119851569 454515274 859990761 460235723 841800193 185877944 398347191 527102201 837193286 897127692 198933969 888873214 908546477 684110295 298418733 405822965 617645029
16 6
938514490 970992599 641475254 651109255 598135199 190935876 684534271 990274388 640845533 455328462 217162695 939189679 236043211 742266683 736116192 641601476
17 5
410426758 658384502 519418807 342113694 734572819 109948718 250932359 669396644 558406359 953648186 565270231 986186234 699502420 950278732 513607234 495774407 825315539
20 13
946781606 746895924 481381338 626737100 95260920 624471807 949150798 414027536 483737472 660594889 460268272 667747796 565576504 995982871 215130515 381029334 517346955 964734034 831018081 863997468
4 4
730717702 89579366 979895114 70624281
10 3
68012884 190935550 169933218 281583956 218401264 225125981 987895303 1609682 674817613 686649470
14 1
19680365 492814246 970315562 169198016 84874850 435460680 411768742 911268765 530327926 150160478 294790161 338083172 259510438 882846454
17 7
507403506 471970773 543266028 266465594 396909753 194435532 287959698 161049413 846229748 601428406 948869103 134685593 894940882 823856259 53892167 369005918 946810737
7 3
442575158 683491557 120432650 511390824 998402117 823835076 255091401
2 1
489178975 821208427
18 17
962378496 152688450 626513371 505204439 620614344 377975178 732155888 924832261 22061579 715247031 201875267 730156382 783717692 561434674 931977057 350469887 547363801 634351979
7 7
305426340 470742642 277868879 233875341 118376472 152808118 700606240
9 8
486105991 722576783 121557266 381839866 989094453 345999031 478950181 525133590 1020068
17 12
625905211 817318905 75544931 404478290 440816634 468249174 900874949 879310107 753716037 288741240 132438111 580335907 629442317 526231096 269443565 706160939 901236579
10 6
411764594 29332020 968246159 209109623 758840374 700777352 811732188 961619608 243172019 802498386
15 11
760104748 960354939 386037207 434898284 875144466 28298944 584429059 901858293 237828082 383217785 525288044 171352120 980097555 526975074 286100970
19 2
644757296 5693609 965053994 133163247 437402180 62469134 349375184 600516389 953617298 243321919 140448618 940124719 773207691 138309209 309648330 526617456 376001466 557554020 880164877
7 3
413301192 939224312 243938888 473703551 204719603 724830117 378733627
7 3
880692033 579966652 143991813 487698685 658396315 19440062 386694882
1 1
338462704
10 7
418286686 926753338 317767129 805021255 918782161 473449338 336593691 511458192 195608691 894473830
4 1
189970724 592901828 247956562 801669330
2 1
665258804 466519911
12 7
758523562 786417102 87271537 54232322 383571997 737543155 853467954 833943514 325432467 464806052 731612327 822683776
10 8
156217548 715627005 996935876 968309761 790535544 181335217 199517711 585140173 366675320 181635516
8 1
702519793 294981431 35415321 412822780 910924035 703182952 463539535 905935114
8 5
628075246 156581102 270050765 517291305 305028166 796521945 694293399 313528002
8 7
45973825 114918402 379273190 346387137 51423849 245765006 606549690 658426549
16 13
865091661 304879860 792361415 941955567 815603113 977290262 21618884 630595592 606511386 628376098 167621245 784476721 119194643 177890606 705607167 378142082
18 9
590319480 360315936 425231436 56595234 302996631 75643559 544900321 82358272 570443277 292958493 31074400 786003439 940664962 971176125 185626097 911899688 477644283 421569276
12 2
622747308 369789096 243287159 664300251 631440896 172707544 26255253 95522174 487367727 304023445 439885088 330252564
15 8
759100610 925226755 900616977 330895443 782527147 4421244 666378644 365509307 653959071 658911725 558310928 91215728 248301919 576158269 407684938
18 12
532244222 438992088 717453396 710454409 493282129 76582250 783513577 882742294 692329166 473052815 960931993 850509559 841011120 593090656 300758016 274410995 655046820 535989253
4 3
344922186 907445698 183960412 555210675
15 3
105382942 416874405 746718156 159506179 837605747 312761815 49158162 850364015 710500545 592535291 223278517 636482282 631256805 191836914 991581194
20 5
408845872 796230523 104485024 857758419 603104913 1725782 147115722 457126539 857971608 351343386 573541531 139459863 344470173 876556585 28773891 873540737 98493107 483956695 78958707 277615666
4 1
322568282 392013484 728379251 202602752
6 5
978683865 972066018 548477040 894593672 447208547 993386006
3 1
604731350 694406572 572661460
7 3
581234143 751855787 707436912 705242624 176513192 673329580 250842490
13 9
576466374 265961439 578731463 997843456 494813782 638373572 579548999 589945696 511588305 959578064 39700965 457320009 893838651
4 1
319415687 508571553 79897585 585569322
6 5
420514930 201607489 581243700 391414745 676035084 981694350
3 1
861884591 425142535 820714245
2 2
350422448 956991660
12 7
128587186 144600735 849385087 536119710 710718828 156905057 933188642 87547850 946638971 111192309 193073508 309911146
9 3
369455488 646891466 879451404 831695220 252541196 126368969 525399045 658448552 312845095
6 2
709142626 337827161 20487559 51111569 770616379 498196280
4 2
13152325 597877395 354301232 241600552
13 4
96712959 282343625 698963946 304737292 784647271 512132525 948282255 307713979 787886196 876424077 339884560 393037531 595925479
12 11
736900727 461071534 557876885 166573425 818456588 663908912 897374712 446716912 379335753 602365142 715649646 399879451
17 3
917877717 56519482 996942802 154717497 774408543 962494150 609287413 816713276 601468970 337825746 111311474 184027504 310037663 174012077 748635292 511999443 969160489
13 3
898948022 900987215 193060439 959440383 414391910 127513633 747086134 956650362 100815069 110031716 629750463 820641149 591492577
14 7
980389912 577654152 720199074 954975156 55830842 850403585 384332319 482694872 964978741 72490983 193831672 448976504 127447538 139230091
2 1
250056582 59434643
1 1
306592255
13 12
951668819 64005826 402418442 659215867 647681786 237340847 390688552 60835744 281199411 442321614 838375383 170922274 290494815
7 5
415534067 857463606 184686014 872101016 403843335 140517861 425269684
1 1
729870547
5 3
402580984 504369439 582850972 647476598 121527229
19 13
944991563 682918257 645651281 421287497 356190716 383194469 44748286 656105231 382529688 957532012 191272573 665369731 175258255 274651419 248382763 79345823 408107084 612074732 429506726
2 1
60756934 258078568
9 6
361841076 398000705 460573997 180195458 178299500 432383256 654049410 77133999 683825224
7 1
591786533 335760159 39844901 241778499 667996445 313567866 790084317
18 12
22061445 213567395 338971008 737116477 795661042 232589841 203869275 935794962 308158605 376879358 535567198 228636968 991708959 642420736 586997395 436236705 81875670 997581373
20 12
262031593 593480151 796955629 414106453 787275574 801511962 13274629 73639224 580831685 366083164 720754115 491842446 223320782 133995634 453861569 185612481 38358927 679763897 730461335 692064764
17 2
101078223 625007696 389006731 661186316 259593224 456416996 128921565 619514783 211658298 247258197 202127769 468523619 860560155 420342360 12933145 68054874 975341615
19 10
116435515 475924949 901783791 295765332 850754210 490318235 647895688 261988277 737759989 293012543 69922076 46172056 992808329 83737278 735990760 17747818 558743173 283919901 54711879
6 6
902869809 48496649 25979224 180216102 596928627 387320951
12 10
353049289 409940360 613341464 810878241 870351123 200194868 676941931 188792844 384416372 902387572 528089107 780740679
12 9
224631810 466493648 427793429 63014965 938540629 675120637 775224404 880066301 759727476 694477186 56530020 313770443
20 13
402015389 513051130 692037271 466784280 151382368 234026185 585479915 42406310 455384789 482984496 724337536 1017055 683226510 676374764 45639834 505582082 742761513 635444096 192202161 861409794
2 1
348959597 677533627
8 7
655786899 983507681 592629649 69042095 398469952 117891718 13274364 680317826
3 2
368483641 488976660 756017854
9 2
594336263 835170152 905672824 990775802 754549129 301941763 481225261 812595853 148907438
17 3
952314289 198281369 356731883 529004715 273817733 243480517 740741363 723749378 217419147 626601006 570238074 556318743 602133142 304478222 744064895 101929852 803932390
14 2
560137507 483524292 493644112 573433988 692097515 530735906 300072986 960412001 27876606 763382589 833512252 876339402 245284693 195717973
12 2
353373427 618975783 941728845 961825342 770613915 569002988 237626632 319892796 234757349 269669988 724545599 186674308
6 5
48676637 768282180 347221604 110068995 764225429 815775634
1 1
25344823
9 6
757805277 587918138 902083979 693134235 117551601 656430848 906301801 868153636 928636457
17 8
825849398 873514391 119147616 368603334 124446095 710275857 338631380 573432864 508261040 187514159 933304689 556740740 984814150 505594122 143934962 98145734 564255481
12 8
987252945 42078618 391268453 209979893 886870311 37205848 533049076 476115928 382140171 989485007 618963995 260328964
15 6
177672329 580282090 382295130 405228142 35667663 383339812 609640093 870624855 684039104 516660492 231862826 82305831 394599968 341587107 823597704
18 14
786157947 73982371 66052597 255316692 217878577 463136715 4403350 449975252 133098399 752526247 343296825 239048315 424118497 439601073 237793050 422504432 717028978 741915744
17 4
262803372 408462364 243274703 548317920 879804771 914016147 896114536 724720726 309068780 790718323 750415792 741112145 988254996 821346862 510735370 627730898 627726748
14 2
365958475 88910871 544759412 435222736 491858574 64604699 482542425 930908782 271611072 464034837 906210363 245108050 299843229 712547469
8 6
499530782 160875767 362903885 996684756 502641928 788208545 449785048 602371593
8 3
250598539 360232113 267461263 762118437 963631631 561436124 801824595 445615503
4 3
690364625 644422805 5379019 845341668
5 3
732433074 537893216 66958173 758023469 533790707
12 1
126402588 217051145 192487811 208856578 604995555 279607282 567937439 450799804 431683591 514697056 410880082 972604102
4 3
675362856 621649904 609199090 466161036
5 4
802410526 269646419 119724768 567813877 398181140
5 2
749257868 221205804 895217495 588738587 823695401
10 9
860499442 278873345 321395247 903890089 977395892 239501619 997241907 44315534 230436210 432079667
3 2
24936576 546972914 559694415
17 11
928646168 916899741 923252831 267099525 316492978 771774199 136433422 691472662 235668999 382377793 648600426 453400013 545383938 259588047 268735631 881721564 304779025
2 1
211846916 740110694
20 14
515442214 885778603 911573508 459420790 582087910 451271759 73739692 148065757 764817015 771338609 145237518 778436981 216127752 77190431 733899545 849585 349281478 908750226 998464642 804771783
15 1
685599995 806589687 374968275 116208437 487136020 92699670 239776053 168594911 581535266 308296051 876840187 917056136 654012693 206202544 627779517
10 9
273415775 349997015 36480815 719132650 662277338 884903566 796617392 70904125 328168168 495711636
19 15
68892709 485252975 375287311 637269876 189407187 546689044 23309363 351740922 997092612 927779014 135382016 443843787 473803660 872365831 307994554 278549939 381772569 875187161 643572283
11 2
386256212 205039142 461176026 426298618 465567675 24129562 631053264 129127759 8362694 692759813 708222857
18 11
251203723 865142600 402784897 752249902 360422581 536217098 505740955 782249911 979481137 48750622 152958661 488401098 16875442 256850709 642823117 386776212 549695417 648909432
7 1
242418749 952161727 580282999 942261607 516061150 250129075 973417972
18 7
296764163 243871726 990390405 444004578 709969807 203853642 437081971 79520341 894360162 126698265 36649382 689246376 400928947 81323497 315826692 695467859 134749115 559585417
13 2
660953998 472573080 490533201 208819793 270043384 557765397 223937797 280919190 791971104 842459860 446163321 995958973 288165673
15 14
234489586 350848761 295485942 191490975 898756405 392259426 522246287 344498978 409491438 74336809 317128699 825216055 189632113 601732157 803416532
2 1
128171402 667386441
19 1
418766762 498513472 249708268 77261354 950172314 146988998 616496585 608156886 46388828 901053403 276274645 482640229 310136689 792108976 849723524 307669980 132718726 977360236 737336698
5 4
148679333 647679062 953436086 583129926 853165074
2 1
688781697 708887431
1 1
945564617
3 3
852187832 356637338 122110003
