128
18 14
592530196 903382263 506508846 462354218 953116157 188906252 709147232 168809062 145918867 438728940 793236179 456172373 396004520 259737424 630940369 742066286 705394580 745839496
17 6
857425542 946622147 705083501 278556346 23908290 818124057 231424067 668457180 633186355 15238799 955393804 927818514 317073102 688716961 398393140 906650050 150831814
13 10
276126154 99816616 930246887 855735220 146740773 94878816 896575486 593368217 902836974 448480381 442587777 566289335 449637106
14 2
128504906 879720336 795789608 693581494 18496977 282878053 892231249 308151628 572152876 871184270 707164954 516485666 858206900 694874382
19 6
549457538 394346746 865427932 61254173 518920013 560019151 271242234 641304624 569899826 538035247 265834922 458595154 55867110 466397730 575439501 368810732 787298211 164863784 424327217
10 1
481846166 574936702 694436255 29538344 946367248 181682117 125010764 859134903 240786301 264391818
15 2
944378142 710862086 942763590 712284266 517284928 253075395 859721261 586352048 147824132 670840196 295649326 96198535 5484380 421652892 248493744
13 4
948821085 223258271 208934765 787148041 227164146 891219186 781967058 624768093 138428353 114015129 181591941 101502300 576900871
15 15
865769235 359009819 985884862 923826792 353324695 675503629 846423499 547752912 156547945 1305183 930927238 301682225 973422410 566369739 668992621
10 1
963676788 77345396 791197861 418148873 894637802 860395551 805160063 816773225 368842973 366312448
6 3
19040454 368184807 512894166 838465436 827283404 497606144
11 8
304305481 17988151 479405552 69162943 582100698 493181569 97642215 818896072 358860732 753703807 507465656
14 2
652597734 647098686 494838837 404013768 42331053 449063465 263506778 30344402 70543448 848699482 380458623 397012510 692816333 693900165
16 6
311415538 624872810 565079282 548649527 327370345 628417276 333769934 97572685 849233795 714387872 650977713 580056281 240260175 68492605 329602991 582565644
5 1
316753459 424708063 446682967 720718163 806488104
7 1
857643794 800320632 869320138 716886637 681830315 410851611 702085595
14 12
887549140 576445231 774601310 511319913 298188023 744548336 627236575 264282106 650382949 412980386 92905701 569835610 287329195 878958656
11 3
112326063 117992556 181403525 656841787 703504888 491905625 454179620 111159666 306427233 854039732 936706071
1 1
17927197
14 10
44227157 539276310 36511731 11355578 312424976 796494438 738245085 738719473 294319402 963404402 733546052 858775184 609862710 607737066
15 3
953746679 863631793 386894499 443209888 157081675 692539129 538609521 717567956 397648862 10965284 830745551 72038651 283759437 474015552 922557408
3 2
544485656 430652921 759137384
2 1
319029554 307731611
5 1
130483192 386422556 465467001 198269861 63519705
4 3
137854566 598440794 4873800 969897191
19 2
373615724 434285468 306997859 810241054 945801853 263487295 299170517 959928050 717908164 149711328 960399256 168990427 392834630 880056679 704591600 69195796 639405898 490897160 563112659
13 5
537721122 117895930 531197133 109591441 736534680 489332953 910389394 804954090 376751598 64150879 731393356 751015279 749609730
17 3
847501112 467860005 955675228 38209088 560910392 237737407 861741668 74341444 655326696 903268336 517322756 701215401 966376838 334303848 585258011 136370232 786703979
18 17
659764706 465956243 611616269 506490832 352546562 632478894 520655357 795005555 64107689 357245494 118231740 956272332 549586238 511749416 139373884 723480337 121083281 275263553
15 6
47848267 737408720 996675739 194484631 370493618 739061155 611480710 518420760 715701199 924743351 524561559 577709081 79593186 735676489 179217353
17 11
261315661 742552192 464856021 449383336 723166508 352019156 65004494 785820866 905130496 288445951 728754959 357029526 186966168 241675296 371371502 549230182 535717680
2 1
661648845 764179025
2 2
271946200 979631664
10 5
686354582 649483059 497419237 936078685 877169376 399798242 747252874 162957662 526904020 817072770
7 6
504282668 105271735 864726773 952992524 790179646 332642175 824573742
4 1
719427687 768335853 468766672 546764288
19 6
647900583 375609800 529321350 117317966 916422005 710321995 789729071 583919586 59189643 357215542 788132230 931201704 87811015 163349831 821557861 237209255 6697647 135621457 687137453
15 8
197366254 191405881 505652775 274707381 280063449 522991066 765662660 96517833 763913853 361544384 33404233 918666379 186360807 791691713 428510904
15 2
400900469 932717608 710952400 745241493 636604723 43038398 226517153 317391769 807980996 82591336 353332750 390758726 877897042 432328164 62882984
3 2
333658252 264668718 890696365
7 7
144934220 798985559 270921640 529005484 611418730 48915079 137717768
7 4
705156573 708801390 84177416 761508658 169412005 983958321 125094071
10 4
671605416 959960398 562051792 818557311 674940150 867443327 673197402 637254916 893112709 365302057
13 12
414040717 28633044 68226100 160284874 379377234 228296568 328582528 567589374 310059602 814764722 68561738 448429973 850052649
9 8
766142845 47921040 780763994 9188637 607366229 496151481 666534976 320742444 419071990
16 8
839358609 30277320 971222582 130217071 76395282 626746943 755600740 512770992 531523654 930658521 480854012 843307984 586006521 465564898 170044581 61761534
19 16
531724336 558963704 219688540 601028457 550949884 46466956 688994457 663259550 994727899 190086531 973479683 331063606 974609269 409097903 160487149 187671870 222074484 513895640 371963210
18 9
725416794 834482157 635454837 204289494 493845973 564989875 555602984 32537241 969506318 630298785 647193967 462978698 91576494 82503054 897407409 471088526 21043758 746877782
2 1
152823710 521869044
5 4
803965619 579663780 642230474 579656134 233310278
13 11
110629879 828540270 501124558 639344115 951921734 169612063 778833318 615211703 806741504 752092245 800865038 246512301 160084705
7 3
598963902 775633515 269234628 252012800 803863214 615756081 128476313
4 1
166427306 239631456 776511970 258314528
11 7
760694023 885089372 83980226 989104027 198017212 161535663 579892948 504285039 239003248 211532857 724273132
19 7
205385853 91275220 416268036 570428661 676905636 56057174 228771337 569668732 56420909 729746482 549509875 259173014 677910649 861148607 966682597 800566195 325076851 529406430 348890320
6 3
100527311 860379194 70083448 234638234 613845599 448099637
12 7
624984737 107254964 492261438 842113567 616974886 134658167 821698169 324816531 970577316 529038725 818624095 562044070
20 6
188098947 911918979 688354672 297721985 797386947 86179755 169314606 846440156 571015394 889943078 121837930 973735230 763425140 367527000 332249887 736683461 126056428 103045933 692838047 540201714
18 8
187636877 722837636 488331933 522836332 642295061 471778312 590952009 782187242 548643832 352292504 356145840 538480869 836190571 748086756 647504936 691487180 529007952 396223580
10 4
757645454 989759390 714341804 847547531 26244945 583879733 31210704 800548967 906530945 106083889
1 1
157990857
15 8
677575541 542329165 480575814 253352997 350997392 570455342 664134590 866806369 299777289 957965547 928768320 120949566 153945066 723184393 986125308
10 10
660592069 999615323 598365615 880192860 775695006 117521090 852747879 775474904 667348538 247105679
7 3
925708473 676855958 764269073 548931490 823039750 348039711 31080566
1 1
520160363
10 6
61880891 894836506 117644780 625159010 949584156 266783343 159398978 564641501 555854809 559771177
14 8
491192327 3510319 359379857 337421857 350216224 404591473 688339851 43412251 110546170 176439989 918451617 238055672 351243379 48331409
5 5
877193115 892245401 714538984 161485701 927117101
13 2
874507213 676764000 814626487 900644121 922665311 223951428 825384651 258662570 813498653 45540203 627223307 303350696 208712014
16 2
604850751 141115399 408871264 397246679 402043596 126419027 169589303 270941349 585895552 946756881 903249224 528566215 457390355 306043407 574504047 506547676
15 10
239613339 314653378 854875705 956492439 856757802 907941310 253117672 328098026 601965294 24144031 386127061 437888707 849676864 657068032 730657556
2 2
606417371 972533542
16 4
667858014 268431048 243716437 224451084 263202909 559650581 690619325 674015444 532473775 17403280 836178848 209617317 699577399 132250152 791644847 90628839
1 1
889890540
4 4
98880377 399939501 259484090 11738256
11 7
894217095 455804874 11476587 81668381 901134041 166154131 391829090 514400661 849287526 599948857 800606008
11 2
467403099 323296868 839197585 340170726 807519309 513847818 764381936 26793469 812746769 674006719 162541281
20 9
466546229 902913458 988423243 728775352 418365396 770144317 335451592 390533701 451535298 406487594 914558824 506619591 273161427 349562926 565123901 139964596 262621309 280806021 816138356 689410492
9 7
187124425 349334694 997821159 522914420 888602176 578262532 989843414 721984301 442737988
3 1
25683943 250100630 816439230
11 6
76203825 977286379 401573605 546349373 143457090 888067893 111284566 72630715 352453614 516530487 226826873
12 9
979602184 473349468 227958851 731864772 637836461 878307169 83986990 690081871 427674525 71809187 661635298 835559603
1 1
416676065
20 17
451217357 885872483 104844824 298354708 242066043 394988394 34426714 533349329 582075055 783746596 539194650 377048381 915274680 853521029 281233085 730728266 516053171 459646144 945793382 691211403
1 1
747698523
19 2
770631285 339723963 64829616 969265910 833860201 590434558 838676001 956597334 344223836 458545294 256466494 963023407 400997341 111894834 2180453 171702004 524227911 672486618 436448530
19 18
901766104 641150690 633713507 116928436 978025372 259893538 236665934 779618266 343811770 787346398 172815450 463099134 936904657 254557521 570456627 793020724 528709492 795431019 44003074
7 3
401802404 223825012 502024213 285620452 330612273 928674834 199633744
17 1
359391775 270103801 852315935 331118814 558164877 984192196 264630502 898010916 776055545 263569364 88879561 775181381 986942063 615875747 835325897 896120320 451620623
18 10
922810664 687162195 362705058 490806832 507885433 770878128 682938592 576938917 136160145 5146271 438063421 8621538 281566185 404678922 796575019 888299600 664715395 877206265
9 5
517868817 194557782 875388254 138199428 979413625 240976551 452008887 710549097 169888385
18 11
443065759 845296604 131547429 438919753 240640672 736705784 499433875 230290140 931571358 156308290 779957160 117221024 263378403 239245502 604797998 243809747 753891945 188149653
9 1
374998556 887131940 860323986 444335452 625691087 593461493 684862389 544100358 656419135
14 9
562782598 114007279 996038343 903459115 259356300 184518813 599671367 165153892 277891614 997209745 422228688 932223093 920195485 85583554
19 5
961394218 579303199 539385872 630318438 219410672 244957194 425013476 488863571 139702811 625230271 529422186 947165102 636086863 597636835 3147847 678266016 826650140 649288877 230476654
9 7
30174285 970302606 586495021 232150999 946902077 492073982 177131161 357202045 259540246
17 7
157103462 135824117 734028232 371692199 746617092 708591270 427789137 586126567 669429505 927595622 758009873 719431773 1525811 219315641 571418717 981549368 194131496
7 1
922040934 706404350 713935358 834139718 304876327 721387252 177528745
20 13
439796024 120203911 302451646 144804680 805802178 682271096 521703535 955165620 101031912 683882129 910152499 839037081 417540622 647028551 780057030 232845156 412883842 471324563 299968876 50800269
10 9
780919670 292598893 440299222 867092171 638468182 529696080 844969390 934060338 968692391 972913715
15 7
163216245 139156315 747919550 380347003 401805912 170101024 565125309 191775577 246101731 806161287 758229156 55076402 468516497 389488790 641178266
14 14
252249186 293244920 39293501 327291528 711521031 339691993 913657939 99932785 556682045 491556090 11265512 709568052 367516962 562633597
20 16
318970958 957814345 35683700 276487584 176463792 217765111 692110198 378604665 179803550 798019371 609745253 413579226 246359088 187703224 738393254 60805577 983129534 931450317 846129424 148949259
6 1
567071474 170376404 611058965 549340525 472817097 68040330
19 11
815457389 784312216 226565499 227093668 41831369 323839150 414746126 712457465 485038221 21884197 923924864 350886493 552562363 534395601 21691946 459178295 984219613 650883417 270961772
16 12
496201574 925481813 392620922 618215635 835544290 964531698 382822573 692696706 59620916 736459247 764097027 170543890 929482097 901325666 418896662 72449908
9 5
567282302 708294569 388103294 380560769 822581138 955291944 795378631 324127865 23905346
1 1
15315676
19 10
834440208 341259076 241759595 498989957 825069888 34405274 474189322 144333677 999079746 971837901 783927038 820767140 297055541 283441021 152690755 820383934 851364346 513616486 495922785
10 10
404924655 85462235 457711534 107582520 970609852 584235273 849781009 407510363 811288868 490950760
19 9
559792029 430844087 680325885 358486171 412234033 256916774 420692634 446976024 897341661 365272678 513188557 549202750 13809183 238966636 908126617 693930770 44868327 506498510 784814694
6 1
626746724 209185706 336131773 973303456 793355846 154297651
15 13
394785927 342444623 955644080 771968023 21637635 394477404 975018841 494628262 135009910 869000208 684706393 589558247 365494549 776974251 343261751
17 8
542328223 560984407 12091574 743945521 12677831 710877921 423904684 237723876 131999778 430122471 884600424 22459283 771036574 492209340 998663683 861582540 697019889
17 9
88523000 462691878 58402015 12852983 638603068 599926610 417549597 337152381 400802791 65441888 812476880 586777809 835524135 991454669 760989664 137240927 394746780
12 9
493093781 391567773 292874037 741792875 418664609 302826434 815672733 768424686 61682533 683534964 810004612 78334199
14 8
566539378 38022269 505589368 204748414 768050017 114486930 879435094 17998116 239145822 956726601 938544978 889631613 869708202 149465921
8 8
884220957 683218611 783910763 136111083 433060435 689255118 72268472 102700454
6 4
807298801 251565566 629466258 19862511 183931293 627528552
8 2
214935849 767331333 134259411 501121976 171670661 682290954 857163576 6224690
13 7
98026976 558363271 987255497 83468901 828890487 151491284 546705483 900602150 64875734 693536885 665740059 396545847 901447830
4 1
413343212 244346724 719668766 83359654
8 7
770880005 968988810 699781351 76235076 374315105 525879471 430973889 522050500
20 20
720586277 745981845 499210919 981748248 381919303 717069392 238821294 928714561 734626340 900747856 522616015 673307636 180590703 882878255 780995043 881938216 719458763 936011537 773675888 107405940
4 2
204734850 964857981 448475087 743416795
15 2
50885508 76531646 871848579 965436583 245855400 329217542 359722053 860719999 582880321 254485751 969391859 811379827 222072417 222787788 895183536
8 5
574865477 716313615 894143457 982345839 647628384 966434261 929217698 458141316
16 7
735755355 102087035 221695578 236226374 314710513 66176793 112068397 896711938 510131056 296092159 739645935 461075695 965728950 337595911 763928435 143408334
