135
6 2
873664507 422591491 101600322 787904639 858692578 920017786
12 8
449203160 969001887 361178699 777214655 70407317 461067267 386853808 859944859 213773531 413078355 464866273 442566647
3 1
676623994 155635820 131180993
17 2
674155640 430535120 360876547 365729577 187890936 510603806 43041334 666536146 913449831 508781874 437080819 838656384 560662340 807677565 816186018 334867868 841360374
2 2
534206863 889515061
1 1
416987113
12 4
636453442 936329749 890788111 926418233 981938000 282306609 27290634 344531877 598806831 898318592 580045603 708190184
11 6
402526153 658502041 1780789 3242060 492452690 826827617 958921797 519114834 774578219 660371524 487440859
4 3
264096032 6599110 852555258 780226185
7 7
611517752 507173374 915687324 557708451 496148134 545291909 144137392
7 6
635923201 975726938 476578168 599259441 857260853 117839931 195663235
15 2
520398035 137377151 531527751 300643592 397442809 784365829 58349289 276994757 79813771 616278485 552109319 704802822 528245317 22369801 629283592
2 2
245005916 43533025
14 13
791977354 889495172 280737442 726610414 539691237 89391061 141137936 371980769 589016355 904811913 362866858 734543998 565786999 391783392
18 11
999532322 308121150 994786956 35792708 187357044 938292736 622947777 833388438 267531602 722404762 349921058 574854432 735925854 375385563 804990672 69983454 383409548 342438260
5 5
815343910 962432898 147178256 61231314 646163186
12 12
629136302 237388464 38287473 200278769 9953366 857748874 574538367 687068691 182469006 267054152 302161514 915721503
7 7
635028114 727597384 317001834 143184391 650531565 589909571 636576570
14 10
206660490 494545927 804252897 7767306 8317909 612402831 388650817 174980157 366689855 505896517 625719356 591703636 983987607 168663082
5 1
473983370 470085469 455272631 917639470 732200615
3 2
59686819 968830845 258935190
19 13
783184538 93929884 909238640 163219352 413661415 702944457 769547070 194859071 601232828 750634406 780770049 467586776 739635101 545213865 169849119 270762015 370044120 517390934 841498751
7 3
776016858 742017501 403792488 392886396 500873679 495071006 694416910
5 2
12279031 650035643 904342700 935675961 656293877
12 6
447420040 601600166 317414767 144944036 829326519 464414558 467770820 31568216 964803509 179445111 417045140 364102605
10 8
247045883 852040057 824414492 210957922 510786888 496627858 46909110 994762846 182290327 672069456
2 2
502787784 473624279
9 1
281121865 486917824 258618282 22260394 142188504 589527728 519501995 554919433 506342531
17 2
900531161 597998456 282412497 507674935 359091501 76393712 435129911 57663822 484708421 316833480 504819638 884783436 953224099 502973282 158058059 151488909 86849756
11 6
56431574 535002741 194718476 157510539 107395635 404639058 635711343 51223956 500207983 392435952 308110492
11 9
808990749 779550459 535015747 782280713 574569128 314410657 949985191 161395200 948399613 673007112 584786931
12 11
814677982 175316704 851803142 473143771 818266068 98605545 99249687 157104376 505935915 416768510 883723066 115644451
7 3
401117390 818338575 367831201 311626021 329459937 361473541 88523580
6 5
558828031 775903711 386464363 62524828 442150028 622825514
5 4
950716650 543620545 111979296 491013408 195126947
17 13
376227475 38347647 619953533 878922331 305490016 18804608 84424475 332021430 724809800 86260024 191879775 99886898 772854452 434578603 522590127 169528219 616847882
5 3
835814168 679729957 434244677 816189375 297058410
11 3
195510308 779997949 20061202 903517070 588055471 336839867 780951191 633125339 320293602 135149648 361665451
18 1
101955934 191336181 112905232 598352522 215768480 527724853 875255853 21071013 786249430 185319006 336956134 722799875 491657103 504307435 417758822 563504949 837820010 212338607
18 16
241061757 119028962 320519031 39029384 144748493 133835709 247332714 504978459 785842649 668477984 160276891 178940651 270675997 470194061 314036983 74708099 300800082 409211864
14 14
191442721 701105807 853706 804042282 752249629 352223873 651152061 283979082 718330132 378332466 685768109 292689360 102007831 186835387
7 4
530238034 7351402 934011668 317534357 736517117 963979789 305095415
7 6
412631426 306132993 485064542 952367160 996904129 908612519 309882270
13 3
472784096 817968494 44977684 521297307 385118881 509828738 743401478 908590455 137673123 779914159 809970285 869828325 11776844
12 8
463301695 467677445 14172544 489459861 146963590 786322117 113666078 701570226 819657552 626644480 290638003 34085810
2 1
490718696 745296025
15 4
596728179 623762280 238988360 775634620 799241490 720475449 251220514 626189017 287139429 697347977 919378890 571798698 779296164 218665927 810300380
10 5
724421584 43123705 92846287 312282492 173563548 348583515 254206227 888390430 212845352 381702512
20 13
21946692 599356783 708237477 187947291 652463852 749559042 767656266 239088112 599856179 199014068 345199957 275993132 954440461 681096408 431595134 34838472 838776333 659070943 779984646 403449902
2 2
441308167 665020082
6 2
650219708 405079121 257953685 192239850 494543625 666599840
13 6
888732175 221065064 822899949 67803378 590738617 796332903 759117369 446396125 587058938 537753920 740897624 561258026 503471071
17 6
631049004 323381354 122646680 770749604 302655659 748959622 898251879 595071590 597660917 495722664 98616546 619904180 227795200 291155914 139443060 313942401 225287887
2 2
521754009 821541788
3 2
210752699 964121727 823727501
20 4
760241949 903097110 103546912 243198260 237213252 989344692 245388741 585508404 683573935 903535491 23121233 648611313 524274503 948198891 653999785 940086850 356345319 421646685 626200205 835299998
8 2
47501984 72668070 108787657 107858882 813791899 908250284 13482549 34628032
6 3
120105040 980280264 839601910 105044052 245705263 512045685
2 2
821041603 415138277
4 3
136656566 867833049 820885265 206799928
5 5
667287274 168358998 969966230 313395760 7201606
1 1
598917914
7 1
733949328 67941500 956690068 773976686 115019363 875916910 162578776
10 5
242696405 916930205 655180016 658739857 823600535 879679345 947317949 588588035 274687201 675780059
6 6
735279762 362735061 497584999 438002709 700014665 427828441
19 11
796340622 339868016 730725614 324916410 358361805 823258819 278290989 624800260 248748613 465063171 189462586 653761915 250481115 83374483 423100763 3236631 188650806 126840890 602493787
6 1
136880343 442045274 594742984 909949636 483963935 599835758
3 2
77431216 893157355 675192425
12 6
364766479 739995130 503011627 883630851 76381101 493250428 140218013 903517517 646483807 383593224 47118502 697112333
10 6
337321986 956668567 285246462 559543774 920454016 290706404 951926569 413221241 892745309 867247815
10 3
950147973 274054941 410268064 279750844 215992575 703189796 202375529 15147329 359485240 694173059
13 8
950558516 599284331 623265948 415643840 950331641 731761245 995298008 187502735 167344362 315661284 709352339 256778307 116538983
10 9
116246285 211539535 315765503 356734772 145476143 544349696 8023257 199261982 958365034 851727328
14 9
335538292 472957155 261224122 672003480 46939162 125039507 849606143 943128276 763149802 76970113 435282187 67174518 341546209 481675758
13 7
603160501 604038265 171621406 469963160 983021195 140938048 971924708 545022347 824835332 51724860 249950128 158793245 66085387
14 4
608755856 432639316 940044812 885792261 643740930 314268196 622926765 899528041 1270466 920125361 199555611 335607782 828089979 171548304
2 1
248381531 13786000
19 19
632895301 101092693 438375078 902100403 659603160 68740985 79252157 271650796 654349503 363229889 903863202 102670515 513648816 989941402 278665233 571664130 7574353 17240499 950227440
2 1
306677603 149952848
7 7
534125651 271777604 443010140 725260341 909485073 760019966 685592090
6 6
476628595 993568033 266173422 69669809 142670104 152695690
16 10
13969804 940077279 138635270 976441157 309861635 555754699 178693757 855118277 662706716 132561078 592330967 161462186 289254610 833718425 344223041 356493128
19 12
596255053 569544558 49743045 302286921 82233734 913846749 88079347 48256765 225313024 944481582 469660219 866070808 337187919 956603029 619288292 504789397 387057626 365066828 820283497
18 13
784689568 8112743 592953848 923781247 889469480 731885914 444764648 794739314 828236383 65949140 788283210 956451786 318818973 34233077 297910955 716559355 354439196 284960807
18 2
398435909 498062989 129031889 252870351 297934895 296211129 534653440 342278575 775097368 61398171 836784010 647858004 957699293 934809665 822019251 641082750 42451754 675311639
19 8
894399438 509589707 361404043 904987052 682234476 893753319 555464017 742042327 670054969 447009966 338094266 851366702 978843666 499592477 94225112 11517173 612619555 869623865 960842669
19 8
244156563 282033812 523505237 566053959 195333448 233394644 238327738 35157891 123298113 268994694 401873814 691079340 778848087 256537535 708822787 572974821 479987723 993733958 659317901
12 5
752154057 41714679 721845679 7857019 680406354 524229214 328330287 343923977 879001256 369213543 954904462 473987270
19 1
986687944 34911944 305216623 522937025 522029385 634902380 174035043 270292240 938197881 640377483 2128071 274746394 662424557 24563183 934138636 539721802 233623684 758510435 418687852
7 7
562143101 851401637 546356281 559500364 233908447 11387846 385657509
16 7
808241257 221318966 125189976 744310383 596737940 488701898 941726548 309295191 661053488 319051953 739163232 180770278 200984769 403163443 647749769 510533720
2 2
61056772 504847021
20 12
519606992 827591559 990253163 50737152 216108674 257125866 491994730 494368406 161564124 52260692 758630038 343801052 533858428 270839700 866361856 541264741 812714763 423520631 144044778 802318254
3 1
857709910 808713091 414747307
19 10
470010767 734539829 774473132 208638931 94061738 901440412 830616543 506729754 221546715 631889453 865815229 462048477 330840080 816427654 76431496 17195824 442192088 347876279 294375483
2 1
367117950 164878520
20 17
456913467 262925372 261495446 563327598 405193659 363028222 927269724 296693525 463660016 598988793 50874740 434051861 263596955 888710215 578779813 137167919 361848688 49059353 322242628 194245907
12 7
787628441 17417474 410277736 562830937 107683557 683062138 611776031 346010503 448065550 816062234 206435833 856590994
19 16
833018207 578974197 466079145 62395865 190150221 608135083 861369521 167073231 850978445 551863586 198390818 261918851 464313311 614611197 592926429 243473247 553913448 124027535 900342100
19 17
187743412 143284590 125600493 285024532 850458279 879775788 540687095 713536834 357023984 570331382 704527237 995055233 241789964 661281898 280285076 642666978 7807004 408123931 564427201
15 6
752981886 591021624 277198392 396740388 959515037 49703905 46627571 981235512 587700383 469488347 261392763 24668988 329409321 605691482 75429850
1 1
54037471
20 11
688042971 5954525 953413748 468687552 777694787 872262048 36893627 189524061 28507609 325516026 882545290 834598914 238141172 450951813 911237642 634101220 383591652 637713374 330785210 204568377
12 5
505131610 990269503 840572461 147460596 406968598 796423069 150908341 215961704 759228559 453892151 144025975 593148373
2 1
579383985 633530562
20 4
759996368 338486223 121131452 498921201 578407340 382689713 838455155 967590473 480494727 121915198 936761034 606668241 864897710 891191216 937681101 482095691 198680427 552345751 549514278 426277134
13 1
509456312 282650466 119348388 844660568 921304001 471298372 214291258 619225136 219451841 122992067 295160343 993159767 751164672
18 6
978917306 973761565 595380711 176072677 906370485 146167045 865983451 759826881 24124698 228284944 970581309 921580298 711833430 920832564 553537836 605739087 391795999 579696060
18 9
464060465 362006433 667784322 148204974 160567994 435457192 133694571 222622100 136970155 785968370 782466246 816845298 173518675 792055297 870636577 614400304 37637085 50113910
4 3
255731917 405147428 950912611 382907062
4 3
577954993 653430218 65917529 352361979
10 9
922539537 282793173 518024629 148239828 417204209 792936216 602224185 997602971 240688502 270092510
7 4
392136099 940481299 586472623 804376033 965179063 153162750 246209619
19 8
252891366 698276433 692507266 639140355 332374198 632722748 841920866 999692174 318538570 839860926 796713941 801214703 31934353 969300439 604705736 752182260 183256725 766280812 537950214
18 12
26204719 842988139 321080955 36050690 523529290 140652056 214281502 411568811 35874637 699245974 839117519 197175168 108791487 392136312 878570536 226793599 130722929 723234395
5 4
596904383 466265929 100643774 366838893 732933944
20 9
198040772 625021908 210364867 363856933 784798161 287982977 858934769 404255249 683900845 360111956 806746838 315572557 371737789 7339242 14576226 950540800 411606585 393224826 824815924 205944089
8 3
338483189 632301806 308522384 648565608 824876852 236287171 530445681 718859121
4 4
59466272 896111160 584652626 199502926
9 6
149001133 550796211 722818021 300802427 486430434 635306115 356804499 145607308 977772620
8 8
533896551 16523259 753587560 358774248 502212312 576496154 169395412 436621097
18 16
43196551 536811734 51794725 932740617 770055019 348864453 257635611 701750697 209608944 484164835 674862757 582351596 242659025 469136160 677340547 374519080 180199486 279554416
4 2
598285555 851496601 629036081 965413238
3 2
397821792 916070356 976852724
13 2
445577006 969146215 410732110 880738743 42820264 276597287 749107049 432597563 983973627 509502698 7693961 644285682 535229030
5 4
133430584 652322298 561439853 103412422 849348486
9 3
249191510 541636847 400271820 185491655 769404307 338857612 940126556 911154521 562259864
10 8
35600475 342820272 118713121 294560934 460517756 436318960 648116450 989353473 79571566 514989067
1 1
733220943
13 13
826645836 304475343 408681104 119614002 54746001 347317834 450212932 569811813 190916029 712467680 382875771 405830298 607455334
9 3
281885644 130822333 741462842 146198710 70535693 717841084 309897906 667616321 581832845
10 7
8685523 765504804 101626092 898531556 339648739 555076316 368421220 276277489 545255519 842292501
12 4
704864904 542843469 920022846 123285713 992522136 163094796 285345075 835591385 110449787 599240723 520539596 315718394
8 5
3453682 532813492 262275998 326549466 795974814 479398495 28550587 808030974
14 6
154711198 430319217 508156031 695225530 467790027 397007682 192799676 195374983 594269255 398479127 254968940 157447686 110528177 15168110
