158
19 10
541945778 284077884 116793313 531022338 852840318 413097225 344432670 90540295 369625227 908516701 481361148 970511970 626896445 460583339 888328848 539767757 656978358 819573416 600266468
2 1
40701682 271908543
12 12
390133406 732858647 759634978 155885078 838682162 677850718 755029078 325297008 582729631 758697461 325692913 660149001
17 16
961984161 935541734 445336244 517568471 375984638 480091685 183105835 182065397 940745737 556401116 387774158 576096940 514647473 834726349 215694435 634868321 134338357
20 20
85030842 105255194 974242024 599564241 143881395 391646817 946475474 182644735 473961187 573685965 772731848 725709140 472060401 79195784 672101079 3843111 603929622 574049317 318891029 199231746
17 7
672635348 878959707 553764722 402802762 212473125 658280919 797860599 832754105 516437352 96269919 324309956 54464465 67433773 273386155 346433385 20439018 359669813
4 3
133240943 474588990 394295809 460668700
4 2
320384515 133991182 920480025 550239619
19 8
563394759 256905397 88427043 225830805 211471465 844082798 66051724 806016897 101967644 988426529 629278116 185321831 791117013 18276067 860380477 297528505 156607428 851581758 340367718
14 1
802710145 76095527 110060990 574253820 695247023 508982331 430300921 564955414 557101598 11062409 528435314 205184886 137252439 389067747
3 2
172776222 767635281 660243593
12 9
703963274 214911879 445765593 317103947 847316336 67858867 525093984 537790444 558264769 175209753 412945812 117796020
20 8
410268693 937465646 627641678 383112752 156793707 667187500 508894980 291343081 273966902 818470521 285426709 121348521 678058070 686285686 14150111 314200996 688098462 678102992 628679310 281678682
5 1
822610136 506071234 951106072 691802019 548795061
6 3
85507602 862403240 788715800 521994483 955092629 989310058
3 3
79457956 468066421 654916454
2 1
300956081 593126692
9 6
155309605 153899422 968332674 199228534 507282270 638362834 382218661 733181329 453750740
2 2
998125829 379899523
10 3
219389714 708544951 595481996 210551235 252522134 633819884 199107449 724157242 913599753 550600796
13 10
384831982 405308956 659973480 189638662 911572973 826092424 946972419 346027440 579178004 308964453 185196518 340595761 186058214
16 16
232387613 99983347 739183290 238633828 959305818 972065687 809781714 610322238 61246394 357298436 851263083 160770931 525917585 561666577 763412907 984461640
19 6
210521449 287632753 170198871 485449836 18726438 566543355 38927054 551089430 807260614 544463584 473013149 735233289 665752624 911976490 203558807 897012078 927013126 8759582 32355347
3 3
974633768 269666295 831711654
4 2
419824137 182201166 304496996 737327414
11 1
54211087 255833059 27840879 906288012 488854922 517095554 925903176 498610538 129485774 222941354 261665962
5 5
327893882 204787374 476984680 697518399 842927757
6 2
57804484 641349416 276854542 357791619 45771651 179377461
13 8
837170089 189112869 619227367 433093014 75404013 940085485 916738703 137798374 709879108 692224349 675156728 909571829 844620061
11 8
352707167 768626287 804717581 333554158 855975772 407637266 316594862 411299644 455904651 577757475 150551693
4 4
357786452 398728811 851898378 25670092
15 15
863086555 856321810 182880792 920768272 171443578 195647830 563487525 895567179 65097297 522497933 163490228 610400466 48199378 77051114 190140913
5 2
434952594 814563325 407914169 866300113 269384125
12 8
809288049 581383408 654846510 569197351 782535015 338055229 605388128 508818269 989157513 693042222 913502660 31383817
2 2
271769553 535833432
10 7
89839449 284259274 41518266 637008295 550809080 21232177 50547461 437751030 893926680 599175819
3 3
864749363 795014652 13471067
17 2
159560358 956252902 613406007 974353594 717835142 723213183 255514858 37150484 183985737 326388167 743341336 555491580 10475955 818232887 10098558 862891778 491744873
15 11
572565161 150931891 210283505 450992986 615475853 691129349 226066937 876233249 869578432 857930186 819398648 24088976 827820165 189098542 157179168
9 1
290921834 71220506 91641421 617926740 827064037 421624963 497198674 78899110 187117506
6 2
748626744 963395480 849397775 133065731 944088191 994171812
8 8
554784618 21172859 904375024 358574301 137719779 596152786 125075065 134184064
14 10
707772393 818011808 909427690 949928826 144651229 549674642 996117788 146446154 991267415 730466705 718367152 312135385 773765629 401328851
16 4
97856966 286269471 229448635 134781862 456276122 332606 667311617 837991606 268973350 590986269 550777253 391979500 502105843 457827213 515767494 852573719
1 1
852452666
13 11
238256676 674955916 810387317 45590407 139824401 454119383 507355578 519267674 583670744 960940768 957725265 254117276 517556511
1 1
277294319
11 4
370177689 963341871 545468701 570095663 658017296 123049917 519361400 875720469 244419792 286695026 532710877
6 3
570226719 930007482 114116489 511262575 887437625 204783051
19 5
123267719 556439222 395493696 924384458 469364241 452925724 667312998 880033350 918754701 62623691 833376511 992652067 714214236 228879764 155050298 959663332 40088653 90294096 190735072
1 1
741101081
19 5
257162753 842837233 439224577 486354950 675175022 342757946 273537828 827321010 76970528 413556029 119685276 236497126 67965441 757387135 224707807 122598800 204415617 665125417 289025527
12 8
694656976 118626459 954660077 227671324 735156680 578553847 298738339 528817501 845360639 517291918 804979815 501693263
8 2
143806373 746389503 41727433 789868934 266315639 896852611 167935515 984322470
8 1
299032856 781474399 869836614 680051738 590761819 730928201 182852800 340831251
11 7
331834211 933856069 723880921 837913572 113681381 928065650 977054818 208801037 88064584 203426324 505443402
13 11
492384161 633252619 665895888 536660385 574862580 297939002 191621060 777789767 101746356 499175362 531673450 632957506 450349670
19 4
398101712 524157689 476284888 470768203 748197229 681806133 528093732 928647461 511398547 267356271 89152616 158390378 279496086 114393905 636308221 990126045 419200392 188429240 122262251
11 8
381942156 478403253 272030924 303798325 999416681 640792246 153760340 130945389 515944529 315200203 778897534
1 1
580425818
10 1
72673741 579931594 954288865 528697543 640840806 272633055 215422399 874411902 361885038 436272652
20 13
928152527 580914486 399604510 526846696 757832615 916375374 62601204 29431435 581099611 610730345 954667710 363372360 490897542 900533831 848379800 12530782 907562189 130365748 100400084 940262572
17 13
161331138 312766475 966745711 248160417 536004263 433789114 37114561 761551862 212909912 809842 797142900 781828174 12687832 83755105 727450702 598044599 73242998
17 14
384407228 775982064 411690514 785776466 355367839 398395352 1641869 394070483 627266980 234386530 858219508 882540450 97663422 307231162 181771809 523059897 393457764
9 8
391240781 633438650 273284755 632926974 248013962 778969103 750428248 506783898 801195626
8 3
923206066 429657185 881274658 339766406 329915234 538783346 156933999 481694023
2 2
169121572 741188087
9 6
675952416 540476318 227685234 174354143 54847695 457043024 852926436 418858670 326445620
7 1
971478088 150233638 703335943 668684412 160245976 23753099 784344472
16 4
413880851 681101850 782383383 405050732 606956845 865340877 2530122 701358565 180179009 195842515 470336238 335214876 776565984 556170442 817921010 721479846
12 2
830456014 361328512 575463539 700483493 150878618 203475501 511534245 15205817 789470692 376418510 444134482 755235749
12 10
75246434 196404912 831901937 432074523 415470838 795203884 312895013 782335806 39670287 79955986 818740926 783442373
8 7
537381367 274881285 703323973 502164976 762564668 872342270 922249740 176238830
7 6
32274582 200797032 545891023 307946435 257094274 513086495 439838395
12 9
255761319 885638489 574151979 568839097 68588280 48253801 641328400 88479791 119401024 266712206 562354810 992511406
15 2
346852741 941023164 431014119 602647865 849336529 506649815 569939612 352606162 140756460 557857574 219694906 544744922 327840533 559668191 505556982
20 11
132815235 540100775 37813519 173644206 91747010 880373573 849711009 113314435 61294765 445985824 586311922 991854785 14731258 46638474 63264603 141919306 252439083 278645537 192478173 708746063
20 1
829011709 985587350 87581525 415833554 20283895 395124470 623528400 13552603 201680878 796681099 646933062 338485872 702994649 170199480 612345672 313340081 531472989 780493217 927466689 521354429
10 9
752975744 996689771 286111506 437011041 157235608 610738789 143543143 545269185 932194974 355437366
1 1
727717324
4 1
162186697 743139029 614617919 630873179
11 9
12268807 214806328 60649801 433288234 731341624 860501039 154163945 290521130 40539507 574500131 106056785
11 4
41359593 171021057 115907248 170987110 730941073 20351149 76123493 429582050 1683877 875874719 949467215
8 7
321633274 925898978 181152204 393909382 255861259 709179135 699025249 585357970
11 1
998081602 613915336 414709641 291947637 897428483 459316602 5507593 146168646 944073453 666043887 624890629
3 3
916868300 292288190 262188625
15 8
250274709 526985132 788319576 925060345 988073791 711358613 928723095 146770484 196098612 25996412 99997782 270181413 320198370 245712265 247775704
8 7
113381059 330995632 213398707 427519596 382705804 250859934 538317042 569826169
20 10
144899852 934827617 24505338 41326609 269814021 802325997 367761483 993146393 428239603 172206719 462997754 781415152 656742238 420900860 845838349 472968098 264572853 835174634 84972939 203948722
20 13
866046045 858706011 120029898 251001501 837734042 383777075 191616564 165883516 216471697 840406419 629633183 499025232 592654732 410490885 926120022 496561011 298545659 459878079 190579185 204429519
7 1
933835280 26911248 822164911 222240721 784018923 262362090 417036404
5 2
672968913 349314375 153194418 62742477 449605963
17 14
276011862 661559043 874598555 2513368 921138900 884879387 610129798 179668124 970326414 748205680 505878247 961325839 328046866 137019437 260078122 546986346 657541001
8 6
688566230 840109789 715044776 549852990 537588228 932266007 390268931 261708239
12 6
3342367 770849340 328847489 721386030 793739125 597337922 83681626 311892084 388326580 233146771 590251814 511762671
18 13
928435497 819192032 270593768 168745305 385383059 209744988 499902959 258066036 218480429 654102053 329311304 259253874 576157676 47611950 579007039 239193308 529910409 966143518
1 1
144185246
19 13
244835623 860245346 507932688 328549831 867094529 989376484 6297430 868789378 321633844 876484740 245880069 717097393 466200010 192943466 355363197 8521365 867096664 259440353 242490089
1 1
460011500
1 1
913386554
19 11
867862431 784940385 647247846 31154110 244307515 883760392 885953592 931997289 166660973 59888105 119591334 452915005 705365972 980174845 788222389 234139703 448060879 422734434 899163935
19 11
34946727 656026784 199706143 737192596 470147711 276522035 247437246 499564006 109472517 488076842 717419306 53151979 470578361 396865208 692656867 699355047 399803915 721322488 85408135
8 7
674008623 123475724 968633945 748180869 829470824 481489457 350316005 869339268
10 4
125143375 360181020 625504187 791358848 797231884 179117448 648840396 188555833 45574549 411354445
18 13
835184706 747373860 889607954 916805719 435732172 297448255 95850843 953457840 288808830 180795439 67434596 779555296 877572773 908809347 99589294 146656981 406191145 766341758
15 4
9868416 346415165 344224431 666671708 78519883 343528195 604825810 355365037 56048309 878497506 620794830 323333898 56832334 192954914 314034495
13 12
454332348 239059538 461586938 307114510 790946027 937372689 716771589 642563242 848818715 843406929 361880545 242870551 207153389
2 1
890849307 987360761
17 9
871759151 280049806 254244964 652922550 749799879 187829839 325941518 747067037 374674221 543321629 242906354 778242772 109061028 277219083 992671298 332517106 269152669
7 2
411712556 308715930 713238252 216086296 736017729 42965804 56438387
17 2
817112839 155464120 3400595 115347861 110693146 412059961 288879570 372256308 311985605 451086120 694978324 276632711 817857727 404736503 380283883 257334764 67897477
4 1
645001554 317527193 615301450 849632381
9 1
104086702 421056342 504196769 197962908 173795302 126233407 168764283 111987789 146472961
2 2
431331539 854832594
5 1
267021276 715945782 278669525 125588740 137708459
3 2
227516123 126536737 840256492
4 1
308031767 829518660 107115904 450248831
10 4
876311202 865244143 45313024 451424264 620520503 982932693 793807363 269924740 421793501 895184477
4 1
192881458 162093916 434587043 304602772
6 1
10322657 681811851 420439458 450906005 503413452 409880030
19 5
412595567 732072273 764814795 794723785 527704534 11098687 708532202 19630712 131805363 757155673 523777468 379210108 453089559 24950376 397944185 310098544 738153915 322052659 492893467
13 5
731891559 720460134 40910855 49634605 219112300 680465623 87667041 567696758 399491861 879837117 453996078 26018241 167584228
15 5
667561563 586750059 152415639 261172801 215999036 161081595 811691966 519524906 346930479 936637615 102417252 830369755 415839429 61513836 45651959
9 4
93780954 931835352 65327004 16931249 383028583 232905047 971377368 700110738 451338087
5 1
873911230 583751993 404604144 133818888 688573486
13 10
715633635 369419759 696951790 800180354 506518538 787019961 969763689 79323266 593090607 846827504 607900579 585923338 227503414
3 3
392091246 107358735 411651539
14 13
653950396 733929989 607428314 963072384 294291907 555441425 369364636 328490040 352829258 665055769 245676849 192765819 97993341 33425707
5 2
243824378 959733497 873865174 954917319 734061225
19 1
857766818 319313607 225214410 805531761 445636790 882801346 217844217 414066510 699719484 881739697 116765944 322850086 705812046 38239841 77120372 207461984 601220029 523216975 77975096
17 10
996394481 214350047 241825432 727498041 818652823 356417122 223062488 467041545 740052303 976463084 659913505 496462005 530112310 6233057 867082537 80473824 546309059
8 8
294005999 46558273 497664308 735668046 469242537 255059972 666979444 797315059
18 15
835857473 956018113 993829301 238330575 945288820 598403393 131590213 629664009 817980487 421951926 392119647 223228395 582669869 932564758 39927658 837096566 355428267 884772097
17 12
29293256 170263433 714563682 776516279 185623581 63004428 159423071 245830375 844473231 99403395 146262925 654670388 219184503 245826800 279737012 991213614 169135298
7 7
779078882 249692123 273857276 428318646 621917221 836736274 426767619
13 8
280643815 969110844 309702101 736077098 657106128 698982471 452754358 334758723 576574700 819357076 941658692 983715390 38351021
10 10
22286726 927102196 401584538 720638453 842166357 166829390 556926099 91427699 235880197 786757782
8 6
398882326 811637705 298979414 219535294 41359964 320667322 765453924 693556385
9 8
734781695 113828655 886044536 977739862 337321005 334942261 330994063 788570516 660329820
11 1
783783894 738340962 374765353 562432924 737132804 214463926 815312337 3578334 848748790 720318154 374427350
20 3
473263891 28067299 857842601 596593880 143727596 80522380 392211360 986519010 878972434 809926472 858807325 589664379 440469481 221007984 446687659 294280146 199188854 640418264 795292081 966542272
1 1
644960133
19 11
895027890 225808868 525714255 534500218 905880838 887966793 143129585 997406661 950330671 534119052 527605370 170977899 257402833 86229104 667718035 932639675 314072274 671690022 384477399
3 2
386340722 365567340 952711492
5 2
49685682 773059879 65913877 467296039 468756677
8 8
12244931 258989242 421715832 213011548 760304853 659794912 446906900 966061714
9 5
203177024 782717725 404201042 521854642 771240337 485410971 639046400 744565976 554450680
9 1
555103407 215527601 249517934 790786353 993100896 112804351 414163678 872455058 420546523
18 11
601162493 688780891 901481307 272641661 27027906 919390888 807307400 765205655 578589674 621453065 325071503 856992849 345868851 516271764 71886048 70574291 138560089 523398836
4 3
337343970 377735984 656447199 423798459
9 8
77267093 34211083 86217203 290375875 788283194 808001942 112091092 289579145 295020883
10 7
27896913 688603413 115441425 689111483 414918262 373476475 879886378 685671017 254976674 558942010
6 1
779068215 688792779 56700106 801957259 768346198 882827716
19 17
994090941 374519734 996614057 554820254 104086274 895496982 600617222 473155819 912536540 958992021 837785102 863451365 28788213 184395308 290185733 207111137 850616477 811058211 676081271
1 1
469012093
12 10
394242566 402002093 804756006 594877960 85976804 973550434 507560822 771708271 577355216 930561442 705011578 652168530
1 1
492062010
8 2
288847113 311578361 62645316 980212208 132557160 804754121 666126713 352916327
