16
10 10
771052770 409311008 517314386 741838006 338155716 255034457 672842792 985691710 413287595 910188432
13 6
617572585 807084984 912658658 16815343 700386625 792801446 900469247 561879906 907408202 65808722 367374754 179684412 796957004
9 9
665706742 547014760 426392269 622051785 350268398 468074909 281614880 807907032 630057009
19 10
257966069 754885599 305923169 244380181 650971267 284411623 784538752 785110040 1965447 937471443 883838847 429711070 120729689 133224714 616513221 445072943 823395453 240620940 964618167
16 2
243148496 19690440 215583096 441759675 191561516 997342820 774567628 290800898 711705162 12411734 122904279 15174824 69064211 842066645 943063555 813065769
12 5
66373394 319586903 48324317 36990689 564074232 640831344 892054873 242552148 810009557 6218882 992430838 221237822
9 8
854839908 862160672 578705895 950497299 315989056 426924201 958966036 458964310 332761442
13 2
383334347 904007379 796627755 909911852 628915337 480971961 773308974 186443319 443378679 749354892 350014041 600310078 716175537
3 1
779858339 45933290 451307270
11 9
188933425 348153752 930277324 758297458 282235249 756890137 725427940 928094632 739597553 490946861 852196977
4 4
367119654 804919566 169801928 738390823
10 4
414746396 70887342 766135142 767567572 722898138 414797017 400423207 985379279 589153779 53036407
16 14
198953528 617177298 913102041 808149901 657556743 560625050 616917436 758293585 46088974 612422126 284135881 416828484 814088024 956246924 72949940 83349530
1 1
88377712
11 10
125358859 465032738 223837172 79244304 75517548 272868528 896687212 961347084 468029805 24963510 262950951
12 11
78289938 598261868 164985470 628932390 716087706 522476764 392483388 752930714 785180401 91818265 613520307 642151961
