54
17 12
590571558 821090719 950056794 251427169 820689629 313916247 581264291 609845159 801201960 956378921 41532581 701637470 922301986 656156571 360724070 126860221 251254057
11 6
107146211 927366483 306211426 860045956 650049092 33443556 652115209 150550046 642691251 487506992 459269157
3 2
5722100 616152144 454169473
8 6
575395101 517567521 471841312 104773279 275652658 669950827 420246415 984975215
6 4
563410783 306134231 476655437 897646681 623534335 25756635
2 1
851380227 314152397
2 2
32167648 765544167
1 1
41663597
13 8
607755795 881201307 414705719 466790573 382682763 975129098 214111303 903231238 87268778 690468926 52016658 706580854 142788037
4 2
685743367 656447978 385698854 831544715
13 12
390764163 968324846 764202880 17700653 1277067 598448868 234976810 957857474 447619504 979165245 940920838 199767430 222405070
18 15
144875785 391187315 142906852 362549308 173691902 382942307 125457713 123006330 328669153 723945570 933601248 567911021 356927162 281558593 779495295 542811844 215506017 890966630
10 2
982408919 51326221 438094996 708518688 430428642 123826935 520752713 226352611 844718752 729146875
17 10
264331172 609906224 641290357 483920319 483313394 952966919 300949772 632220963 312705967 636159544 358455678 230593473 953761690 828273739 971624605 460695305 710426871
4 4
408331791 111735261 616638011 759083638
8 1
640548870 55113471 297166037 50579016 98443419 356380955 718371344 775486907
6 4
259946037 100824362 368359454 391546921 333769722 502856640
18 8
280298806 223171959 14717431 951277733 35506925 258449869 162818522 106336573 230966599 158973147 437503168 424751407 556725829 23913587 482605559 367729575 193959149 869947408
15 7
79805384 452843428 666814262 789063226 664297147 764023837 46896940 40073181 227099211 664942632 525738579 504444282 92752870 555003113 400598100
18 2
39852082 108766174 61121966 864309590 434959923 122501415 214014772 969855206 57902413 676694313 121650751 123739925 181329458 426651375 962933861 508809060 853335276 160580773
18 4
385192599 393017730 897972718 950985306 796828280 361461803 947344173 835501547 459325323 250344016 875712650 217350520 728700552 721621164 714565700 239005343 167709099 371418192
5 4
380893520 120049630 291338407 244253849 15141140
11 5
983912298 219942710 911332605 994923087 729867034 555926287 910577462 456359334 145520703 470107669 619035537
12 4
410240671 267329001 852197269 881785037 217352334 162773591 699780372 684682777 759911387 973858396 815948479 472817646
7 3
933409283 371642384 122108536 37030513 554568419 363563652 353815630
3 3
17526674 577193404 264612056
17 12
233024381 351394549 701737870 9520371 617047477 824600355 833446960 893720368 30783182 340854325 568897764 766419912 348850702 745897555 692692237 262176131 945344569
10 10
41328750 47370782 840254664 500136942 174082912 902858371 228181718 752418549 857254739 99767260
15 13
617922025 687491648 569791738 104113404 35278480 577347598 18929175 710767792 829365241 291928301 629517912 467097784 862522808 173630717 772356415
12 8
582317232 118098199 212164723 225888432 805746587 90307688 39200262 529221848 774269520 555416084 516233986 988795506
9 2
105187141 997961710 72496586 216185536 946596327 317878335 614997956 452726044 731188777
15 5
982376425 921321625 419603074 890848304 784021 225074726 29869678 986653599 172709961 54989515 805636204 490502234 756096918 952935680 352793694
4 3
653707627 40761523 986516360 153560493
18 8
95405475 554963395 957582352 238252977 125064167 682017739 949152264 921276565 861693300 968840509 559238441 323381400 852879125 530448593 4723924 311741921 268075362 485234077
15 2
790098415 121105330 528627162 88167041 218730241 831263220 39221658 596687628 338453280 570294190 2888126 899113535 479945402 874919292 530496260
12 9
703112248 795795692 285543563 960779300 135933790 472147099 313049514 862330163 697635441 593204716 632075280 711373583
15 12
761597882 555953672 917203622 62374589 59423073 830390986 437810418 388285086 557134020 116770261 598234176 497155507 210482165 193663604 886736467
6 4
455056118 93852203 813967619 27787717 960580307 472635993
2 2
929997049 42981903
1 1
411502120
11 9
421193670 788994385 453841214 850684163 472347985 188924618 154484726 157946996 515069710 392283920 131132735
8 4
306292999 17491455 921939540 774228566 922018885 215650163 21748566 336375381
19 5
697755667 292445575 274453955 427189938 40517613 795692598 110969412 26340872 204835001 737766262 519359838 33994492 693176981 50026245 725338644 775876643 975701361 424188798 831796475
15 5
749051133 74745902 698525372 756541692 639972963 858602541 699670624 916964073 437935619 42417026 634650822 995412259 887243315 608146782 944126218
15 3
422514170 117033938 107572253 833893445 787065876 835691486 837937571 609277051 856614483 175479993 240680478 213615507 151309632 356170916 903000122
6 6
123964732 317718107 764176914 568186174 864226848 219692019
3 1
150526089 148092568 889067992
16 12
233521946 281080310 471572883 322516912 825615445 846792496 858406840 932294359 717506285 142754580 647331527 646242088 585165387 441713012 846880374 140596888
4 3
793163254 990238818 433939548 587873930
6 1
887909390 981182264 520991316 453065725 403788725 40346127
12 1
443319048 205735204 441121200 35463683 786310676 713019732 568555372 588971522 446504078 308703834 636591231 278098437
4 3
717834483 130533009 495648832 130439667
20 3
591565518 439698854 686273919 513366539 945446483 766657201 166491209 472061582 492549950 788777127 282032626 107694710 604079691 772223092 213134315 590450088 715823709 536873383 833320114 211552172
7 2
770721802 452872681 312400031 498315005 333523168 661160618 318007896
