47
18 17
685677698 214568420 79266299 239948133 857521344 964791500 120039558 550514251 281944911 203715172 839594136 252070717 116413120 727329130 151151404 601912191 83000311 28796913
4 3
318959713 425150379 444566129 539137070
15 8
374116892 876020777 686040411 985231370 442999372 367736091 100897899 398547589 25197563 990395203 744153018 801943463 576246511 326042199 825214527
14 13
395073993 938271181 118651711 229967007 577381782 159750747 848154413 655715231 128297454 662201188 360668486 539423140 6532289 369600003
18 12
807914256 681503037 856730259 654254244 758362778 577574728 595033474 885625112 252406636 341588522 635147750 846476594 477351140 470933301 304260519 599507484 907887447 10411386
19 2
245143670 573949663 976944882 289997907 153247216 346356111 315731798 403278741 15848291 76645967 401671968 834262221 11178057 887186973 520555105 952514845 751294682 466306800 64650883
6 3
32440275 522661651 576614211 861944325 231228160 499000954
10 4
898627991 101737495 529266670 497911976 657067582 536707694 414255990 849177277 6317808 609599934
5 4
547269025 947887429 326044647 692784710 668405127
19 1
742402088 514348149 387431223 889976018 566760015 25630335 579507537 942798617 788944785 367490514 888972602 81750219 747964535 127279580 189837379 94000028 626293702 746002792 694122802
1 1
549559222
9 9
255773476 947580354 185285965 493570971 823171212 388567211 998162379 399660781 979744295
11 8
971384786 771250740 207842527 940314348 776301446 556615402 188098754 704211687 205780333 242524589 772849458
10 3
191828458 638976173 398882223 148302919 529500172 18674061 664498570 477967826 31024583 469268714
11 8
570289458 133683633 69393247 67327621 391422247 934840519 344088953 379956189 737507487 964089825 705096676
18 10
198080362 418892964 509433105 366797816 803311907 563248440 168531604 326306652 194668927 731768050 504565470 930563895 449238070 287890813 245372772 955514877 185647494 521805235
11 8
485804449 483886823 176129461 840576064 139539 852209015 225549756 712825803 936637427 605303437 871449992
3 3
813012201 801513600 578420892
1 1
781643973
4 3
793723330 449960646 643089709 439474440
20 18
456476573 861833654 364874570 835263135 568653149 673533013 619448374 601138583 355601603 920231455 25731512 642319111 580824806 998430888 458944917 351008509 864872700 544721565 148590210 457511529
17 9
306695645 27755454 79631353 492644140 879270556 994336813 44458681 372353811 630393544 987914261 839035684 812052968 709838950 219494389 153995612 511173730 632301000
3 2
471895941 679640054 951431653
5 1
703419397 735849137 761118733 850787243 780606740
14 1
816465409 30273448 568796618 926262916 409630290 335723000 844424971 390818852 78245155 682503280 457536392 649735254 550881824 878839292
20 4
99591958 118618823 726407614 449858267 82869482 987954455 163028432 681899319 215282012 259218542 456482099 888718292 303908859 25703562 585080537 578390845 916792784 763631161 92481357 854952669
9 5
426823016 416530375 469189881 577895697 223102401 965321274 891100802 592003473 792762610
8 5
646922355 743509501 367952274 849904597 44625929 417524825 155323082 103933126
15 13
233415508 71676005 371177851 813870421 24898500 242002968 360780797 150915683 881413544 798584405 619437126 639102918 392286583 80937825 771436601
13 1
479063443 832155648 130677779 290088979 971069689 319347071 583385964 460467136 955840510 491207635 47621279 33698499 277972204
2 2
255627195 20019714
6 2
129244669 934625144 201555080 146207513 511083830 503641643
18 2
131174168 894541311 407149961 188541662 7367965 727251641 595457031 731201968 987312519 191422869 124206786 550686576 132787780 832503730 293956592 358821584 327360914 766746291
2 2
698633262 128513501
3 3
716046136 195771627 123333757
18 8
120967395 489111377 925220687 5489410 561676963 392933744 496210704 573342962 418533462 326288520 562076815 738475477 314962909 146847482 445692728 106450825 831938827 986994964
14 5
465737699 691957322 991519463 382866201 372082233 975881082 759107751 798503350 745428743 114634966 645827490 857248947 574558986 24576247
10 9
214785367 294418008 904746798 803992104 953797736 147020053 191791156 477120487 93202230 580411282
11 11
342000976 314622657 967638053 315980318 335756926 776960107 895112262 48166306 488918468 440158232 860794566
17 15
283038523 249432648 857785001 226249045 954072907 449198333 905100047 352190171 978865680 326579139 915799040 859767828 865868402 405157557 968360582 6654665 744476460
3 1
607680265 869400946 697950632
5 2
800303149 909055277 681432902 679623555 140798908
8 1
975606688 397081014 229132397 901806213 853673478 922783000 519790287 102148833
13 7
642484689 259188602 56498762 403215994 177547786 849671121 972189070 364784196 200815838 547594461 798340526 380481990 276116227
6 4
559693672 666428504 957187569 803531267 48284304 939825061
12 5
89692745 800016409 66569742 289719245 495533001 810743899 468861971 455030796 236877329 960168386 926138340 17193964
8 8
188084703 536053458 475421321 67110358 983462446 287192220 80152672 609499491
