122
8 5
90100095 607248815 988385188 521317086 390458468 729831938 618689469 617577894
8 8
596136018 549148446 116884491 738820163 193879783 997019595 460455916 248909781
6 3
106101088 564966547 38567893 293957986 85639741 833949488
14 2
856170318 939127903 299823950 513284584 474224300 941356919 368576253 710390768 598438199 316232093 161159335 719329084 85695975 198791659
9 3
58678748 773190675 2165891 58959114 154345159 680187778 720869070 323027837 292841051
3 1
569606726 497437492 69947346
20 3
90586174 917618610 841814452 149471873 496812643 74044858 166455742 280313459 530869593 269239328 433361050 377326983 858537620 956850711 712572301 809635190 111594652 323420170 958539071 566368932
16 1
250258974 128199467 849901461 511410634 273744586 930668806 18047338 412214966 358197536 55874610 175426861 262320650 289974727 765251208 991604902 158105328
10 10
958405662 517974866 828944635 361064668 75961971 969692389 630835160 546503173 198297428 523108080
18 18
686060582 981335656 105618424 382131026 243544080 265318411 12926405 865521429 595248298 477404899 168696837 380498261 40055331 635325579 702915906 913041115 29971029 665614240
7 4
458226261 264714441 296261140 475506982 378656132 73508342 711714687
1 1
323345832
17 3
579909052 614644344 78565272 768977756 322685411 464401972 569470323 414755040 390391066 342339975 960283755 901986228 865127374 764734614 900410706 186663510 576552300
12 11
635855326 939591775 125036433 943205239 774426812 284371915 625519533 743550802 21998970 789561372 766722107 209824722
1 1
832778120
10 8
644829102 956333993 569234851 216771386 804831731 717246227 680804827 688302511 411951249 355826201
18 13
174311433 434091703 939674105 82168800 353412892 425331083 477858086 440068566 484466694 926094195 939675243 202275068 747518831 541786405 894440883 734230311 548887199 99135253
15 10
907804374 315880826 966821948 388268986 52016838 794602575 143561957 380230777 494265896 145924463 879585573 671387082 106886206 975624570 753185175
4 1
223316817 483228303 289190004 540795024
16 2
80656076 503968658 109346341 207431887 582101915 886509911 26575611 366230816 264068957 124455735 339642281 59696418 271702118 336943860 231790374 648379928
5 2
283205476 903338216 478120160 534969658 415759835
11 11
342210603 667410430 135741543 362526588 241440541 577360295 780679335 516831381 774377920 108918312 287730965
4 1
542460147 953978670 927641077 2832901
19 8
529842291 535843453 907383465 194537247 5016345 519620717 69515698 604449961 414054042 361432281 279603839 762300167 336559185 772698304 699382663 839952392 292643329 588468760 833069743
17 6
435121949 524251963 970932229 98013879 225401365 652992035 838346086 277741865 361996558 519772489 669009526 795900519 223989795 885249488 213866629 373004451 161727390
6 2
98782876 19333798 226601732 575235588 483444439 619066787
4 2
925493454 215117936 431677353 763282742
14 2
710036119 16177603 694021219 876900683 939867950 755479556 530386443 564629629 228147695 158151921 70686853 770660836 506732738 805422024
6 1
575111944 529191501 361292707 427407695 403149499 429064487
14 6
67119715 148656974 242081929 363877006 215798419 933192796 368588715 581339572 216162676 355393408 837350924 996722455 795872627 334536466
14 8
125088954 918394091 15200193 110363175 205432873 295240998 737960304 688901581 751421208 193713588 310218121 355009662 150508118 684955692
13 5
590992126 659029723 808631521 928170186 91246726 517827628 146782555 970898857 774115825 343112976 987709315 212909839 591027083
8 6
709842588 618563922 213406517 977055941 229492003 507100988 240944094 159249156
2 2
108163177 709952453
18 7
807942597 142528798 829676919 434959324 385853971 568586975 75157798 937508508 120588865 253124243 755293213 662443207 275457223 205180107 145279150 298841843 835420687 782701103
14 4
60626885 540380213 606145921 391618358 677502746 356044219 94684534 835703463 748335237 749134844 776346576 861620647 221573008 198599218
10 2
459808188 63208553 264646399 876032130 786622283 691860150 793795137 105641748 864806589 496015823
13 5
71968193 150247484 258904350 781546231 901934927 595597157 435265179 538047624 979284039 330830874 350244119 515709767 762970118
2 2
680317401 699063315
12 11
681388651 785265706 321983420 869346914 867603514 922024236 51163547 917196824 412189618 440341128 316494858 803735453
12 1
557405121 65652798 300657204 300231862 798733656 624564664 762906952 929671563 533257800 193969572 844903185 316361209
5 4
849540118 48062652 627297286 941333548 497810287
10 4
503227526 226417257 810632351 451233243 192447990 19526866 623765579 676787774 307715205 522119832
1 1
683784000
4 2
751529427 830348597 929554523 12986357
11 4
669029972 775143304 579797404 859699417 180597947 147494584 71355523 196740661 870585848 595977883 800161426
15 7
649621580 33792159 210070548 929577550 908591665 182768873 606108164 9131400 863893353 505254384 392218856 954151948 243913268 994535305 807608898
12 11
457682646 119413551 994353020 261206776 414905393 775790288 614684283 703286637 154966418 886676380 950533947 651783999
16 6
96567054 968615769 417105915 412257247 395161512 290633081 330107771 423517433 724554042 883201435 594474073 392598163 273929619 102148248 792602735 476322064
10 6
82558981 612731668 718095664 851036111 250542487 895985452 690222205 737389967 640250014 836126160
12 8
102071163 380843481 142633431 325185625 393281097 998403828 737753115 704446633 609894801 973213602 634410096 368836279
18 9
713164360 85443335 282516446 254526747 763037177 140614122 596350982 713288053 169218688 158404319 12070030 623575214 418465578 254617000 285068965 240288262 291178108 751192192
11 5
166531320 443531529 400166582 623736351 777596773 800617658 948081401 426828830 3171335 97413986 57655303
7 2
425154621 915754452 808182736 892940317 503769100 965459858 428163802
9 7
47595627 697422270 900151204 326704247 241874602 800001348 753394872 270922889 890826001
9 8
68198034 137321195 152610022 632659833 332119908 404172591 31778497 232721647 121451006
13 4
846031970 766858690 851986685 659528191 941814740 923790172 134220049 958643958 399037889 684238689 633678326 212335033 510856511
5 4
305553434 945376624 955655092 902344885 307309963
12 11
884960384 871755337 352291107 482796854 201098315 940341619 869137831 735206204 518380771 702350506 807973026 777183087
11 11
563078061 357978685 337675864 602426314 101404638 130160031 310488979 234239689 708520022 381408108 176632247
19 1
328206209 904491435 65609873 529511237 171924293 26546516 635296487 82074468 985421839 487146975 843861913 437645323 60000171 95723972 372382193 778796001 908037254 309146779 300181891
9 4
141760268 13005461 196404167 582850769 53115386 663341629 81074151 11893438 594988217
6 5
348936154 898681461 594067991 951259646 820977599 465915365
4 3
424021839 868742574 204318335 579122095
1 1
271101544
8 8
614619660 717354744 244942540 87295884 902139664 108247151 267030482 217018058
2 1
285476526 109833174
9 3
924781282 754450392 50976462 173664658 836737873 909518655 911233889 182767304 560118326
16 9
720109478 766244485 140560861 971383586 644044168 30862516 479217581 642293725 868689807 750592272 858168159 228790578 255533562 121417154 458551924 910870554
1 1
453256322
4 1
448273529 20381697 1695416 492106970
6 1
835048716 995626129 923004251 486410448 199975093 750010197
6 3
26371884 597801003 729899339 538579078 156430488 341383107
1 1
859151018
10 7
939418278 135991093 839564108 14300901 97922947 887997012 557251641 174232268 158355790 573329516
16 1
437414119 384926395 407558753 151516680 398442032 406640886 128737168 574566829 631023697 972952558 256463198 906650395 613159446 938210548 151139405 587383287
20 10
224654906 256095795 528539382 384050621 80470128 19951361 455855656 944380672 824360801 750834394 559465764 710067437 695481737 187795775 694565749 782975830 507755744 327591862 492378481 227285596
15 12
325359480 441885618 886785870 351324463 310130066 123762673 940567162 496300311 607096805 904153878 812443473 952362088 6138843 419589898 223340099
11 1
206047901 461094104 676922922 61981791 263855479 225191784 223596649 634887389 561119676 618430782 413214448
17 7
130344043 973277699 451732329 470564213 440257736 643013163 598254957 313715496 149463112 444535724 127850117 12229970 742023598 936483445 591358289 222605111 236233892
19 4
764647396 30021693 834563053 229289580 20450791 814444220 800898045 219280643 405151081 140375359 976511920 126558617 350896894 130411630 374228348 17858832 161896522 531111119 969948034
7 3
654763026 74688040 906657990 109374836 558159473 906326113 74754851
3 2
557836952 501458592 493585361
15 7
810278773 909134864 566284138 743361497 140463983 3932667 898071187 206997599 647282610 82066043 9632857 151511826 3102328 23617137 447194708
11 10
717632772 775559403 288321535 48792262 437606356 3832919 128142232 635999628 819097321 919143655 538594883
17 9
279823902 471742808 90325116 73207635 865286412 485307738 783079626 817384820 934040393 521203462 538048614 831385974 185069188 707516216 190612677 835344312 668516084
19 6
166416977 341452133 152467080 308124765 54031969 638792112 126650455 669085972 538306668 599214864 119949780 221756475 264369499 982027640 217042430 203269686 578708920 447357143 382760123
20 11
766075321 323281913 402483271 473234045 641525103 621919005 172276919 868923786 625472733 91179699 318594645 177130068 316990999 79171138 424274352 631511552 627627673 894227513 585855939 605940726
16 1
934014061 659149758 76341680 312497175 907875169 966473919 911292941 643566443 103385587 9742419 150152489 910161670 992183320 478163803 99704755 952760074
12 10
439694841 464460838 88171165 697723768 336652070 438606812 764377212 571803914 186584568 95618779 9346450 481744982
1 1
8954114
18 12
441048348 924334545 244255287 889449997 725537323 654031905 631127328 991923483 750583969 538959720 632485651 815694534 780045459 27856388 986043834 553779924 601950529 49150842
19 10
111735352 287280427 908624920 780810807 182249645 790435565 363884689 606697383 840530355 695245469 843671547 821832941 838247693 858489210 483819902 291965481 264760181 41689730 788956086
1 1
238801053
9 7
169098204 904146177 883725962 218861427 3662080 756259415 159615070 917424028 878800349
14 13
127842742 43888612 634877644 755928009 693196744 433052544 934159586 70997530 113888462 309530062 550662460 901388483 226146603 102699460
8 7
681034129 473976253 238797751 526203313 252493366 479672858 999622389 900070295
18 3
507766460 872065528 482390529 970055050 586337184 530768101 123536655 571745349 512731798 670413135 791221035 46204488 291599876 770443548 536721834 500919327 351851538 889240793
17 7
349517674 856124361 55597776 107333182 168934274 869326419 134834450 241390734 42176515 300558949 623182849 998472290 440696055 488759904 497929547 974135657 118437798
1 1
34179160
9 7
257676003 826843093 930572413 673396338 811854801 543862113 180703156 673658148 508036790
9 2
187589345 84911730 536535279 807696913 247548497 676138440 389824889 155241535 694463464
10 1
244776104 879805597 386729457 314220099 454950914 68521179 103023897 470422276 196116174 764073381
6 6
516435373 142640958 206611895 177838156 234460657 432424392
16 15
764508504 44997517 862680595 991841804 308759738 566545635 696747188 565958114 136445355 822449997 111026746 256660243 757724792 909491623 59003334 723475139
16 6
601728659 980411229 674433835 244995012 569054505 60414642 252295502 970104358 793190344 15872570 939842219 779395171 277295193 431094178 475657613 20327488
4 2
392764550 909728552 175681489 987485226
3 1
450627087 619701361 25768420
19 16
246447405 443461801 837656302 78637489 64921804 909219227 634352501 489460437 245226293 951923355 960874505 490002697 56762817 940239928 538634951 611064451 208196074 373384358 397187550
17 3
884699243 285056192 312537802 764750529 754891298 829728720 933730724 801816702 815246727 212881106 272640343 50205733 447081785 934129730 739974052 308464735 589913955
1 1
540197873
5 2
714177889 493678574 505815188 587073981 595195929
9 8
735245287 896691196 434385321 666143781 221467952 268641302 267318188 306003497 155978343
2 2
849599681 699915818
19 2
967315750 669082246 8038961 847062126 882332844 759050238 448642959 799101875 762812532 952558174 979650725 796500269 154295241 405642162 504228591 873006311 346084110 826029859 340029266
8 4
76628059 455332019 637901877 476664963 892051795 849561675 6243820 123835431
4 1
268877777 974915727 513831467 75881055
20 16
787025152 524901509 770523905 709449104 873423110 91605135 979231493 55311788 148799352 200336243 442969617 486559217 242047865 744351679 676052489 136782572 878614137 508933347 940219938 400388321
18 5
291631639 71201699 238712454 591071448 802587170 511433825 483192081 7776023 493765209 923738306 272865774 793951705 962652286 143759706 991729538 321120427 918864691 247239952
20 17
407429199 87128930 820144447 133616989 572086786 442120329 38622606 461916851 244425818 323667931 667108691 513551901 264623317 30681841 841042804 855534251 463381755 625837546 834229335 350250049
20 1
20270553 876858815 414538372 188177214 204864119 790968043 251334701 222448109 907798862 433899600 879935209 423720902 288640188 453264363 705488928 664432794 352867266 497960570 387063146 480931196
11 9
897736316 564091557 952561871 945068728 454453588 158235382 88929322 658380471 136956267 398069526 268121473
