25
17 9
475678777 110804133 327967721 929234974 624604013 200167307 954082601 265957274 598589686 640102013 100999629 90860763 847289429 977602728 330287860 176056578 91050733
20 7
436535687 537758386 837802232 899159923 561897281 513024724 827229416 425894995 299590819 514260419 63119402 395779565 30594083 550990986 945346906 189771892 337831691 748561273 604598371 576791559
9 6
302232529 181688247 6706702 592480233 342009951 373375766 479231894 931496919 595431959
7 2
980205967 230792715 322739653 222512416 649153527 7537692 545404068
6 1
275085823 698721832 246210524 981889244 67986561 852792608
10 3
258433379 45882541 983345431 500592610 700422452 960566804 448369166 214240170 493928633 130155840
19 13
304919783 538986870 750123537 886542533 371257486 413281578 766451445 584499176 747755922 914738052 808285839 794425464 643763035 185305537 131526061 143409910 257171657 214519379 294355895
17 10
274693599 191641828 981349335 753831273 404508527 944414000 694116157 886188705 807269346 638881386 971847495 118939708 616824949 371874281 943744682 307841604 582540488
1 1
413091871
11 1
455433694 308022233 777784374 756049454 924359453 784551325 422205610 314942454 212535094 112018954 49463445
14 7
386577367 363055625 895136008 370771143 240339702 122992150 671187098 316712014 467916097 852722721 220861785 332820350 809198438 522936784
4 4
908110837 921673184 78842698 93847854
18 1
213418905 948200793 320771735 815790191 358759808 622774760 377039246 583423766 843306304 886448978 6465163 305478403 783813729 552378045 567747731 512613873 210589455 469804117
12 4
660746272 123064759 614239965 744812649 59499367 144984412 791254748 956565532 145732210 10757359 653464502 56113566
12 9
603487267 287232857 112931307 494184761 724905042 265877380 770058929 234971826 728242825 578601125 584603433 210704965
15 14
603482007 591058588 214819653 412116723 138915068 449465405 256116080 443202640 910662367 953326278 936468637 285782288 751237982 973906345 281882794
7 5
46813574 433915500 108983886 252689881 229195241 789374727 263193817
11 4
268985859 251102108 522266661 535945909 303015652 822628355 252002558 413307183 756447992 925011345 44541556
20 14
803828715 374979999 201646462 84343284 266286814 744139282 433212044 63403992 314869150 278533335 899342588 35716009 398130495 177302783 929125520 770267288 235312306 995682328 126525804 4503727
5 2
170901278 842663113 882480756 364968257 543308104
9 1
421351886 782570585 982154592 515847786 327062264 381822456 138919765 808506998 651162771
15 13
714938573 911225015 77913023 780405958 350604619 476340297 265956449 626029743 146449408 43997250 564010696 48623764 86200843 334172463 223364859
4 2
615651466 175323125 731197364 771713231
4 1
312395803 170848154 752310465 739506030
7 7
974619019 147313724 704973485 841003447 981683471 543793698 436105625
