26
1 1
396175663
16 1
581505614 758785330 639820901 73951326 465004670 923235588 45574016 121352276 412520705 371405514 64964005 803742598 254770270 949077653 839962839 436617906
12 6
765489642 429256524 957665346 324323397 625502215 127901785 254153909 695937213 575245174 239099496 22110689 347443179
12 11
925899073 761501533 899592231 942104159 581974647 163078937 461048708 379909756 512977077 795332596 797161111 734648226
2 2
999472962 354165950
10 3
9811334 482001860 47726634 260358438 842165782 53460135 336016713 2299600 687417786 535196561
16 3
502467570 735751377 892892232 18288378 702937615 722670985 761746057 963428535 881806847 429109724 334133722 463218465 812602398 890458386 831220414 648498989
11 10
69199710 708038253 813493215 201182291 805906154 130399647 177731306 692497652 279396372 821750496 668149780
4 2
89724510 368166005 463594207 783801563
13 10
601220168 110089267 478585634 578486956 933169695 937909995 389113220 574931686 459199264 175712478 804462053 705859310 610411460
5 1
403138525 350120348 575432622 337692518 549831816
2 1
736431525 675925386
5 3
738831013 360749182 681429452 642152737 278657406
5 4
521461808 212381898 246540061 938921106 618662661
13 12
594126007 486588656 49472263 747488571 321360792 876954268 229796961 597911797 968558160 895133237 63620204 197044470 248605597
14 14
574334212 764055518 32756071 76448232 142216106 934479207 639984677 260655231 629902062 291626375 515552662 396336294 971081318 517786931
17 4
110122416 835164003 234709552 953393305 286868462 97089191 681324250 365812946 194313830 351292858 422154805 296523930 778334277 81775760 357376353 32878527 152574193
12 5
939008422 79669418 333920069 787968207 575893653 667752418 500996523 619013058 134106485 349034918 990924087 710243854
13 4
451326083 331069402 971479528 581450598 890181400 72250963 210723008 436739053 946129508 683050325 582634044 463478374 999662960
12 8
331807251 386464361 689966118 463927574 275579778 963950031 64436111 884148129 297902186 654467494 361316884 86982768
14 7
780972103 906765483 264005683 712778057 417761155 925553273 516202395 640003548 931375853 701400817 532120258 918444402 906297963 392344022
18 5
297523140 184430994 947698126 818158893 937493375 468771541 934898464 19097049 933979996 77008863 288816914 107500753 145139107 558663371 454170376 524134437 542335621 590930857
14 13
717842656 224397425 476114125 149242786 826949237 30744111 670772340 549520483 256374605 190142459 57914848 406144952 594228092 311008525
8 5
175412974 937238122 460073943 674593694 790208629 648431355 263751630 107901465
7 3
62924552 908582182 489947432 627698250 653816393 852859422 138652727
3 2
853959266 881198323 432820278
