156
10 1
294479853 503728893 812274608 754693647 976291025 259986737 815876642 834714055 692161765 692158693
18 5
32462174 180169809 459041290 182613074 131244807 284353460 82032422 878389585 607725042 60378433 995058935 304529004 393470690 209977949 51074177 879137639 178296719 974029848
15 3
818791667 246458368 793843820 500951861 620872762 192643565 941590667 331423642 881251623 136325845 187159996 302728646 23385952 584324825 683900866
17 4
522199685 731627875 602018004 989123100 107320284 38119550 90608840 31141287 892837678 438375909 184087362 287244830 332749858 818296699 26634426 896164545 198227507
3 1
25488 909624021 457859603
4 2
949233554 931753702 723862543 340710682
7 6
104129992 301885991 824930271 490556439 614393421 361480047 608234429
4 1
175269243 549672646 345264645 484975215
10 1
638153662 130853502 536642964 85676051 540216352 808584719 117001918 714102960 133435592 982391471
9 6
200297196 36907504 442185629 252070002 167907923 354643470 951839476 961295170 945617865
18 13
938563522 359262693 399233343 40058259 938421847 110751706 276216823 810621924 946751504 496803112 53494024 246206601 291075094 126661367 180744654 628916510 642091565 281112411
2 1
153778706 250277004
20 14
271300901 841357546 205610854 692347137 663502849 328771746 258062146 879982979 521593111 460531693 636884220 898087626 98489711 523884605 901618195 283554879 662626912 957478061 753912680 904132994
19 3
349046392 130653661 149890937 996154173 622426854 747531076 766225956 809339942 343507580 247216320 523635487 599482994 562259537 181310697 397370917 636023225 865444116 329380148 37172072
4 3
805931217 119683654 761255588 321382330
1 1
423469000
7 1
496467146 931987072 916971613 528962609 405298028 922676215 47848980
2 1
892781459 557022267
3 1
614296527 635742245 39177599
11 7
246958563 257733281 97146517 516205126 904406486 620243475 836133939 242253689 831438953 862783716 421619032
8 1
852812766 183695562 797600880 765836786 223080760 501402673 887456264 943188407
20 16
664921287 196383635 324375919 579464402 14671113 411556790 583625305 287796799 29766614 925462526 936100764 991245132 807182577 792480160 897527947 501486890 722575905 991389367 310161707 910884124
13 9
817875716 653274562 742476009 325231012 969798600 288266843 690589563 982832985 588757926 310608635 961459044 22098591 667731700
10 2
955151241 138234802 844870876 833188394 830164410 155999397 170139993 365487431 581995254 820068379
10 1
393430517 302256979 617354460 369593389 759764322 507595016 248732742 579698828 261462878 169833551
18 6
73995381 322430276 155478576 439186503 480697071 918096902 553080339 772616790 178661842 838204530 25231109 745356060 915328107 877742456 63090999 556455733 836603942 250409341
4 2
80068602 985352288 840172375 879654860
3 1
159395369 64226211 545813799
6 5
76686144 886428813 109014567 314760060 831778655 101126492
11 4
861833408 767169012 856645631 992356003 905611407 670569583 246579768 178151628 823097002 33102688 928198666
2 1
519727582 297927312
16 9
937672817 779553323 505595761 149048312 134998148 483523980 595195136 434226704 520703123 835683010 123023639 890417952 235963652 320046594 647180928 659650959
10 6
770299701 973610413 793087133 381523385 192135802 394225683 887149762 185961950 159318928 785138065
10 4
730859755 494916048 848984293 626087515 772716119 991162370 954385281 414106325 436475850 299896663
9 3
885272538 702758195 606992000 456013678 865233616 848478025 219609331 49115177 755502652
16 10
298879377 38955393 732389521 558840002 684081420 256589915 433443819 745637750 505421624 725255488 136778075 237534442 397012788 820594894 636587634 576243927
19 19
848816732 237902786 995784298 168986909 739442171 162637821 180398884 266499563 536639164 854696308 189483415 114902794 375837507 510511887 136026191 235876958 943485345 522521999 229183226
14 10
763169133 707064559 893598402 714862000 825769167 189412626 957117339 661469452 953683031 289808147 271655549 121230347 603528474 724158727
18 10
617394166 378896011 600543453 55813707 990890896 296278869 19773402 481895267 55705461 660904449 640650970 438326572 129642571 277483624 204155662 185432685 266656164 554076259
14 3
322749742 95626959 379302883 440250159 211991745 508826677 147868504 573647320 994831295 22365470 755863524 932406964 516415569 312224069
17 9
40668532 743707600 796687418 771218703 714419437 20060696 282108399 926619076 755153610 455188818 901906914 511584025 824222602 411115134 306478922 1920214 120615397
4 1
161405086 582037843 78090029 190850658
20 5
971978994 317255363 187526064 227169906 186383313 46005621 941517415 484609996 886428354 225777878 736634544 843691978 563223339 687201241 247792356 965163242 44757064 303989883 656167746 800027742
7 4
368504819 93499654 237473013 328874158 304581070 232754969 99317396
15 10
909326704 931834158 734345400 353562587 834042783 237291049 217335329 438340620 968383894 985698032 586463990 895982879 146418437 616745881 491196139
9 6
105295741 752756949 76504841 799217142 263064920 282911312 286932589 565660524 905462909
10 9
276498114 736044712 631431852 306072126 940504713 96361037 455145158 699972547 318136640 580641756
14 1
1101399 978488007 36794900 543418440 832575546 693795805 222494642 478056045 870620172 948691599 344956985 747161 691164265 153041157
14 11
239464096 755955631 528655867 539473506 863037060 871210947 768974487 732299186 385910655 742185021 440610968 492429916 741322662 520756974
15 1
453114735 255993574 456745495 368109404 20882186 472868105 325465010 754617800 558754051 69786286 329361015 959451619 738743283 216615234 59044322
12 12
961986619 200068291 930069612 231953992 536867237 705904534 222809409 623706004 553330939 171210525 114928460 826896792
1 1
973714615
13 2
839093882 211609274 561337132 7555551 610024400 950747607 136613333 723131885 571427817 714135025 803530472 283152783 390497404
9 4
347826146 928474733 796548427 327589047 364695822 845329715 442541964 825116297 147146046
18 3
914867546 222517567 591616987 649221428 763792115 646188352 698001364 469221418 742139558 95671474 237328451 316725747 105085926 206276611 196442657 742269813 775465411 227648625
12 3
242288320 840875821 820099097 934242203 832346105 982013957 837562357 700982251 487960456 176382749 111175430 689153880
18 6
944357975 246092881 544374028 631655865 151423997 522197856 501892905 34941324 377202512 275135733 663150804 996503846 664852928 133289505 100127443 616853061 620156001 544804070
4 1
19950166 339494741 339243386 431474565
3 1
93663525 970554776 756679746
1 1
80353990
5 5
544992815 401131545 256121541 797114269 38133482
4 2
198284991 69765728 363508441 894751709
20 16
33179645 122982528 957003197 834771293 12485127 623547931 133016631 733333761 960429039 813745475 964141866 847700929 528289626 523926865 19819593 751516063 231168260 358553603 131453376 888430669
19 9
221277148 951731699 646266142 590969523 389173050 65457269 242232219 704604247 136407842 187560911 308000797 792703503 824789064 202843857 413627376 944743719 507999642 777623755 194557780
8 8
943277023 692076468 614914771 935404462 649551464 786614814 227796513 369202248
20 2
696016953 409059929 267501575 544929463 236606767 482293684 154283062 406473376 377368395 36672411 563581657 915738154 445010575 248476629 313219513 506036449 325418997 712302987 702288111 63214067
11 10
768346245 827210160 344991957 8942342 72587501 920269577 359736477 693776923 576470994 821870564 318977677
10 3
993133370 367895321 135298791 684635994 508762936 196866234 290513080 492343561 939942844 489402438
6 4
764080420 320800537 448623162 993810226 190848526 968812871
11 7
473042850 50556330 140016289 818463620 742537308 6265137 98317472 545857005 336271066 805388307 634264480
18 7
300547011 101571403 249773124 156656959 748176147 740501369 637063761 73941506 152420456 594383503 212825847 182833620 243480296 475082759 338491214 166250744 713338346 627420134
12 11
675059770 808779885 705317744 775575481 103862780 191048869 110794299 44924753 831578679 416304222 808002403 45542147
20 20
797402657 197476152 212278842 50990293 239723434 179812314 28840449 100805693 846098579 483940649 492492335 298047664 542478021 920347471 282474452 650860224 380566217 63182570 926337387 396765475
19 8
917172612 767282202 935062082 402380805 465833106 805410333 118821845 334793628 252214965 856296833 648540710 59561221 353673960 447139805 87687165 816647601 239576599 959125969 794481763
6 4
326743823 27032400 800666264 888282526 357847657 864417024
15 8
920684964 410186246 303115941 550615781 548849688 31090326 107252904 190800017 463718672 276999892 584584918 164838318 603525081 236609245 357021319
4 1
36704258 284529009 535720997 662528091
11 10
759484323 294683222 552988015 405478464 434688248 612447880 285814542 94284401 462562022 500883609 390778889
6 2
131217819 643975344 954430542 634783947 827642047 712812346
14 4
256789007 124439917 684235298 778468199 459216782 812217238 296047353 485421122 976990267 431151031 710961695 127404716 495597815 785777044
18 2
291988410 724458504 748274259 388260516 997742094 967272837 987483306 905026644 444249643 117082378 946139202 724757640 960161822 179012044 691557187 163484686 376364541 72883508
14 6
588281285 909867028 691195787 897412369 480899052 251816544 13525061 298940773 230098165 501318566 75400127 328171719 950295776 357282523
7 1
976053877 324512763 998166532 771935830 717936476 162335566 553452646
13 3
733882688 130077765 100029077 229856750 885220344 769731184 389831186 696378986 45971806 827212774 276055753 265436970 42920381
18 4
633429159 989449666 31282734 485193775 585226990 922484774 179539426 683821179 674016891 760733657 739090648 901906275 383984359 69753540 181447312 251062025 766431197 515049636
4 3
463351255 44752268 421643917 373306531
9 3
208354376 899690098 145059292 900698597 602918576 853543790 801980030 442932299 890663481
10 8
584521674 207433184 54375477 253437385 830216816 912789503 538995016 205049403 62867204 528911074
5 2
931628545 870060472 690364034 964925050 654378404
4 3
718322272 404298684 694070097 364315204
5 4
809248657 659184083 248704573 265275914 131836080
11 3
366596385 240439061 943893120 557739270 352395745 565445783 206707812 755422836 368778194 188849368 513089447
18 8
86864570 9580752 875350223 238873210 656418474 87884681 968621511 159812903 77813467 66376767 51274819 461270357 906366911 985575611 872048246 588873816 143639699 516710787
13 11
93746706 640186760 363290862 713390023 828811760 224218005 816159183 433272955 118164092 725063780 437912067 236869570 21565642
12 2
261111376 867810301 451726643 930157116 770458242 701983978 208018028 354032300 112900470 62538995 832447023 750186014
6 2
232491111 423273781 48062465 904324843 725515564 360919987
3 3
765294584 539903158 54649307
18 10
158676702 918135925 90307905 71772164 161884075 622887524 380594942 948310422 214539277 675364148 258035220 100985271 286073975 533012604 788800898 842174392 942451903 991222156
16 16
762721748 719472428 92326520 3900862 902516689 676892775 459156266 59260699 129020294 93415299 455305511 896635131 406160037 831707526 486548396 924084742
17 4
897978951 53738400 318345809 795381661 892234458 88421932 288722354 851610770 406858048 279256984 771131123 827605798 855015613 373543720 971876753 613000094 32935547
2 1
563558159 933920162
13 7
215786108 598913630 450718360 515841834 194788196 965448076 797153840 334625206 715022883 954879496 26907978 95057639 881480595
15 3
925776116 205283524 979844402 61250826 139238407 927068105 762196019 829079802 984434083 721933045 451534485 372154172 434803544 38593653 822074983
15 13
382264654 821474517 28139179 399974283 700948078 143517259 595999366 276446650 228197105 195416470 203031499 88927862 793808436 395982006 531225780
20 9
811780361 294933477 806191681 914887338 255363877 408456783 961767957 239095518 481612491 780097224 490819992 422381366 510902476 205881975 493098083 456772728 257640313 95839321 474830292 953511101
20 12
666467186 571176777 707339971 83183930 977524500 950381686 212297202 928297712 115754289 644409295 99363747 743942429 831170862 805783419 833922397 684458028 88933120 799833701 555193356 380051416
16 7
484522684 692918259 544866714 601707731 692978451 912505521 990857013 157989430 701946168 628842248 195084929 503717221 545621249 21023000 820286227 506157196
2 1
575550745 878130503
15 9
394175609 188894421 340470033 403316846 401440620 691413955 959898008 518350648 847427647 862961504 744189025 190002235 915041651 870475126 546100526
20 20
528118274 445157203 526541981 379841431 458300416 447010582 499821102 24068509 744108270 850499993 39462305 247668129 990592712 468170728 974072261 872119808 299788120 640384568 76014557 712437972
15 13
369921747 282292294 841926063 201302363 945604542 304201189 191256463 950028838 113408567 910329419 369441984 787545307 736031091 993508725 105780109
11 8
453976233 29559081 71524614 787070684 348217493 209010074 513452346 671518241 510158574 606501617 634402973
17 9
171787719 425506507 937496476 566742369 306366046 230222068 499840281 902060135 335653015 727120088 874525521 771145763 696739983 145364717 874027654 631013673 520400121
6 5
182087482 886722989 349710346 285382247 385460958 74916651
6 6
477822636 295470192 233225272 493419790 958087820 466462914
18 4
734748355 311980762 476772294 449707325 866074438 244945404 332979965 827358762 835900941 734023984 902228704 940445286 174957155 422210476 496432616 910950388 957700745 615941412
15 7
145377342 346845352 461809539 928713198 512186221 576255697 909951506 189767275 69731587 476484672 826910481 889211135 653111815 401447453 200486473
13 13
275377645 744190128 314029362 809005940 896857515 520577876 156909905 570496881 272949648 624134127 467592802 414490143 613823659
14 5
218897458 621304706 136328519 976294034 380227043 923149023 808283007 438838609 184888874 837707136 375080562 413080189 982809049 509667523
11 6
501255247 934226183 126507621 967366036 512772879 675305751 308376221 270638897 612604701 75290830 456079832
20 10
893009838 789480177 326580863 102612073 971138268 989065666 25818047 476970966 641871947 532327109 596896656 73200920 987298820 914043269 71229733 956274654 79894854 411867752 187763547 296074106
10 9
735202552 6484846 440216718 526991878 239630538 339807870 720126759 803572583 88238573 122384318
14 11
628202077 465079764 608456565 943759682 855933899 598985470 181296249 985516375 766445269 524012841 126210549 456169612 381694442 394051961
13 5
677688899 584177623 116006880 434911885 311218327 694033645 122410345 933027389 379289363 512570218 313574023 625940719 106698489
20 20
483298599 418938571 193445804 983797162 912559248 641374580 176990864 886593000 84740276 521057675 244125409 54599121 891151540 460580563 342407959 580391050 880938195 376002073 971050569 38144083
2 1
114588886 563996862
1 1
624481922
15 3
858584661 615728777 603699677 769972505 830650693 996057200 722048421 790722502 161323576 75911917 626307989 901516001 911929835 564356537 65337745
8 7
575176680 2268845 592776003 129195534 523128131 244895391 337517653 368872136
10 6
614845480 146949682 32340311 644922893 8603212 975036529 4579640 908544309 78175757 546613579
12 9
17764723 614048741 830870721 340372636 671629789 811137916 611834129 303594322 488924373 735337105 163117962 883890822
14 8
736316386 82577613 816576053 79948453 57325672 238950721 506453515 533426878 610163317 222072181 678975995 912998633 243013399 660598173
14 7
758215757 627695421 675824699 238260411 874020497 426061521 523740887 882665130 151930332 354373464 989875543 340526328 197997039 382189677
20 4
47894981 408992274 287582268 532515723 113687970 170938204 558754725 157641445 587453979 924602228 178639497 992400201 689841992 974871685 971101763 679403239 38160637 43572229 851880938 809645234
18 3
19970270 741541640 573498749 649776167 615571724 294676836 5634971 408711642 856013151 527473400 982294371 878889298 353092588 794594733 78483844 942870338 773196716 592267501
7 1
762091377 315059216 472634730 674218482 380731065 432715813 324408630
4 4
956627513 523547012 237213041 253106646
11 7
271308629 963794384 881331028 136373379 858638487 927687956 775969127 406045383 37892061 768663043 208717733
13 4
383097810 231668853 485607828 242733072 313507469 684813746 855264139 437491084 669826944 458915982 805127903 256780216 518889755
16 13
53693599 255676924 871586349 716872593 563764718 956196440 194053295 856693631 802769824 306655155 745980552 171706241 79620166 451933212 444334278 532905118
12 5
649127678 78798835 882262468 523021205 548868163 90624348 559860699 533238419 634030019 420568790 247125674 386250104
4 4
479220975 189982033 99268324 722007441
4 3
327560990 445866719 379894687 748532746
8 6
931586836 965162607 521157016 212919788 856639726 977983952 852538220 615531366
16 16
81221346 710293819 611771294 376420600 776419190 21412157 104792767 986426453 224631926 994325225 565844966 454045109 821180298 981531419 753157579 549441067
13 4
106779118 312138207 732819979 167193229 135795393 867037632 43599060 746456214 173155262 194787153 11006681 754624473 979961533
7 7
572285920 293272486 399304970 648728477 56207304 430862588 840504872
16 5
863186123 126487421 34083790 169969112 234688738 85077679 226032977 686123504 911688943 391929963 439054681 796234730 321045610 418762406 348656857 794980046
7 7
371786690 475204440 608990014 36855007 704325558 906467397 270701734
10 1
472531590 709770158 654774202 667328085 846398157 257137241 753800685 220639543 194221520 870501856
8 4
205976930 107460194 172724540 475881350 334580901 303112661 566026885 52175384
5 5
785558933 85399667 910846407 760470250 635457296
8 5
590764482 618716136 679616469 991532494 334625797 374739735 448750056 747623394
10 3
139806920 771914281 108014366 798617260 489636266 593662335 79552815 927734606 494781398 819569075
18 11
581850783 668881194 303824565 196464962 235374903 943587120 667692765 168681984 468643098 743947844 921256449 912296334 525300105 688794094 559800901 844464595 514503743 589936682
19 15
329676834 3553914 995001584 261179443 988495253 502209348 168979421 134738577 531183468 395818114 62304794 398789382 74793000 659433483 558789120 812385822 838178187 623696716 202904972
