195
12 1
159309145 944954218 120300377 455083054 21318299 276709966 206074957 286430499 206456409 635511002 845721303 54925770
17 16
263413897 227935533 829694770 941730783 506248041 439362606 330765173 891094118 459473656 404032087 126465839 441254608 958829098 234405592 626932000 767967979 82863380
3 3
580113435 402036315 146194066
13 4
354701667 700084620 34357471 80072040 267136271 871226753 917150539 988402135 588852646 17503396 735112879 67474011 932971428
6 2
17531779 443420755 322297958 692914029 537403568 795500382
15 9
185786298 360930310 436281928 948829471 590373190 890644924 180430833 376203461 717019234 897587776 922827462 421676466 277300722 756815676 729589224
3 2
706421561 493724133 556545445
6 4
840937830 56530915 332816891 853344467 678956872 923220597
19 6
860995430 157783292 967742081 420259033 498644906 297594292 558325251 563717494 563572272 761162592 112056113 347899780 599604379 861892524 558744679 560675406 535155071 69014048 286679651
16 2
806480681 5764390 907307622 741496585 251407201 100969295 949014370 5062117 149902275 42939010 61016415 535850188 46239003 373985891 543068956 909433369
14 3
313919865 592959972 995749368 619532589 345572118 290163963 951769406 237286935 200004017 67390851 31268721 606816369 211998918 996988
4 2
560874840 766289289 882726570 438828273
10 8
928460887 400346620 764270144 502184794 988777447 891036845 586529146 590966491 168830044 577892228
3 1
450532300 951082033 100262067
4 3
829749195 258239749 566078241 664415638
6 1
264202333 719112444 616454054 692604475 304804057 889744310
16 4
573206299 236938665 290113913 198980462 340804489 634035148 843110814 987541737 942886846 566432286 482414622 159446181 152212421 498492465 689720832 861474066
1 1
923764217
9 5
705027739 306514592 841387699 363750390 865503803 114790406 458052682 108482628 516345062
12 2
202580250 529327520 416530345 930471070 407011326 83165304 201402536 603146821 951632165 541554131 42465094 307393201
20 9
244459828 353842606 353040334 261061115 132326087 319613873 661809870 140760418 909310388 577854619 447347801 988215655 467145705 571789551 725122843 610037099 408409377 625856211 830905484 476630300
7 3
148567532 900825101 658709175 214463957 526275206 22615838 576843415
10 8
561732304 141285881 276004662 193072359 808009618 371601341 513384899 447574359 326838411 645900770
12 7
742508560 243207159 383993129 797587038 257101534 194321301 476069720 511052244 967374220 622317867 142093554 597500161
9 1
201871009 76235703 822948432 747851087 319735167 326341385 273164276 804119233 381110651
13 1
772079377 850999957 717510622 209744000 203452407 123056855 506647273 898612311 708734547 382786744 697603882 348183679 343325013
19 15
512268285 855737813 101066304 68675614 177479670 830409503 263444280 100779864 652283456 118655043 230245181 660036894 947240979 192040529 762553863 793758346 279013557 796563173 634784790
1 1
63520511
2 1
752544825 975880566
15 10
468484415 398700708 550492889 993549817 511568503 615562049 624323454 344471068 615970314 2870271 735010675 784401237 549268747 499560051 681141054
12 7
257521602 103597669 885407811 230707865 887979382 452823719 525004307 775209378 294006704 923851470 568975636 443134647
19 10
534158575 523183594 606080142 765006364 219629069 328079941 272644191 385678521 555650909 366843293 289119586 939131898 713153114 671126434 58207195 204365601 579319306 812322033 841047926
12 1
674014532 343806974 66926139 379716865 676426762 993373645 497306968 330160396 937240653 677751349 808249243 857809309
8 4
964527679 578032383 477503374 719961703 725858885 787978838 444593722 978374227
20 4
254587801 62777557 757881173 230505263 923244131 779349787 927204602 778638812 171693661 623499648 677022872 739016923 207507794 633125999 191445341 79860694 872338035 793124219 754566367 978590905
3 2
835056175 946102918 239314490
2 1
159775893 890071529
3 3
619968826 61660294 538779162
8 8
723938396 929528196 191442507 839555323 281267500 142048922 677919074 294926441
20 8
465491382 354960471 352151139 731487888 432606145 791891317 986767795 573332130 352003717 716036676 319399175 405327054 904296247 578848613 464289626 233052878 972685021 226972960 833525238 278849998
12 6
215550954 91367692 337049225 620614934 484849807 394312936 981830115 536566432 900690030 952483872 105096487 233015559
16 13
70701206 759964205 751577513 323179052 565587935 864700208 544132889 251721622 513311557 685810228 606595246 515052714 839124135 49014908 804561154 554778971
9 7
467184092 943573976 437434935 269346765 778678235 587251173 791474658 597849223 752367393
7 3
116878459 544792546 352002723 213745610 772265948 828045017 862132088
17 2
243545237 26120553 819961229 461195905 449848143 860104681 660480271 439728351 355962693 140927217 246320574 64175823 898814015 347941583 142168277 94156559 128280225
14 14
662373676 758530460 265261831 467554743 516351270 998572030 499979432 739164339 54089854 193487695 661957704 381185049 451282116 397185649
5 2
220794586 412443787 204915166 145728615 710646420
11 11
269734960 643305010 744291023 362234664 676056364 223735727 230707859 692678760 294000342 755683362 88546313
3 3
370109515 296863697 498683740
11 8
156826427 944073528 605805078 902054838 395716320 880231809 382156168 773830415 275251237 452529413 656597188
20 11
834982745 755254885 765099020 763054755 130735727 963934785 678773320 155302847 699168834 614717284 845445319 634387973 373480526 865706339 605373087 529358781 140388304 322242022 373258459 970947701
5 4
134000890 227445258 406006695 976080121 769331543
18 13
303940389 124635152 56478166 422064729 112557241 991400237 641017868 801012680 784742388 915831986 572734187 522813376 116366088 620452116 11060618 270272888 416971483 909598059
4 4
758803601 476838179 848818912 34848066
11 1
910711060 195303980 150600327 941531880 222660497 369659724 248338589 423330982 417506836 465965756 293795562
2 2
502855527 150203479
7 7
596689939 336009849 851586034 968174029 327576956 903481199 681688337
1 1
805029839
7 1
424916162 670060486 833403882 464600342 186052812 178355494 675500511
8 8
646001596 784998409 976144033 857755338 84372350 357534727 515280514 355941742
7 2
997764570 471151787 109446217 902967701 675116778 921834496 857696996
3 1
298042925 580210744 369306382
9 6
141037145 669772040 595420189 758904594 149297149 378705661 612622151 295793253 794537213
12 7
579542705 354320517 989982172 865073310 614033163 282192279 159053462 536888272 469599168 422456880 635289201 667434302
3 1
368623094 36967970 983355021
10 1
260223909 702824265 953988081 212655809 221369132 281596907 381295187 800981272 34216093 513236385
11 10
484903379 124965564 629585164 389178236 743771662 801946272 177188842 396489780 758186120 919056421 485052733
15 10
936916520 535481086 77747500 921261608 827301662 380907189 646762892 123934841 868397323 928953818 290992236 620394966 555614107 143647428 490881220
13 13
381593503 362956419 48253240 211531092 484939897 404937874 639505611 3369379 662498176 611115542 948063491 310580173 781187162
8 3
663938834 42276794 400242927 52473843 113124480 526316706 647285842 518751707
1 1
183003700
1 1
222399863
1 1
202638936
12 8
501594013 497194254 570099312 246974751 23240930 553628872 88973419 675463346 520714681 13743969 202562172 291620499
18 17
743674853 138634193 844791176 185731521 306020011 790670238 745177454 676772113 12629232 38524922 432839147 492553869 109949961 662676298 162495933 713563124 776179891 461188631
18 4
870567114 85923149 499113166 707470965 999758899 124859733 598691016 932438864 843165180 653165288 117372636 824506204 966036103 121538888 948272683 429008931 990970935 416734050
14 13
838283767 245669114 380224895 705670777 160925008 547038827 267498685 989528764 855444638 45050030 121524012 354470211 105464224 102527641
5 1
449237416 214742136 689149068 704600145 523207021
17 2
891869419 145695597 59928569 870961406 244156029 227762552 658035611 540483122 677324355 509350802 300179386 940894922 486478721 901179744 865922389 534125194 896533653
6 3
519554047 281453615 777686509 76279996 152292067 379488763
18 5
548355726 662379680 275278797 295295066 338281425 752759435 711859404 626469307 779007834 749926716 254720016 346779584 411015528 307653751 392105328 329493094 542759933 271679720
3 3
58828254 26115305 195441314
1 1
333632628
10 4
136719234 188976184 577712000 536965919 325157675 968608996 932839956 531042570 884234395 154973897
17 14
978805469 72393257 599739224 484800889 543033068 37389705 580009905 646313578 302402731 923463695 455183606 868438496 545730892 883785296 870309159 343092024 280933863
18 17
890897328 944695318 311147999 438719870 49371378 774202447 594838501 830287633 638094048 446919688 974748760 541063472 159174684 875365436 899043733 124799305 725624607 125491443
16 6
991022189 492882105 58954007 731770073 508595518 947862170 37553461 368098329 730318459 78108399 988683315 452738455 59884577 731181744 372386632 57303476
12 9
409360498 479810133 25752344 322400061 411833051 265370170 538271541 421633538 892750094 295720881 129948033 917060646
8 5
267407042 567020294 867757318 845159764 343226785 943021658 23866587 411485987
18 3
409881901 198474466 992095120 948406921 67163105 402105281 381344940 903121118 672559261 917249105 949922107 627404542 48524211 354466391 306411826 670156851 343331627 439830851
8 7
548222638 4262485 677308278 349226562 916737691 367168546 248744011 420971514
19 5
304379878 921415076 409025065 298665370 575313984 277023203 191874298 588386586 471310438 60716223 875123384 927877914 711772706 447617376 871186482 315404553 168346019 454953454 3844175
2 1
126038181 414550664
19 17
684054019 916461332 956207102 203193131 35020821 946646967 739338674 809053258 923073883 514653965 287951701 725269000 127062587 578511603 550799473 461433042 56480454 982884695 492901646
7 2
140385390 71474910 738520720 134876174 217971529 307416633 218670847
1 1
453233131
19 15
389900450 43854927 900067754 114902836 645032188 716573840 347508349 88800022 263419230 273064103 561387664 384443502 185887733 105745451 509323401 740954100 982923334 141653893 691653747
13 6
73602668 217965964 337053518 898745193 977664383 976655484 574028644 486293342 846267921 130050501 556896358 935453617 207805593
20 3
337574962 997119300 325248672 982907012 955846071 345403994 123612045 502744860 636205642 583916283 716886539 517849918 876413047 46116422 283882645 182521876 477944630 575705910 133291492 105120817
3 1
54029093 1722437 407322375
16 4
428452376 511711579 5180113 787434246 978067587 611638543 467048533 775374587 933711116 191399851 246513822 771624537 207285423 721313017 368956911 377555139
5 3
350204973 106115481 488849304 115593275 813830220
4 4
585163880 596753880 541840564 297846057
7 5
203062475 321798453 289554136 432250899 895481024 202419817 675906808
2 2
807588849 374955183
9 3
405027447 98273492 220193894 578218485 532719968 462507413 430795871 303894200 827404495
20 4
757440852 698695450 730281481 852902326 441889299 222360993 136530090 136301077 698193393 970242451 692292248 138401018 849943329 680128710 593530757 854405537 655113926 368271773 117924695 611399285
6 6
245162361 6386868 616651205 579337471 643867653 446651464
17 16
600616361 328798039 564827806 278396981 745869109 689360011 741992835 523557558 414213690 238033162 555862569 824529619 56548990 748900356 310157277 11706024 368532145
15 6
331839246 448397467 134980780 393421743 179057320 882564030 933803281 847139623 476582911 474833652 344074437 891497050 616673370 26676616 442082992
14 6
884317567 391968301 189096821 766170315 358007450 855339980 755411421 700712570 780301303 27366507 480488068 420025747 352076392 109746975
16 8
328795245 467529265 79189937 362492228 771144581 719921786 918527706 971198525 346046369 256804168 74772735 684123313 720868755 33221875 761029037 597562809
14 14
481870670 755179688 955001044 132350909 39605937 424008575 683923619 449747460 638995325 670902586 431364798 790875586 194100676 400231088
20 6
909118710 32316139 335339553 332424452 911093110 923183561 214234147 22677884 470844521 473848940 714735744 56155320 269848653 872692522 89977114 958565615 384943084 587854552 991884110 863150394
2 1
793087596 33084478
19 4
470861629 964771607 247534250 899537555 507425526 20806364 903539972 696125951 829549175 7560250 579102193 807509068 49630256 999913132 699335741 704753852 509157017 827943320 614271822
6 4
331895550 146983230 942178467 94521540 125468011 40682981
8 6
416749717 404436408 105025721 71309505 853967591 345966177 151685416 273646391
4 4
681837037 526033824 183137817 804754669
20 13
491499302 562305020 179537851 349471165 829236526 630991152 364170369 242474147 312499574 392223202 179692217 382591463 362510929 335712309 671891302 386754847 242361420 62614870 491648815 308103400
20 5
301881357 153058551 96192547 766018456 249043400 766948824 777607342 579142946 292547050 719633960 558728289 186831450 864303137 744953759 872062734 73893818 863220887 31666419 694271278 930431867
11 9
960576538 462908353 168769384 887784408 610266581 576811276 556799788 720101181 597688351 633113835 697630712
13 12
41916860 443150810 476174695 83084602 884150234 8899691 608033765 624964626 886744164 728353329 24404188 371766377 863083714
6 4
664000498 846544154 306153229 461307969 438996348 195430000
15 13
103501295 291026811 77144354 575912459 529145493 331656477 830126263 145058142 86003910 94731047 343782701 970290739 424710875 176203080 394797356
9 8
298493468 200482684 232497128 790224098 5919738 113514342 969513215 611227814 703933138
2 1
325539580 458356967
13 11
109406381 431518775 496729124 96597529 716348597 613298391 520921848 546407517 730755892 10024765 2434868 49678843 558995270
19 15
604962989 319329121 982308013 990103470 364773459 411990754 117825004 263945594 461269040 490756117 967395436 810754211 969662961 840301831 779628497 75340376 209991607 11806572 768237811
15 14
748711818 819454587 431537689 914082154 303385129 755629390 839091649 203266423 388310746 238009748 999741692 636831722 646509380 755104336 575409016
7 4
50781697 43132001 17980437 897416937 273191883 694736584 152218814
9 8
351402533 658474116 849874570 596052576 871216810 138389634 366278728 133855511 216175172
4 2
572748813 593376050 325549398 237232486
17 6
509008910 929110227 87156172 752366421 321268857 205358150 410494095 205278204 229577619 425910601 471622161 852384745 509599970 449565603 702652732 674982039 118670518
10 8
76847607 183612278 343776986 256756973 871577913 971245913 575814503 276700053 697661085 16340455
2 2
302036672 56757089
7 3
658141875 776401497 273164217 711669889 66548137 222597444 34278279
10 8
845502085 173799732 121404706 726764497 571523294 62471534 377849954 261888561 538033191 480110733
1 1
721873171
1 1
231472607
11 7
390780419 706274026 280867873 504788820 858597653 972783620 800968988 242588049 498772983 803651319 113310422
10 7
99418976 681601713 537311350 344045927 253603591 965020517 774944837 950776965 789098775 468100138
11 11
587883396 203391648 892931077 547508836 919259091 984827152 937899659 232652654 191871088 882550801 657248443
13 4
923950406 713004275 163060405 134380389 78090211 576248213 264851779 343275727 106028559 504109625 455071961 634161285 366997852
4 2
110222036 116949591 873924434 78236358
3 3
515909727 366205118 646589149
8 7
934688375 678222655 834612787 242571963 389594200 961935377 72313495 932004745
5 4
537834573 764865444 594905704 170769220 379610426
1 1
385683787
4 2
656382927 6864427 609880422 975989650
14 2
815760266 255914986 804255289 234382385 665430418 616300240 106448506 558344528 734300274 604640597 30572120 22006710 427688669 242601126
5 5
804081949 740059515 654250782 741927039 10549740
6 2
760598948 302309439 832640056 586332030 503924783 246438595
18 9
702598827 289099119 182689013 917630755 402795194 675253859 746944955 692364734 560765707 729816883 21442246 541393725 256570845 465609005 815025819 832141135 181907629 742603061
9 6
226419195 274901002 888912369 476065866 420639411 267038016 200968366 222784785 430499830
4 1
636797282 692615258 714673268 322771630
1 1
470167642
6 3
69710507 402141585 338848410 423650187 746545500 116029718
13 6
132520161 987696326 784487754 993864485 16835925 280839521 749280728 326787780 768980446 706153576 891401497 342589659 187586537
3 2
781083802 755821174 245230
18 14
786775977 104931971 941089130 739691620 241485632 433405053 138379993 209662042 78291878 938856986 241163973 549713055 687183070 335911541 227208731 89642737 428280201 363658437
3 1
617872521 519655015 384687363
12 2
548386940 286869850 871432485 368192972 571357396 268333100 743993548 521110502 261481280 613840158 563007931 670492311
10 5
841178586 954096622 716962774 21280632 794779688 197560868 735694535 485345538 653227415 776865228
5 4
305017239 929395756 613705792 834894838 803066553
3 1
818785299 553253730 875340882
12 5
625157133 556386759 771431163 82472576 922854740 811583357 961659035 72277644 184026866 937623969 639973737 488797282
1 1
892672349
5 3
257802546 91869909 170463705 239386179 201519796
4 3
293840557 528679989 579962693 916911519
14 13
18479167 268070491 222091446 716598438 502592832 244337516 828263410 149661720 264905684 512998623 196664053 833778120 700259211 250676296
20 17
644878211 41735380 766924131 567673796 285562420 622221658 366804320 824066713 49562055 674657231 863568035 953448535 356069552 343403773 437339187 781480492 843187076 135895101 9214856 537159530
1 1
844119797
13 5
363649010 729986828 295734036 667732089 757521241 426429030 665602365 980808523 225082588 164907901 949884747 570644059 489652797
3 3
786148246 375655319 171379160
7 1
868518838 331857385 897362543 89624601 208380270 370507744 446648391
18 10
202712995 288997684 124958457 859681949 985644266 283965165 928781034 835659504 163687897 364215732 659978518 756266774 23350869 739430180 986858325 723156809 692808029 26434340
7 2
254041144 49607304 890305134 49212999 340186443 770614004 941152887
15 13
473242050 301551752 301298978 199015581 119446641 28910793 802728828 484108849 374190924 654573206 805300092 443518174 387120351 762909126 830026934
20 13
202234590 713559125 466285323 412403411 30286407 988450209 209505662 585830130 221684016 296532759 608012297 681252300 895244339 921795070 327872070 865277250 634135058 829782651 979192585 860800515
2 1
122508816 369504778
12 2
651718066 828831497 320074317 818872325 916566262 730937601 160999054 129586763 744516673 972608148 235802587 789342076
10 4
323894960 485777173 770273711 534580342 378363817 680519269 574501055 483251779 502400440 213216941
17 16
35763127 553042764 359651313 451217750 16317429 683981963 745768479 109031233 246812930 71592217 158983303 162239570 487543063 352144717 216065371 223952510 761279084
3 2
280850304 411652838 762128971
12 5
97882756 998070870 414104108 999877758 594890213 879949120 129081742 903632829 702253335 164014296 621653576 16794089
6 6
880933068 861624202 759140035 475763743 662501418 515958952
17 17
343714010 245306468 386428822 484983111 581674986 387999672 606498155 244399191 305033545 859817506 782031589 360105840 810543832 510820271 593017559 623111563 641948277
4 2
912144444 91847417 4981919 775045510
5 5
208650095 463217190 125084627 203994175 525010671
16 6
105262750 349177111 269036486 988848310 646093916 613033812 914416205 190931994 555671858 831397254 706727948 49945144 834218666 246513704 773995243 311318610
15 14
738877892 553343849 747004463 415316735 775662033 918037514 178290349 92796690 454429218 840231618 722978184 872052197 329941333 445038692 59462159
5 3
417052588 160003530 926519554 587457361 768406360
6 2
212550884 71773554 15947730 801596960 982335256 684864308
6 3
808074603 657597379 629918868 915530828 719399131 289819132
