48
11 6
630054383 541616577 231901472 803234839 367353124 413722344 983235907 988342168 203868791 514634872 186719082
12 8
34770971 782509468 438727434 969380656 851677387 132655997 849914561 977179726 500810360 265925673 900188549 2454815
15 4
423305917 694972800 321993506 493196412 852679358 572286954 883651490 325445656 137802672 151568664 28607376 710584170 626148760 240377300 142880374
14 1
170958647 598288655 31956083 374669391 66933101 593459223 74035049 322626937 769364008 43858297 497294273 782442681 891662169 513398733
19 7
435371339 455061682 265141222 685485985 764695605 874709747 755728717 140308899 25668846 829099068 988558867 856819676 366477796 596345980 95983759 560652441 685471452 939240557 282493784
13 1
1184645 242098341 962887945 141551952 848449234 502859644 689245880 968944980 462358531 703814046 217551317 576946995 669922166
18 11
837599 253089851 15700014 219830695 888874805 880219936 43111682 980089551 616459497 926797227 746037161 746241221 433422258 484110349 804307193 608426946 321354252 840578124
20 15
105321502 524145685 701952401 171755372 99786841 403165847 590850216 749290249 208631324 837234021 45070619 153836239 884585177 133549620 319922828 534903933 833389510 988861180 669044074 741541273
9 2
504773859 177982909 227144445 593214934 731603455 61195989 353894178 307535899 581837587
5 3
648398202 157168069 785050951 782415411 869122830
10 1
85217724 35324141 714909324 854936671 158774456 845438622 40551000 401313556 277858293 815577879
17 8
604278250 432412435 667205680 101909851 446001697 736970350 36650339 613026282 925035790 431560579 310872674 736655724 742618137 864055362 218594351 860749226 530521812
16 6
535713795 27962471 644403584 193937427 129167771 834509224 648686785 43727747 424553857 993056926 196473750 633050103 229787775 878779697 102708227 760043845
8 1
493229985 806176511 857687473 738706781 925088755 838726372 195075673 583403952
2 2
571478289 276223323
3 1
94903958 428475316 264201439
3 2
725907322 362759933 40011683
1 1
813296870
17 9
390940851 954226888 483574775 485934803 8572241 146280928 741457377 141985924 846135382 704501488 528267403 565752264 14323714 935104282 882122831 143136292 24023535
17 9
525635619 115808987 719028688 386328748 794797239 161642184 865526951 130943813 620246001 882656467 442813916 377645826 875870292 656106530 164131964 855107689 547100585
4 1
641164091 552936281 138511671 678812143
4 1
696859423 464346935 374626162 37548577
4 3
77674733 600238431 816982726 43737197
6 1
650961139 843047976 800742461 563152981 234369623 246571492
15 9
779478120 434762174 27565079 110188497 446907446 640468747 783995293 701549083 191773631 168916742 571133101 538004920 488515583 541080563 844890034
5 3
998835995 12258921 580875119 88380806 996079875
9 1
303058852 944060957 999901978 362672418 843359569 159743041 226999779 936064320 252178919
8 7
316126666 486259955 193454737 946831681 963779999 73531544 848472960 19568603
2 1
270635072 411581470
11 5
611378490 452845060 265233050 803838414 606719104 448566286 421404330 850607425 449558794 589215150 949073005
13 3
999820340 739176307 82402134 427960893 697830100 455487271 393801023 615430041 10050694 215087796 864982948 769173276 515298265
11 3
64260953 407282244 921080193 534711196 657443324 405157368 737280669 578216801 866673919 725416055 757389950
2 2
273377909 505514425
18 9
582424938 111534156 512309323 377086992 171196523 392582821 937816661 907629010 778491035 235342663 571985909 163375474 237783533 126872871 419238427 411852803 392946363 480199232
7 5
898034584 100850379 9820166 711157096 730036223 919582669 990558705
20 1
163155487 570348171 253331920 946386318 626499969 42963132 138409434 831194340 386442047 341566969 117272474 834455974 908939111 476560705 634411456 798113052 589635775 369973648 407874143 940245957
19 17
372493582 44802927 954904513 952052674 161158440 484721468 592510699 812787957 271261417 385232454 863467870 755593546 802860574 903124691 337024884 335590637 859744630 701073485 429841317
12 8
159208655 961990865 176168004 525167390 469462406 764198502 827047666 624730 642975765 440857380 485898442 290206720
17 16
261042059 1149483 383085588 328832001 192137119 677927853 136178248 287265443 739353037 93196659 643388450 201744736 72245617 510912832 746808546 630868226 556296818
12 11
658214461 629274755 430085743 154921597 828028167 298226824 255436208 914043499 808614299 997888975 258207699 733439444
9 2
433653555 970226816 87714709 728264508 221750666 667659455 27912886 777661653 594318026
19 13
241793003 684550743 778649831 899080900 636244330 495838834 309946025 146136934 583997926 986009547 785380693 250506495 331314164 600798464 530623343 386242393 671089438 932174989 336128573
19 17
895678643 951246561 727115258 270831577 58472797 334032691 854620021 407565921 480643633 456283684 407120333 797459989 281775683 860326444 842605932 346386852 233728747 958642411 711148735
15 8
908188385 844154111 902565982 107244735 952686846 512894997 971977115 359718168 527410669 184021867 661766597 402717792 754004919 224948315 653330506
4 4
295702512 134299791 411805311 687444817
10 2
387690482 504138826 603484666 947354935 772247930 10235055 245858066 986565233 889999568 508679724
18 15
920351946 80785900 476933604 394635048 967510445 308267990 5199529 466780494 708768083 578832852 582829993 112605202 99361422 320249486 232691213 888623397 369901825 567176923
13 8
630380724 504981920 307560509 534516968 503924180 504663213 196788610 7244011 352376390 309569636 607537072 400936187 77633139
