82
19 16
140476226 17693727 523785629 714483499 181026414 779580469 337422901 599275540 902046872 657376405 214944530 720491706 527797917 787118695 423563928 97521859 722011920 255464663 286348205
4 4
8939761 227794326 853536282 41142522
20 15
318749511 797427808 103828377 634893537 948539873 582039670 447476942 254743673 785661061 520413713 631879601 963075363 499009042 118451395 546233958 568206112 768350664 585491469 823350106 155255894
9 8
659361019 445129778 925411893 711269370 146003413 274844953 325176434 909108346 420643700
14 3
133339331 927743342 20998753 891620559 570361184 74564852 663333363 423057298 110916198 446666130 603457905 877407373 69287548 494912170
12 5
419093864 346179723 183278612 410893998 869829375 328680628 915717315 972975943 261642249 505671366 975756773 976708097
11 3
587037234 964411459 614647355 84735571 923939027 679128185 17645429 735547213 127176345 803247738 245814742
2 2
56859603 778291351
16 10
454793710 346058023 987742429 3505643 233549216 101197119 193743951 747628473 735296617 381267958 652202260 450323457 103000762 69459472 375370780 652376911
9 1
259087216 106486312 191952481 268145184 634911952 890054495 80077561 947618369 903479652
8 1
722093275 203642329 323925 255337901 375170508 680242191 946759522 69481980
10 10
793963086 73089490 648138689 824531321 37666040 568211327 589303203 652631000 833945336 910722131
8 1
98280940 812528838 43305005 307199611 573851843 297762923 13482843 961175398
5 3
545382678 4297306 339095174 851592437 737776836
3 3
142721735 559993016 28630543
18 10
871347133 765481281 194671169 721350847 132195770 73414911 810004173 522394027 27540454 363774287 892681073 582404151 201974235 303488192 789589462 438093393 413950080 349343625
6 1
384517550 520919592 215576296 409194004 656972716 575350212
17 15
178526639 322104458 546992321 653812613 899527174 701530699 439897925 397974309 639660143 411106102 357458015 471171850 401744323 598798788 850110005 628706256 810497863
11 6
28190242 335850303 577737344 886963052 826365365 815053876 628844873 913745903 104228891 6873342 438089610
3 3
149417537 696717892 15746011
8 8
803986611 184551011 389715813 513010504 159587955 615596303 879925210 54365675
12 12
926460416 558517575 791377993 595774868 198344687 293545210 438379702 799552655 805303619 149018509 161546188 756186542
20 3
426620055 506856356 351068308 35173421 700900345 999093808 696989184 861418718 545274286 423489803 273077457 207245437 278312830 220502745 808251330 343182753 670810430 91471037 628241719 977340636
19 11
556345401 738846876 149779278 877183073 736967888 374764316 156789222 189066730 493871556 994686150 928935720 942458463 111284225 869865520 743668225 549528371 846751614 557462793 126895645
13 7
293576519 50150987 948953119 332480112 109496102 766936657 220224546 857593337 437453770 229158955 516127179 620063996 776903198
13 3
25429796 319002724 814210502 468747829 798308327 108959885 362145930 761235812 454493570 535245984 877193671 659711675 151171101
11 10
758041547 840585502 111465242 733590527 541454458 367773398 535686390 214253673 703573627 547570221 989485891
8 1
95804996 919683233 808424847 269646810 485387813 350033315 761037343 499201147
5 1
880904109 23282322 439424061 189518986 452922512
14 10
499402068 512083747 49974234 380123901 246014817 57973617 501863876 269636524 658787106 754698329 899084562 100686123 915146221 810514839
14 13
677364556 831740605 248514089 592793266 931211847 257571435 893179259 446891076 694703059 302951037 343202588 682932744 180613824 707017790
12 1
161575051 370795297 381500182 242044464 896641692 222032960 476162787 826140130 624213924 23198114 564003909 178154576
6 5
745247064 810556964 745456048 834955361 727203039 312785830
18 10
151287092 905079062 888858567 325866520 37653913 895963584 113847415 754522503 974790199 859508302 824926986 75032235 29511866 789022434 766172339 481115082 619054712 454057984
14 12
223643981 288987062 802435455 668865739 127575454 493141048 674538699 137147058 787819916 500630781 351856764 914354883 280561282 27571651
5 2
483528803 828473615 204102960 752148780 28441205
4 2
277417996 874558272 888670446 196103645
8 7
559723186 316083794 548352324 212573763 418255462 777636319 843264117 411746251
9 8
74374969 919394815 177372639 766270180 876754896 436638690 377656960 804310104 330932931
5 5
475875720 755468982 928032053 902986770 329205065
9 8
417089663 983830219 737556112 482279985 654655422 328102332 508555973 138844153 494974534
8 7
548448466 266884528 208364592 611164893 255545070 521044720 207324778 42054843
3 3
657519628 859953001 280825949
20 14
518828997 23396216 658318991 30117103 71809419 938347095 609561199 755876117 579234727 854779256 530194348 64649197 306104325 634689019 958462637 268286243 794167830 4208382 26076665 616139156
3 2
158525346 259322377 768114097
9 7
126452073 409874443 2741104 342718718 925974788 153982696 374311459 39684345 978383391
13 4
93083703 470115208 521244970 144296142 157710197 795665229 261957401 221439786 593984135 23372329 280393295 681412453 469069108
18 8
426814512 812693954 385069943 300016071 553631512 135849862 666937089 968006015 313032930 581924018 208886244 218860644 245810350 838194820 331021370 863514370 472327034 927402620
6 5
988126662 562999625 520660280 300086008 170313333 458758697
10 3
825099839 192933118 872757395 447648163 397276555 246791318 537073177 992837880 596902085 314288221
10 7
29489192 743206681 755407484 437156301 315018993 499248786 54690070 454824682 225123213 829096001
13 1
803570786 2763330 952090811 632511207 154389388 544372889 419270050 343623982 58108736 370509313 681744874 985097236 476384721
1 1
930198836
6 5
357482195 796080847 576840780 997591382 516331915 967256112
7 2
548773690 439893171 389592168 698813925 242111264 293153507 972637115
6 5
412783049 507960837 439235010 674202716 982704527 814410695
7 7
657585881 479499524 462371050 735275032 225039612 597840468 757947864
19 15
966998148 971515462 450005340 424192833 961635064 196359270 909646735 859030375 858683273 201084534 673332625 578668938 653368930 838482653 952137506 453024348 907503368 153846664 940206179
16 7
131037104 877521240 821249342 971479707 912463499 983564639 11401243 613900546 867231859 229703806 800375527 555788057 186288929 624950569 593135901 823299495
1 1
971262609
13 11
778117765 554114091 16287344 955906053 475035536 334021078 40748665 357598043 714044003 465058019 248178639 430826542 279342016
19 10
96129244 562743559 331696698 326700485 165315505 516161604 781163869 934530055 812526123 116824293 500830508 269751715 274647425 132725183 755044800 53026191 692081096 559658320 203205587
18 5
241483030 809006299 900671533 43079746 673819154 675607726 473542055 145982457 666665057 409966897 110161719 823377052 754753553 79943963 864247571 983947313 197201994 349633685
13 7
940952702 431280898 328434046 175743700 705972907 506324851 577075473 349769777 700073751 911165556 270562043 787466082 995021686
5 4
713551126 238442880 854374265 37396822 684426297
16 8
196363843 793540189 732631015 696339714 267563463 968845138 457221738 966814595 757510821 95238846 925731612 234221136 107069662 807079435 121669458 180363395
3 1
390396062 111605764 894842073
14 13
77955683 715633216 810243150 664857078 888137198 54265474 868042155 783355906 334741738 162028816 666509346 221522541 949591662 109571466
6 6
389777903 798155971 581108174 928362318 970625094 866350182
6 2
297747803 415867872 474052354 371007793 166363091 821750559
2 2
938604825 848364065
9 8
110241425 703493854 84649739 785366047 813250004 50560323 698926979 920196551 92419678
20 20
583356427 223811022 902642739 893673142 822981495 36131689 196266887 130006338 188970550 531296142 670669498 707054898 179877263 595394601 677973587 667741914 976914287 843509790 301418279 150199507
1 1
813581810
6 6
255437325 219301878 16818345 379244135 728466381 969748399
1 1
525691644
15 10
812378932 862356839 478011123 662480330 14372104 381224216 271509348 742599555 313350031 915354529 585665126 670382092 561852349 856844475 843360807
15 4
350180729 778183322 623607418 453468814 908298136 129692950 284525808 378885770 656442870 818136031 903216150 318111704 493776952 676304836 816100875
6 6
958430568 718067173 670938720 463809662 675680355 512361034
4 4
396097129 672608072 856676453 199179759
8 1
994209625 112524307 282294070 750277616 309680653 593027513 908392438 605206027
7 3
605097797 850546206 653562568 70078878 856802187 923385059 225936521
