70
14 12
944068836 906494699 151649234 500514895 860273584 866417490 964197449 410933996 900693057 936573354 616630020 190652858 403415342 159467319
15 5
853479191 924829817 79747175 137562261 93234060 424051304 210676324 248007348 769602835 827253175 124901546 891665838 775641398 612368935 44695065
14 6
407104223 383177634 599484793 545761895 57037066 79039699 585902897 110246689 733202867 573389244 261686054 834605567 420656335 144036719
4 2
804575135 809592559 364530154 999304538
6 3
316386675 260024165 819999674 880866581 674935378 855759612
15 13
773321455 654239968 207824115 994032701 412006912 468327886 555481536 387767097 198136981 604016431 67593953 660587501 357754300 173425610 686788628
6 5
396890433 132830487 356779355 730981035 959000728 315485589
15 12
740100728 282596306 97298841 871978925 184909844 152514085 843839494 864839751 721757541 322530576 977127537 449068019 420846633 799130607 350958137
10 5
954680066 534106702 794916646 594329258 542664388 651952299 710048192 298953616 445281019 999949873
18 1
97442629 525775244 400759487 335861368 997255097 311319863 121840489 499640701 801297250 810960479 627815328 238968324 857011413 355017778 932736867 248499159 831540557 698124418
14 6
615261979 977546250 31062177 723365787 125424625 301877183 194838382 916676766 722543460 42588365 409531423 202720633 806093746 99447698
3 3
878012684 390945458 518811646
15 1
654887283 238289948 232220940 724981228 885991804 171161438 349923744 351807677 824589743 921089473 132496088 879653359 665418233 298328233 27663989
17 3
730987393 984799332 849606355 976414541 275793300 489287054 112351280 611129753 292805444 539438097 965961881 761720370 453619443 729474693 33502307 891847990 128928886
13 1
87885509 641622361 643057981 779304928 31719002 434420012 262055200 533493913 112199308 278859525 751803856 89968432 489485475
15 5
631650797 820609450 675572884 372364555 812336278 728239421 591947794 246722471 967635484 519220997 59674585 335410222 196603337 719620623 407757137
1 1
960846259
5 1
106898664 884929387 849916431 914934332 973493095
8 1
325014750 316985769 347661779 529759469 55560339 793088507 123236190 842411762
3 2
863715300 331245381 117914696
16 13
204740266 15145053 456289325 524340564 769132705 47661276 229312670 940900843 726671173 644005938 737597623 584774548 476325520 506499604 889711151 131423777
7 5
859590144 159599222 274488092 423264109 118606465 934320878 174733806
11 1
680350577 263910989 345003834 760568397 993758947 701738159 765420653 813734490 494770118 128938996 623068706
18 3
970808622 490302173 681801668 286532038 215902619 102305017 976893593 199359897 361730448 564885490 380048126 14818072 547086484 875744803 119076585 923344656 990233047 21393212
9 9
845885858 830774580 574090041 299144196 976256198 560594906 416080499 21483103 252210420
6 4
671322983 810688557 355412058 299076859 943117042 788408576
7 7
896836243 282908828 830023048 965059905 541940803 208961016 468858783
2 1
418321467 780824096
15 15
998980484 446764296 502617815 556040161 111113136 63803154 309133717 648762305 361452279 588359648 409021453 28412359 389487427 845790160 837588664
4 2
876909574 746969195 330871608 561487887
12 6
939839886 83289829 696832487 632269762 442421601 149633667 105641463 653553085 140683798 762814912 75365673 77182013
2 2
158514698 449385362
9 1
247378265 35139580 322162107 300050665 653655575 109613677 676773621 831010446 484082775
4 2
578106991 667645016 416016744 573226317
19 7
872765997 43094194 632105972 26972044 619760792 431593396 808155517 322651496 866968920 176868848 852061094 120660305 423677048 893775495 676051954 282919610 650264332 544756185 870256308
9 2
199948056 838308028 401028372 11366879 211778510 812250273 693562176 285476468 50647947
19 19
100369239 909014335 708819115 123371403 677140805 757894527 53210182 532798227 952975892 768836997 631760896 317159101 66997998 698962586 500638150 168168978 795598524 576088043 462577243
2 2
329502305 426481591
8 7
837115143 89936057 638985409 793082113 997701989 494809911 9168677 890209457
7 3
591271102 703111373 860971346 919501156 186325222 113447059 294722838
7 5
883442125 811098674 561143465 478267281 170924878 730125956 752164776
5 5
445707993 172169868 453085655 613696416 807514936
6 6
626184900 159612235 7375735 362846431 458564698 367551293
19 5
3112494 97150053 460064466 959628865 952643416 223461271 150633840 309481722 207179609 765802052 400090329 120879562 781560262 212491153 357700666 298067830 968810297 951506695 156045613
16 1
315487015 652563728 53165771 286027923 278775353 804875035 438273768 964684822 233022535 462763414 365563343 861451551 432979315 930482646 623124742 901101070
1 1
452541702
7 4
983670927 932637767 281783920 362072553 331187724 87271817 791026549
11 7
680113452 22730303 329504808 599360072 374176941 191746374 593278424 919507087 408636966 877258467 14961993
5 3
396790768 805990922 111875533 29954579 3691597
10 6
21650139 621548345 275983862 762322131 675203265 166510873 15192622 386700643 268616024 236508073
5 3
256213208 786366539 694134977 389295273 997866454
3 1
696773227 837375847 84397083
15 15
309973183 398610698 987654592 19003801 100503568 467042702 990486879 385308637 887844608 342746849 750605026 941921339 471641830 613766116 370826832
9 9
975763594 90541158 991592950 381104114 812150551 893387994 686365529 829766274 461706834
8 7
426757429 227593040 574874496 220171361 280825644 172636472 950643170 633390672
10 6
316835224 366953955 131296753 93650787 733444982 375143024 600002632 668461597 32449929 403251038
5 1
27479109 560026933 770794026 536236256 321527041
13 7
352949738 184975140 880749183 367692502 1242473 322919706 526353156 234532055 143008342 107107369 882752387 477460704 180896366
13 6
908524116 132125044 648848306 838745495 637438267 241998554 77520308 556624414 84894818 228608405 761030468 568974588 90805029
12 5
290571258 126448481 452722063 82398294 82893522 598342046 807326577 973332964 24382859 953941364 659955232 37168522
13 1
149453252 849528618 40191889 19472531 584990077 971363986 243639255 803791398 924235733 335006062 707930642 696564660 422963288
1 1
86810093
12 8
210353106 754675718 531784057 285713325 143867841 471914451 924020623 906052795 341172487 118941309 447668504 597330090
16 5
978530230 235087493 619368774 646591526 960404219 785641737 801906959 782350158 83145117 486148926 54864588 562747392 299675525 245840316 195276430 154005549
11 2
229690157 539738357 9860953 918165851 324720435 278617725 598113406 792312941 346201986 738563880 487308858
18 8
386447382 703360113 762459299 134077092 949671612 229818779 481745172 404977595 908765192 492851056 814645701 498757926 389426308 957523134 957509121 774394968 832929286 1444489
3 1
63188860 784577232 350190490
12 6
728320736 744086197 712703158 184124498 873105258 187253246 183761395 972225935 469047291 711844059 66008740 130059647
19 18
548405160 261297419 531080330 442810135 651749552 67744137 496397291 968677589 217273701 673321627 714672607 765886440 47345514 629308990 828991574 650572699 461999909 507909886 572832134
11 2
638595529 513903775 494734200 557542573 572863087 212558457 379591254 933905168 13106977 787755094 221939815
