154
7 4
94137234 143657613 936003191 213695282 698472966 25627896 426097245
13 9
171381656 490260185 891213167 825847601 540323121 813802326 987479956 948375825 766379793 727135845 527621745 771150947 596237658
15 5
512213444 425319937 123052210 231017059 964544475 757185820 537842265 228730109 757055349 884180247 165204289 354498773 28595530 181341458 702200941
4 4
792128340 849801642 403743766 495542098
20 9
221820502 148351775 398638939 679275482 112500223 477661023 974571645 933179841 546637259 935280761 52174886 596417909 797599254 410999221 383763719 7719893 360864054 953737994 488611203 817680477
4 2
107319124 527667140 187117791 626891395
20 5
13382630 684900962 738383756 147288001 202831443 673689133 914413881 316945066 393896304 571924940 515256287 968652055 772640057 161995115 212937510 929766825 661495064 910637151 574116556 334341240
13 11
513930535 296987022 896142042 101392933 930232562 610423872 696889159 992877446 601007055 856309557 569934639 940272568 136736642
6 1
525541071 743297283 848178599 660599097 548225007 242313295
19 3
81206885 755129416 250869950 850326499 712694262 528530446 3799015 632150135 754698763 394990877 783299658 613098503 612358238 609201356 233585624 594562545 312249961 527771454 129941717
18 9
656957015 643391704 906434081 823321697 684785267 216397082 404994878 496661077 64437807 251653478 95152038 144625863 322066406 754330962 672434746 927769221 266979050 556511419
9 3
347267794 629199318 914356576 729941564 425101350 840863032 549858620 503228727 211643532
4 4
6049956 208768048 349746888 577104956
8 7
362320748 163208745 489935170 70149505 406941896 799422928 177340920 741183621
6 5
716243312 826571936 882176378 771264885 684028257 125378376
17 13
516862850 717068070 612032610 49385846 216438037 70999836 799318975 737903628 107631643 739796770 277233794 634489662 612986485 398501026 924189911 563067034 991761243
9 2
666498263 603923248 214936481 518077531 943220887 177892548 319414410 390994308 899863262
19 5
907755298 461449079 89186717 343226254 469431548 407344723 546833874 978486599 854459721 549981050 513491561 466026974 326685498 901690707 533830753 478465785 335681890 45306773 999872722
14 11
730123769 626885352 807043864 324664852 698870258 298637330 954432706 705713232 185022229 408420010 360274235 599837673 591034792 25582451
15 11
698367583 792331421 823578690 496614343 42566520 821464275 419553545 202859638 910263353 579937903 407031647 576847327 882605705 223328456 83249708
17 1
897741961 256632827 240793373 652833605 18402592 162165810 628021815 619354778 796492403 48073267 22394316 347032215 590034142 117441937 329086236 31833784 42944086
6 4
754371299 865630856 767937082 934409536 727395953 670738653
20 19
479694198 344263459 376191950 127320117 414286727 947829953 885987250 726502690 668743896 916585608 16972556 408969989 399395872 54184339 83393956 775044675 312983654 460154408 475574752 163333359
14 7
180510228 352268276 84428209 525433599 72039858 21513045 704475558 964381736 8432357 681426352 719132806 221997530 966080229 567674676
13 8
162578088 586139485 393081920 693789688 163948041 701826707 598787161 729069581 572901829 349550363 324154241 756052045 587551391
10 5
446606534 179670248 971683058 643359387 322949656 878306464 318453154 825020756 647900443 792032371
2 1
160693711 139545091
16 16
637597376 290829664 705758242 88814940 452518683 51292701 883432673 568297112 177265071 460137704 342575228 751577540 753122794 47631563 583769363 138552199
11 3
238321157 169272402 979969077 698897655 194074166 968529581 333974243 896311282 803856736 777147144 153596205
9 4
141536197 444734191 954553123 205311191 789162997 698791641 579744189 589918495 831635814
13 12
706541179 948966530 568703456 515492384 776506475 50842391 939590187 735655538 992156571 958217525 533681249 233547087 484905877
1 1
257078043
17 8
621832847 16636726 952330494 401926720 498494726 308369398 409021192 533217908 953268140 231787812 56248820 188463003 386851120 191446048 410641908 844878755 617822903
14 10
839619557 180263070 971490785 808962402 682008741 461907597 643368508 706782658 20203580 626629822 292386152 348766782 494601191 270016543
16 4
56509635 977814142 52330082 727254790 782276456 210819412 593185372 765541158 970548501 508532024 452453700 782384176 133070813 817619474 368750596 541992274
20 7
58037353 208314550 713989224 908677136 307874391 456949094 128800442 476654559 199298511 104524769 110263430 723044033 38227611 395528448 181639818 111339383 885977241 32890055 225070169 988815675
19 9
866533746 961285729 646669438 485982838 230879116 745608166 666226808 594487451 541713766 859540411 798851282 218248780 864542520 146234604 395625485 689635196 524778441 768507365 899691484
20 19
442074562 418742686 818355939 995095780 468639557 436155169 490639907 991212094 187503282 6793642 108928318 825202720 822437409 813981552 154136624 380209863 711251421 64842144 898993637 248331514
15 5
291553142 158010981 896231793 437496762 843945722 623905094 339265206 142464023 6246317 108208351 791337654 260033486 294350758 60369713 299040557
18 6
893000202 57704308 363197151 670962692 717198676 452371828 463998915 702946836 150841371 242544938 801994038 98480105 234983511 42846849 108962831 305991033 849548735 333852577
6 2
553453054 793601971 516739927 684766466 301061974 258068677
3 3
974790632 862253387 844785968
19 2
403156110 9244073 274546816 639084833 593675013 900153955 542415025 860172305 543939004 918328022 804079358 459515400 875678967 276584141 303334824 320240615 350292588 630352695 714467671
19 5
733610638 6140940 16047814 851494616 898398775 488729901 274087406 315909845 817183428 997329098 425847607 760234347 433238172 967741787 557886218 507445033 138220467 253384524 441976560
11 1
344506127 195312137 998584412 55123056 172580200 952986684 651076407 116344897 708447284 117105502 786583466
12 1
955277723 934094350 160447629 234360840 910943244 686324036 176469949 469927433 401756412 782077099 306854395 574581568
12 10
387539520 562930070 200129427 145338379 919211207 692161753 219823331 464072349 748405507 659999473 589371633 20914756
20 8
55873444 693600505 245444895 42661385 382374383 310944849 324428122 85644756 681467760 167303434 448609067 490988328 789297390 71406553 803725013 297480511 149957961 424028545 249986824 894397325
19 1
615496487 788090500 128734671 488088902 856721642 37859760 422075545 421377666 317272704 940142872 276272116 786717220 324432943 600819833 534544777 215856713 165405371 249610661 712762929
19 13
224399033 793027299 894391858 109055872 237457646 691210019 352498471 336205369 280867293 190730345 684709084 602763038 92893690 646470181 95698073 581168988 876694815 305434226 270813747
4 4
535282716 738390584 872345941 885281929
14 9
979808542 141177279 768901768 909628456 6098186 178440803 768180277 314033028 988181406 967929064 175331518 117595215 35727533 650768097
12 2
635453493 962501167 255913917 447635944 38817787 117404052 149052123 670581914 423502982 526241856 935556619 164623920
9 2
715007963 648033339 544264319 705303798 907916093 911053620 87835396 940090466 912176473
17 9
633262085 167121742 476566675 765063931 750174310 993573206 891039313 915977019 935156166 650204172 262479216 150322566 565650691 915405424 615639339 747496676 390479292
17 1
711719672 277781809 483446099 288562940 425239651 379275625 781343529 945663254 741148981 456922789 883357658 367469614 203253734 414905121 668686777 652415238 169191005
16 12
43864173 152752303 19865674 477281980 107876075 884820956 652040730 322529604 349576745 967253856 333287633 209233542 141769554 961097835 401773017 273688510
8 8
130078374 554837238 722193016 854613000 411588134 896057230 818785179 705922224
4 3
72941523 662527600 279367887 506307899
5 4
162136686 75413664 467110905 612793181 998895705
9 9
781279232 331985986 2830950 462434165 305464434 489503479 336469151 12492386 251816385
18 17
497923858 728810054 140464916 436967281 461123493 943784312 362117081 912008463 583265126 956499318 408041788 298137680 203653461 321196833 119594991 922206591 297907282 732319445
11 3
552218408 68102117 372602955 364343805 257521255 68133097 336079872 509940961 101592358 851838497 833043181
11 8
604279634 155415269 27297514 289382722 493769899 38552798 648029996 534153774 135872246 679299741 168996556
2 1
227920664 277036549
3 1
283986718 88799675 940149458
6 4
491104112 782814209 57661581 792164032 627683237 176425728
12 8
800736813 555843908 11931890 529144171 541117978 619830018 996726090 805939849 156464827 817068557 615004467 557190973
10 1
4374169 990880483 417294022 888735562 153935850 549025712 446912814 38079425 302251842 83969344
4 2
929834806 656411153 123838906 859297593
1 1
231927233
8 3
878985100 105013128 903941122 69590211 807609933 896556102 839938098 833445353
4 1
979902887 391210835 528153175 453160272
19 2
849266365 143662722 262934548 699573097 590191603 702935782 390153198 252802400 84442358 451997540 110118477 8874279 87261130 439932002 881675901 752812240 852557506 392711794 510173853
19 13
963778628 963269287 61867516 751840069 311686063 227192101 619585456 46960564 544039349 355127242 889789713 914519744 923013410 798748592 96086648 626022248 605625212 311716505 910323483
15 15
880476511 340752307 44808254 537915147 186381647 131411300 255143296 609778686 122066429 27225659 783873445 305385559 946848238 491543037 280592180
5 5
20597061 176978773 47281702 479295403 179906116
20 19
802306863 202215628 342973064 895367249 130653457 128291696 71146896 138827404 739866611 869420358 578837016 761880323 563567721 161808290 588559552 413755835 691048939 75200095 262058886 825031606
2 2
255704033 39087395
20 20
143609162 847048837 291585538 147780680 333672566 119337672 548963203 801550334 402200449 428113195 529029364 135576169 506031262 237057230 938560098 347280939 689074702 99148009 769794270 70066544
2 2
801014442 502310795
8 8
196390262 918537300 542122990 487424328 87564734 269329290 690240910 41021893
17 3
102599813 522225572 489591824 185886841 852262181 591031939 734778003 857148592 836061063 701000816 665064139 448467194 968960400 388309284 299882185 309082717 415686530
1 1
204836269
6 2
84295189 485125867 846929352 62634847 744519806 225787931
12 12
488308631 69010834 242243041 688323521 677207236 888164959 683831659 700335343 19399030 710679661 140078837 44575310
20 20
656726574 706596478 836668945 273915840 849020931 692833589 435335549 313483145 685020536 923977058 134419866 924448273 406908616 806706738 57668661 397171389 269809045 604228776 953653397 97476575
4 1
175543346 138084728 211457899 54816188
5 2
827769680 793994076 192914065 999021397 281943736
9 6
23692722 793343350 153619058 469203856 390335867 58697435 822961605 731482460 325577241
12 10
248454007 687448388 372619439 787162517 557819114 269659247 684592214 439727836 647304864 511122251 303273247 888296220
9 5
77349714 972080160 218319551 260323000 653566503 121383533 652814886 325705299 232830830
18 8
750112557 774622794 979500321 215970630 524055358 141942470 430734307 675479532 580426874 539392631 18239535 700603025 51115511 459413934 382522457 418459478 473761891 783210384
13 5
773207178 806905391 939440739 251597181 833292884 760851109 923270304 503826375 121868132 57701200 547075241 957069644 355546911
2 2
776632756 27667696
15 3
951821240 328465071 516780623 253121616 905415090 316994802 462759224 533668485 465225645 709421947 272206505 594484058 748305112 98725633 455323452
13 10
561163525 533738042 658827430 539811505 344237938 89477392 769685197 382646213 708845769 824861688 769998024 597575690 670256491
12 4
508199028 475578342 472070853 902250644 424109069 38878553 916145855 864099126 591984499 756525153 850732743 940352775
4 4
575090861 985906710 562485813 316457903
3 1
118853574 851856105 298883543
11 10
163640236 367152857 894630519 303016719 848655700 656158595 176582440 652753313 517171438 853664580 79187910
1 1
412023960
14 7
395672598 739446728 797656926 2153256 192110376 236850159 768864679 987401738 361643150 853575745 643235602 752038135 846292025 343431198
13 6
582536099 157948694 543385734 13740598 561162204 847134103 486535712 695300057 841563166 801298789 608512722 679719462 233533316
19 5
335905753 291806649 299187481 631466290 848398331 250513375 747430691 323843887 871511499 381183629 789233507 657988362 44874659 828050805 81745900 246055817 72947952 58350321 434382067
18 8
910257689 446115593 696846075 428413735 498221478 909585933 746949284 191249676 484288814 668703981 948512697 511987675 289343915 184589419 54988117 89906059 526690471 421187055
19 17
93455750 649098239 8118026 747888928 286230916 726357230 105149451 42335274 17437455 524335710 544394133 454833715 66405652 20425622 163445576 361126203 284316411 285671413 4588453
20 10
908626833 307260113 864918040 381283149 72586921 442381780 55244406 568425969 174623685 23076255 307409149 176881785 775108159 148939793 3571985 381369005 478878333 815929259 111842889 388930154
14 13
220514539 44935944 129631632 774759463 31897027 948808096 996120489 353476080 953034658 450591756 352606423 834168583 568477089 53872720
20 8
972584456 592126838 112296728 411943228 588325472 544309074 294663606 352697284 193753420 379721238 400352885 385208368 295145357 847815509 966671783 419298156 745107999 338500934 789401795 180209755
9 8
707932753 993446144 119141956 929964618 373504184 70814276 494934660 284251913 900498000
11 5
787969263 63863132 760356319 794010790 619502211 668515153 618916601 150709679 373336979 18710033 668112712
9 5
26429310 894941658 606540815 770429334 553339866 973309045 738934207 978424758 885908326
15 2
478437572 439736822 127538393 528112345 863623460 770657589 821056114 34470489 954483821 51054348 429162162 648591504 834625138 744476118 821923632
9 3
709150959 317580375 407610690 930358221 486877448 836204763 866336184 621041432 149651100
16 2
873921374 974749684 691024480 427839199 862164808 275324937 29666303 935638310 777839045 812812862 358297468 666334809 58295768 797789947 282725260 16367276
13 3
389385804 158794006 834734332 462747728 602857926 749788313 54658655 664435721 300244332 727187410 708757358 362534795 625733705
7 7
731889361 96537462 396492902 174752750 286267752 389347825 263588548
4 3
572317709 157933869 286142637 21976028
4 4
204910706 419697291 781311188 707693511
6 1
822893245 257665996 243487024 391226400 975085439 353650413
13 2
833966590 346161114 761193344 72897941 635883693 633928400 667182024 99034332 427870941 474465512 1566136 241450191 869858530
13 5
940132575 806916134 361504707 996458189 418303752 25342998 909610338 848248257 248978366 692414560 962564526 68984378 993536585
19 1
831436849 890426354 953961413 431286563 119035132 595968812 551707691 9337166 688338552 884249155 722673263 690402669 543213680 376637130 413682247 316228939 669044488 39904866 150398370
20 19
773557934 698758758 166069866 835698723 89933006 375677797 73495266 812503800 840998632 650686166 522971963 77580710 84854127 879363539 985157102 438422307 78515928 370322160 85565858 92318432
2 1
817487402 612650333
12 6
807209142 150906411 814390355 495653802 135764350 179602322 86854934 177832429 867710991 665957255 133881179 780511793
17 2
131350268 75784063 152754542 98489628 537398220 730450846 469477991 641400366 493292208 901130390 485318744 433523823 792334082 749171947 141806898 378845954 675392707
4 3
505214268 569993876 925226686 380939851
8 3
449190478 220473415 717761699 628425326 289432372 817563488 800544547 595266093
3 1
471174368 118525394 212818165
17 6
841877095 903087616 395676769 19370336 397860327 623143959 214145635 816937523 784722338 223694314 523744430 670483173 331229039 479602813 286384265 592825198 210032166
1 1
977493577
12 4
56052259 911769058 414360091 843546016 434524042 137727789 706001405 485326991 211727115 255454330 262561091 790335991
2 2
321423032 418093444
8 6
15072166 474437556 283379199 900757397 140605733 20727679 933723509 894428127
12 9
336441341 954562749 301331847 244750927 957388132 628700350 529588076 372737557 50951795 146218854 748477819 610840257
3 3
253790160 417559854 950783499
6 4
760552349 682394345 977471867 954871272 995841857 785093359
7 3
452124685 118250728 790807757 355581015 590657146 892145790 71672135
11 1
181344875 657838791 922153808 611360555 726175380 968585399 544683178 147777751 555695054 341886300 632048281
2 1
153586559 87527338
11 8
373348884 672417211 89094680 885457899 143623617 849402019 147235123 859227784 201588105 864232511 842920542
9 7
656654690 104590977 770744609 556247816 779397372 261146854 968040650 645826876 291008530
9 8
791217461 744571844 812695308 57333711 940585199 783950365 775693179 645572045 300903234
15 2
489327347 41381412 355708103 545458425 260153419 848514808 363514059 36764909 944882134 608238177 138236452 280617696 860259051 849786919 721482265
10 9
451723684 947697132 426570010 763514263 369575303 561448898 841734004 469622987 182563902 809384390
2 1
460645774 550566389
20 17
655563242 725766275 127412697 623459931 766941762 868683902 599823221 846901693 139290148 123161271 934409213 819291231 641056558 199987237 185313053 495009216 488887 516802073 61868851 366711610
12 10
412691546 705324458 588184695 561438531 113213633 595336644 358111998 635040818 559231390 212750978 804126816 906241193
10 7
395459374 797595439 728349287 521413894 274394497 186661485 37879024 435507187 192924679 83733628
6 4
39046655 698047321 849235521 772198814 259548869 889882401
5 4
281790854 903878895 465202858 423603662 254623149
6 3
431911198 711898536 63142173 16736057 90768316 803628995
