69
16 9
83640246 287745995 591791207 19775295 33758938 207000565 173266750 387635601 618264465 513774426 40874813 962752732 377381141 229675084 151361242 685202970
15 11
535262669 787423225 934297398 956682751 460366287 936805248 977129662 485392039 716551014 720659520 299605643 538790387 152392523 515664270 267068939
4 2
114240246 952211109 227645705 242879985
10 1
578381217 824220637 836719416 423275357 408602718 570325341 690280972 971077724 433586116 696965324
8 3
665795479 180387083 65988261 878696285 761731660 694555730 59629172 8690588
15 11
232487082 981298647 536810351 555832317 87025456 855838265 341221148 308928399 636426136 295596969 50779687 498381859 702852692 745320577 273795825
17 14
900498005 38314023 767565971 816598644 133647974 205591361 893647080 731729562 816449788 816497457 678336692 140763803 977626877 424687462 816458138 979947693 616619982
4 3
609600436 919716555 152042669 253418641
1 1
516818182
12 12
721613392 962300536 846194441 502757369 983655991 266483526 191128525 197680867 629501006 750685840 806671243 219653921
19 14
13717123 177490328 58620146 350365410 307093472 708674646 583940172 496575846 734579419 638838842 441680893 37259302 511170416 747114460 529012334 358385912 990071173 957161114 227913956
18 11
602914278 337539546 467720038 978348545 901186227 319250555 866742035 303088376 299044159 103952339 677835969 829092522 248044383 551977272 796864450 37116935 997294898 277300831
9 3
452791236 546939412 198676747 317044575 868821487 873298390 980005097 85751336 468497421
7 5
359715773 99374899 257554598 536069265 98035379 683640920 855982070
19 19
325691405 479983640 123048547 169275103 6332856 776885282 306916454 340295253 841020459 213948161 548854978 212617981 20103415 570411352 364855322 367053044 243779483 173616469 478372403
1 1
676385221
20 3
535626420 271897529 196152958 703593390 404509607 225270743 446016887 559846376 446144767 136968032 735304573 148297278 388674830 786412109 720335982 640116696 740772089 655921118 73047006 468120164
12 4
387480394 379402570 576935970 313007607 510015670 710166204 685728652 869279401 793375327 526397590 160861620 835079959
1 1
748602996
8 4
137698620 717988284 724776495 844573582 603983619 873469687 216437011 115582373
11 6
349158769 512803742 75378385 763636061 584524620 153722008 960347765 295328701 780563631 481985224 71144151
13 4
307566109 48607290 660324186 686984259 496848021 281144753 144404166 859402899 653292220 815286817 365102614 287499115 206504407
9 9
462331278 633423239 141189901 674442133 702675089 258307030 132158085 657174730 745001229
11 10
533086978 138385122 869085450 413308130 874852685 842339465 828198322 340259378 297666345 200534234 778491580
11 8
541916563 291761691 788009927 508643644 973509803 229919578 659326487 336579470 674602160 141128084 240260899
20 6
608281262 566999618 361525070 487824897 424805286 774028436 715832956 6754400 192180834 907191711 145226018 602539723 27049090 802217226 922814017 689598125 156905225 915880180 285669938 932308986
14 3
887793240 777750438 830298830 420068787 634923419 381302911 488932467 698277800 309107215 335384643 445328083 530846852 95790430 244166910
5 1
183529052 489788584 760063302 463995252 567140200
11 8
290671346 935078190 250309930 361094087 289185072 126220969 838937645 494228106 333615203 712081341 249403014
13 10
722784589 626202284 968473911 14253956 178379175 964135717 828156131 976821971 844188844 543650017 669859344 584449596 554568516
3 3
407278699 799999669 222150127
4 4
58838974 179560254 424003051 341262455
10 2
977494108 987312994 554034314 626245707 640768726 569938773 802224124 65225469 892418543 870221425
8 2
919780672 163154526 955890635 652991600 553215322 681680722 53769308 560131160
20 13
944813174 605717679 87813696 250526713 715492449 129293246 700308578 355250964 838014504 437382426 493504750 465141095 610347818 219383724 601853891 696885728 515062251 505185474 561243284 444321236
18 15
92169420 658259446 794242482 709182726 129867709 596468881 242380670 530078838 94007027 44825685 90241684 1463549 31896085 413089740 68721551 142801164 842775694 606826399
5 3
777780770 799599292 126998847 605701748 214914063
16 5
651559002 910989938 206216328 95219870 665153319 523891282 226877112 42340456 709873426 548868807 693423391 82796439 860291704 463757870 138515256 866801435
9 9
637946125 539945178 911145881 258743618 937419368 280852997 589641137 203266557 402230225
14 14
389090652 691526581 941911062 835525292 91395986 540821077 924409595 78237845 664008150 198812412 232298464 744957351 820977063 670950666
8 8
230873745 720558878 17984798 523981715 553541699 403382546 804161766 656495628
12 3
2433088 829265597 509833168 431171127 816151643 168801565 111971467 970342168 740616339 470407961 834087907 558605530
9 7
366238854 704742588 427536359 319634987 948025338 966697243 467218760 395426842 280337036
10 9
560739074 293611964 935570009 929006571 486637037 631239553 224260686 249532050 274672298 965647747
6 1
869991569 138520708 971099524 597295610 172512173 639520189
15 5
579096709 394029139 145473340 389507218 867026820 250689847 495304703 461352921 945930977 901719062 136294675 986504638 203428811 473399608 600996977
4 3
884531044 402354785 185601351 789385503
7 1
581889791 278146765 185779001 498410460 727131027 719175219 878395549
19 9
181401932 915009322 58975998 622198807 35433043 629337787 870854828 44884607 853061718 695720179 972050851 417469221 448205873 194845858 526318457 846898197 934300646 798142688 245836214
10 2
499184422 361275025 977998187 53138043 620048532 269645546 357006856 450686861 32802047 21812839
3 2
984482620 911236664 103826009
14 10
870202150 503247575 933784713 160937632 944761673 857437571 505006623 150445853 906799257 836756658 770071513 135986253 812768204 876220539
20 2
522188933 301466792 122777755 257131957 896293041 231386237 369096636 565257003 964303744 498322901 739814823 432967142 732288170 909383402 548011775 161940259 505114745 61778870 40545266 493070313
2 2
882134674 868031537
6 1
99819338 109307125 529631215 405647889 526865107 109769196
18 14
289564031 401591620 412463863 178929155 632913767 240176245 748511468 760748464 948730480 998126512 988373204 212532187 282949443 267308825 476803294 365361333 734063481 335513179
11 6
196524547 832015192 132962154 218243806 974652209 853476751 625864914 536663224 826549734 698533429 766387466
16 16
328845918 782341635 988325261 2059288 844758564 64480861 129774147 846014275 169163300 699783133 712723043 649299807 177614957 237163614 901961195 201461053
14 6
666790072 474811490 27099862 539589945 747766698 777680537 47505958 327831611 899936071 676740384 811634755 534972511 212089202 501231187
2 2
538941562 50511105
19 13
538423990 757153461 958036518 947556626 802393978 483931921 603071104 472145214 940417486 777344233 441250824 723502665 122485196 838860258 388610700 441464512 703296820 141077534 762084953
4 1
434031397 560460637 969828268 864744658
1 1
898627302
5 4
152113379 948441079 330033253 834916067 743101733
12 12
249017847 789560221 372850615 418390097 459173237 26056692 629572449 918821523 578670897 338190147 352506889 797738672
19 19
385202204 259595478 663450032 496659420 489496054 168179092 256052165 11000977 271352487 240408005 831529467 947177817 276987238 563492312 645806848 37259528 940825823 704072290 886868149
18 13
158461003 319013064 752422001 55084638 652210529 861899356 992356243 36157948 279142507 682665302 569869511 519340730 750621392 787913110 885391132 660185909 840656286 639327788
13 7
222835078 937286521 788199660 852154920 28548740 422081989 560528672 674620725 508589026 101487896 508315487 935593946 617115219
7 7
450819139 424410692 482813467 965443753 384252317 822091723 972139135
