21
6 6
999794433 257218432 324511143 281743651 948119635 497055082
13 10
537894508 539407780 794542960 378249540 174152330 811346488 738244111 331908707 995044068 571288655 38673693 619566748 111836966
3 3
558138529 941902687 424499103
4 3
443022289 642266927 723887566 986181410
20 11
308516175 814166255 316145263 681677973 298588674 876803023 981132972 728002920 914255097 482555712 641881259 500411340 31311415 696987904 531860712 752657823 770907076 375992447 133340039 241213455
15 10
27961296 331223333 605353447 725711186 395353055 640656716 504709087 163364261 760489078 112656087 485266878 952434823 164468462 588253716 795593843
20 13
965922071 937548308 490663385 165601864 971016322 494297270 421190307 55107058 693394554 553846376 939696042 263699706 429939700 474201860 436454363 965207996 820115463 79918095 909527824 910130769
4 1
705551422 710337173 507109117 488006043
20 3
490203480 913932133 923815978 197841185 240023654 336169952 903698551 353648850 173785990 838628493 889666417 606690023 149569566 302312005 764611048 511217115 907850474 770515617 422602176 978401897
9 7
344898129 115679421 408755029 576317140 878920489 193820407 707823814 28189090 890393272
6 1
507140081 514220307 244738117 334915987 160479431 24341031
17 5
913678641 548802337 297070194 955548307 225255721 793445371 93190266 272333975 789239896 726566358 243513519 296322902 15786792 184949067 409476179 553680172 409964104
18 14
960329116 219076552 767866888 457972158 482493240 479830047 636300815 962154711 982991347 536700148 135551954 712923899 625627225 991677088 245412821 636929824 57939409 396561883
2 1
663803583 218103210
14 8
130019752 473107079 720491690 760536734 171924421 238310704 133067217 946060396 689305790 883259647 34983038 585803296 878844238 708917093
2 2
993562087 613016710
8 1
6892528 595476901 726513417 111386755 76528081 568059765 762626492 156485287
2 1
502914872 249407490
4 3
128252417 204624348 212898933 939589398
4 3
313574849 90844916 318787626 280499826
16 6
493575371 27065600 343607780 192863403 177647255 952881472 283469214 135505408 685593490 154182462 57715775 617030608 630775705 832209783 339367625 839055437
