83
17 15
585358388 650105327 800639072 880852469 8323509 452665861 469668878 65083554 12185352 845587582 662325359 484367658 648603719 502956216 484219744 371504668 34109820
16 5
97341941 584309944 969423972 293971147 275936113 250046011 731765040 979703626 575143220 411629252 685952895 62975121 454692569 80773856 220393527 809086518
9 3
989193312 269168265 409646303 575586460 785896836 108474080 37095206 786644959 243654721
17 10
353591605 408004074 442495628 749646094 345468881 62929197 684557360 599800787 750120246 732644553 94898102 922301593 254203792 260721306 848991809 756761861 218860986
4 2
39763981 99105397 657831509 246891846
12 8
387192959 271469087 62267914 38341220 321437780 106397871 84140864 540821458 727453750 385594508 314451526 943465719
6 6
526753797 668999216 897089861 767693134 493412980 915174044
5 5
917970083 936464395 677814079 911712993 345583178
6 3
533637306 529028829 86767443 962718571 520397094 118589895
9 6
440693365 327428113 88750950 46332063 509578987 508987045 535699756 805570360 230981921
14 5
488281530 854557057 37606827 801253125 257972059 320505914 861351886 761818659 266545430 589904404 239224802 208067445 938895141 921971763
11 10
684677807 604527279 537292314 351643634 65224507 83807666 936838247 954608940 74463139 820391882 667231044
5 4
136615628 944551073 52371251 13180926 941513039
4 2
90117815 451917253 612095643 341890375
7 3
539308492 834370549 39889940 363820614 168091948 615552483 737787461
19 12
599118747 125285022 415899213 552704853 251041932 257275687 655355519 783804524 846173661 690783544 426244763 35010391 909263078 701008412 487929945 146839147 368285994 780758374 226870591
15 5
615995782 608049859 951799466 80373631 376968072 749306682 591384710 369572731 920773074 162597565 346659482 127221902 918299438 949490459 338675914
15 2
709982740 56071245 598112572 901068622 782379213 735800797 118296191 89420361 246246457 235406278 83258558 946239172 628872509 481796598 566579388
14 9
185741132 5158235 743644179 780839855 930183568 166812166 254908697 903440678 668659913 474584905 201709654 276051560 849652770 329115870
2 1
251118136 981855180
4 3
642650733 480720082 474692396 243238919
8 2
124217899 132389713 171705146 821435656 322740195 254773311 108802570 612721124
9 9
377405005 268249826 181696738 429652791 93930495 76365839 113423126 300887822 970072400
16 11
773188367 109220451 663029694 741843558 731433760 836223286 387035473 724079933 970844280 934733287 680341701 337619956 630887480 424995999 902282305 486191196
9 8
802801411 911073220 146701663 614283966 428270475 224961091 78113694 496040725 417594495
10 10
177007506 718539974 664501180 156456550 896125348 129686113 579725542 428886772 577543585 993633309
20 7
93696115 351234434 759957029 6216290 483437474 921525103 726846379 662705842 836107493 287366214 305567443 210469504 874068383 63258499 623573254 61329626 497570591 871638570 780787219 992276526
9 9
190954334 408628001 202287765 935102274 242200512 851387464 480980744 748059977 356821717
19 7
524764632 390029554 550180369 77440689 490251623 591593123 461103679 857549943 274215863 760688970 335211336 648285381 457175430 964910512 998092278 342488023 732425061 94908701 419668497
13 5
34338093 781418899 694512696 380828629 339737299 536296410 43421029 564161824 515005551 575558402 236065556 529862266 860098423
6 1
171075435 103274642 983760701 74391302 757286421 692510385
18 11
274398814 640471572 822409286 896263755 707156654 883153705 746777638 813845116 428606815 928960052 581398506 302223581 223064849 771849533 830343754 986522953 104481246 100359651
10 5
995515690 946774409 622127400 584205380 744711063 280887832 210878329 512854434 340991585 745687545
7 1
935809463 660940470 781283462 528524023 287061147 412249538 752596462
12 9
121991836 880513952 272760847 158195896 625883614 385572308 548677534 599528618 952651471 307475466 323350150 1227263
9 3
425122623 831564357 6986151 616980794 985539813 522370750 144127203 572804668 981456637
3 3
455070457 594525450 303381654
8 5
347473738 588158834 40811691 194369407 775585736 810268733 270646912 501722128
2 2
373618984 511910177
19 19
99013247 287682760 465592585 825429186 807227281 977167578 683507051 461177830 388208839 20938355 190804403 573065012 585440966 659287829 634755763 756004646 272075074 719198671 769539060
19 8
693232171 833737854 756338104 511604903 835445086 34410615 240580624 234809782 701136631 607927869 759044358 791716220 214436563 115630444 271898950 979480858 984610332 682679670 173500830
13 7
550438606 48333891 694245498 232494364 88785859 131365125 93781750 721113815 623136326 269753562 570347635 600320327 366956718
4 3
987979981 297947495 806783273 485310920
14 6
426198702 674954106 401233224 213115857 236928229 926631914 498196209 825150454 871684518 346584676 358256998 11504707 925816472 966648404
10 2
935572661 713488841 725555623 583113458 665781192 207168245 371081675 86133806 350529078 629198282
2 2
50305760 496248118
17 12
260496845 594899047 925674040 57247123 454514534 169989966 793396055 446908948 279157288 128333306 202795074 168005656 950772346 565485043 171167659 73754414 150971983
1 1
191059733
6 2
724504198 37850268 16694968 237953313 781314258 644264767
11 11
945449975 45192143 497274006 954669642 664294535 505089057 323470522 136373083 711613493 143046648 274312519
20 17
817147006 652177268 761567511 174969314 263205234 13756434 851108232 879158932 827500592 924948556 856121504 213694569 949686343 996821468 518064726 70578607 15608202 865612716 136777190 177018626
17 6
881955763 552621824 535878995 159070058 729950775 476784427 377552132 62356233 801323589 724931692 593982923 498406193 801398980 695222725 475569702 836287352 278654573
14 2
300096456 204388445 283133351 746892281 910428723 423948355 437019424 501496596 865556633 508947296 638773499 838461948 645126342 243477726
7 4
527576632 886736557 373189384 988236620 323493355 22548351 897358102
9 8
834430253 3653432 765211655 149984612 645847123 243862666 509891812 287986502 750265389
11 11
529491583 887836016 726244200 621419646 235877103 9347010 293552989 339052720 449637550 292296933 749804313
13 6
823632380 650604423 192861835 360987165 559139195 17333445 705893817 102248618 812014441 723807317 47760491 329336145 634587124
17 4
589851135 301874317 4128778 869071345 149157599 998780527 375757496 459883465 268856453 947711134 78182332 582869283 662342361 894800087 431374449 446445514 139219355
12 10
724804076 791718465 494882427 299634802 694290731 745107727 446148391 729483881 188143031 76979241 117340815 680263842
5 4
994051724 186382349 271077960 465989796 7475406
3 3
664711608 390018875 222870227
5 3
205378470 342429290 215414144 81308376 310123113
18 2
309825299 990085502 747298837 106110625 326578993 648987925 78092384 218598273 495981848 255752806 752494221 208838183 916463589 471264199 984133198 329750155 825022263 389381788
2 2
615920544 202414582
8 8
55341915 271703481 991925208 333347515 481475471 931834434 582561734 401582629
17 4
905351481 22725 143690777 515138514 891412619 907324262 130620995 885110401 293983742 744996182 108074199 678279753 391534860 349446983 375549071 328954430 185474909
1 1
630105149
19 12
23214767 803749228 98498483 615203428 221842446 877038493 837940590 402073073 231202637 326859759 819721180 572650279 576735325 555029973 888595474 946024799 519104805 474703102 560793098
12 1
836419831 315263038 80312720 679221335 709289413 828955542 937543565 277392222 842331801 139934489 715413741 580410054
3 3
216341134 553845568 574367111
18 5
50929231 925571269 893028380 964892109 405387030 706938012 554705517 536008096 449711970 397774375 226094649 910132816 947076036 945304391 800671923 527678745 143710182 837557587
17 13
882816381 417885437 618734880 489523610 179010214 181580830 853457970 470938021 313129573 15049786 735655491 90549845 259785530 37962745 520750561 975653072 346668956
19 4
862961453 315295392 956749944 539575900 313591825 828074949 523377082 197592598 795289161 199890302 67945388 796060750 779801426 69125693 497264715 221907811 664414204 912980931 235156602
9 7
202821705 914284093 364725786 287736877 410540452 216750512 148214363 223815501 919530399
5 3
598784312 913824870 711906738 776377385 917043145
3 2
584267607 85596108 856807298
18 15
240241001 52215444 422716925 389183336 560028503 997304748 919506332 701171362 128463535 806712208 828330742 60561879 711234449 28550502 189729758 906546418 293475140 553166791
18 10
599733855 196600234 631749114 4923647 197023821 598095588 267841883 553602958 803772947 774546379 580982747 757459391 812092186 374232034 178731064 485305835 938582967 439282909
19 12
464280728 784840383 892152215 647105903 884709392 192433735 370103104 373696731 630936636 476403083 394340088 331362235 207336145 967799852 114235871 820962997 32955538 737238198 804693857
18 15
104088583 97838965 840477070 136353414 196648534 343895133 370722418 456461037 352443352 398754694 935826690 698704487 273574764 835270854 185458595 268642812 117330307 343391161
6 5
131250266 548026526 616641853 754495190 397834276 551058979
3 2
817294976 343209600 87983256
4 3
813754539 265166520 513449519 711060336
