143
6 3
887282460 310880608 477118 471344603 163051047 71017387
15 11
296817040 355521654 589629971 373428395 359953293 742824487 453224048 177461341 862535100 764988478 181847004 632363810 470989470 893746548 315594725
6 3
133783640 69450862 923404280 20161226 295492716 609360421
19 11
94601874 977715089 801682480 486264809 385782384 364631132 804862904 844296513 53691319 370185279 600464086 807069087 62185725 401817260 998614169 565760364 795771262 908654622 61364821
10 8
462725492 32262535 906150600 782789589 8983283 732575701 207927449 345112334 181178471 193618541
12 9
476197079 767422195 358082078 245841310 580739309 189058405 423649946 935249794 73471502 415413759 400949697 778992823
3 3
266488044 867680419 57339812
15 14
581362586 559788669 502660115 485270733 376028473 723247277 526078452 145275184 878527343 803465040 821807238 280733751 918339587 807771458 647507138
4 1
986841794 45140691 721676530 697595690
5 3
410655896 400885262 538576685 14785899 12492283
16 10
293853170 483794519 576611127 521722099 886514436 910414412 240552113 694412993 120347039 876035021 178406560 391982301 788186402 952447643 291659518 136833561
2 2
373701564 215793477
11 3
126843891 511454658 439696067 688279615 879277342 657129612 971624467 658072430 962927871 537201408 653776465
2 2
758814067 474399688
15 5
643563861 220469539 477481711 756844476 674499970 151188764 422523312 633612325 843050213 42091175 588025451 750564380 6028893 499052469 575786722
16 1
402884161 582298698 479312955 885250127 675443385 762417837 813977795 10897019 719093570 615392786 317971155 585874061 316133984 370830257 386969107 681413960
5 2
492001543 488267525 212587431 871947054 485190839
20 12
54526809 834254143 785223343 718840699 607685555 17179408 498531745 687602967 343087860 898964600 950057148 129510135 69738756 196812393 725391942 523764413 277912858 580963852 788408549 111691658
14 12
386065807 135111264 93304399 314287740 288861667 961451729 306240894 732588675 848708509 993500427 444652469 709215564 194190407 892559328
16 1
621149407 235213373 612264280 585349641 307626576 528892719 421766329 313573705 525791635 985127289 720070879 870603461 415587051 348054420 287831914 484400175
3 1
810982836 311230662 390733513
17 9
376021651 439365951 771667477 838789274 210835307 916151461 485971309 174619459 964312775 758384249 856484427 180652719 372461392 481296912 788087934 547480034 839463609
12 9
243771826 75300535 334881042 466684088 380383287 886699519 936371855 459199982 770087254 236091405 421452390 153042066
18 15
16252579 809463982 282886052 211360895 643226410 429694401 956941397 935309515 4101338 970928038 946540812 892670569 978047943 88855757 58919048 517121392 513664807 633274598
16 16
714554635 341423984 140864873 113133843 821956457 82287455 474731621 955563818 387297784 161121184 520246740 587968351 596788275 258332747 989347945 319809005
16 13
590787427 134883488 856209530 437104581 185424117 209912077 653663238 804198641 849733765 93253512 878741069 166003194 442956967 384500672 335486925 825186661
5 4
634749004 896139576 612736427 941675503 552362606
2 2
60251298 642145301
9 1
877626893 425729948 496532067 449623395 110223748 912842626 363556639 627961952 224817743
2 2
51710366 132242374
12 5
272481471 830115044 57168117 250828927 992246528 463132544 932881202 799646299 476875406 993122191 554659961 865102479
1 1
491669992
20 3
326283981 575278432 694277992 940198384 373112048 841160751 154526227 562910960 199765365 200715524 106828099 551374745 177379297 155811983 342675724 534826852 226479605 681657298 694046536 510589138
7 2
362031152 819302885 881272464 650476097 742248653 434498380 585801562
9 1
508663240 828464338 630964722 414617989 71380943 685130225 626599688 172652085 254659772
10 1
568764366 736422988 123715652 168955115 594737033 667061354 287789124 378232115 758529350 42873348
16 4
567146905 660983805 195629818 560582200 253207744 253966792 890514344 37932419 938022643 395186771 537981052 537578907 364258924 216055820 96305010 708788914
1 1
214355230
9 5
649170768 902057153 427913105 291676902 572833476 20083964 847079997 804242131 902503827
10 1
469521591 684260312 907673100 912777826 240074027 112760209 350097050 633811329 684014887 537906400
7 2
915248288 198041353 378759516 416445614 360103119 222127255 946433423
8 6
445688335 959259409 781907671 934925320 603599950 220733295 291986839 504671130
19 9
807237700 749264976 859282164 724396708 618760247 684669529 826530845 468700971 848792001 465763097 55762283 568370584 17549450 812735528 762418663 538314528 176474084 874814775 53609745
8 4
566906446 691956104 987039478 775588755 124995642 223016643 260750734 190102749
15 8
117688901 74535459 114977504 120756359 571874503 514661796 65948271 977484358 375386894 195448264 566774807 466703044 75976217 426789916 13139653
5 5
664731114 986601486 634617244 986181975 570597737
9 8
46088194 926421187 760104847 967163805 51902864 855845542 485029965 666733399 863472821
20 15
439071160 753075646 181897373 105662968 567845711 308115733 924524303 979512802 785833328 831731190 729382044 165768521 245144260 265031104 694066290 484441745 365781908 81465636 451342125 611137808
9 5
164798074 240382676 420815925 366141662 875933199 587721186 335193486 375978535 341783207
9 9
643340331 320205311 808414921 590298406 860075356 394849762 681128807 567149777 133971231
7 7
728660869 67079255 235900499 942389347 800135093 785158941 666374325
12 9
394769943 480182605 542110728 348797878 253600394 77329828 993342236 980626253 472958268 469888636 564450429 822308529
8 1
467895466 71289843 25052481 437403533 89885028 58575780 477770024 430976037
2 1
907455947 689100482
3 3
708261092 359057420 267428329
20 11
857672703 38997678 485649026 562523027 901767186 345760497 220365102 695373801 866925560 957247260 542226967 463545673 264172761 167255001 223476793 853376744 473161369 688695699 304103880 93822942
16 7
173824415 98485950 400381598 643559038 834037734 523542157 819427873 149890860 21462299 916199022 566684326 970475092 963341348 967170054 608581431 281331413
10 1
436575389 89366497 45903968 47760888 668870440 717799694 539234985 888869703 437623407 498601533
1 1
105088380
13 5
882480131 863528220 55814513 599907809 751782242 534004472 418247611 237742636 320853192 49925792 914349479 153350438 665084316
19 16
806113573 239634102 413943253 202948368 338994533 763634299 453614501 352220301 361228404 520029517 982710290 816553236 787600955 94180296 431226174 161695014 45438438 295374472 316543934
3 2
22145995 186351528 932030236
19 9
206172728 967080047 372453348 584029078 689505610 279329162 542038468 129121435 763257529 613857009 140097332 36204982 685222841 193016531 972587236 73571361 450579979 327454130 751751808
2 1
445187307 176449616
11 11
270744232 315497349 164664369 13096252 984643236 532056274 77617882 345958343 740506523 451394394 722653363
7 6
862289296 967718112 157770551 43083817 259335605 141574185 437693961
15 4
707531316 273615611 598878219 787174545 140606370 477773631 314014189 567577207 11488410 37514660 540430915 388217203 726451355 958232692 763063131
16 4
676904294 339517172 280105154 993473071 959697574 776042589 838732880 673800359 365926132 19925541 445947147 773726071 1628299 354554217 638118251 220968334
8 7
618226757 890623770 89767553 201722087 88944616 540637184 513963774 897566222
8 7
433877610 262279988 368065990 575658254 716194922 500922532 986486422 49340158
1 1
299738463
19 16
736153647 34422143 736236797 940991984 534183861 2042692 611398195 724963123 257445679 481350864 274718735 487839887 223084420 722633498 559381023 979048627 243088449 186594915 998125035
19 11
396473728 570021782 972451262 172876340 864911927 150638409 21324152 183135999 991682634 233968397 46877422 305032015 505209343 869903736 266505837 782490367 521929721 683752362 26439096
1 1
101539581
9 2
861247979 232521058 511047359 409418984 741200396 323202158 303345023 492364114 218833502
20 4
617006743 946423448 492661020 717957771 610564920 130478390 344369459 411096175 421126582 769759083 845120269 606471785 190878797 451094291 521255600 5325615 103385377 458217463 378319081 476268374
4 3
762514860 184400699 750301600 386777651
1 1
534451140
15 1
95553838 126742916 829607171 172157921 597159627 675244357 481292752 872371425 899473998 607977764 911592627 63456218 771707714 875719042 727468246
6 1
611808336 349237880 276306694 50663817 911600201 815459960
14 6
600943801 390724554 133079450 177083694 738897680 937698379 936424032 378597026 495505421 479047942 700990779 603117767 5075180 150376349
9 8
309325411 611569740 246376798 605105297 415463060 782934395 748977985 797979448 221082794
2 1
454499918 503260852
10 2
940344043 36770324 531799818 59385913 629397949 871929886 557692411 860003401 977114809 503804411
16 13
85136101 829897694 933234332 473791128 981221978 939230595 452882463 19460819 130832317 489329355 581448395 124208160 867851619 626532285 149277602 247440149
12 11
571754768 706175853 766939451 785016753 320440278 314200122 158376594 201962240 40838498 850399541 155800544 248578729
4 4
880518023 968713386 478812871 405969574
2 1
613494317 82934534
9 5
662484515 492370423 241382626 890244799 672683576 477006640 627366787 837923517 226946173
12 6
685924423 602157457 440797469 846782116 813688099 282140823 992165248 822266837 886197513 660101400 776272056 934192046
2 1
253040140 445943095
7 6
595563650 251415823 589836179 530131163 251099800 328356105 457914499
9 6
862833244 368588354 834703957 742332936 434418294 33649180 41536586 112151329 580786252
17 13
900921009 443837739 12283702 937203376 589836358 883358965 991199887 185330420 968734542 637696245 678421452 517633603 699992417 425384981 279478879 705213219 358674950
7 3
303208392 568584117 878689369 344967642 445379979 641572327 192012611
16 15
810784551 50902648 7046338 558939607 982804706 475962869 131776926 201463196 915176957 871137939 872502276 552003920 400023026 22735365 497033347 982137116
15 1
337075640 707434153 827899755 611192752 188730367 342836465 444640088 905658830 91943903 645691455 918812459 819470062 891585328 39169187 572013199
15 4
924392428 763240052 388220325 480040687 54708741 22108220 780704865 956143584 323982954 697598008 195082593 533409673 190424621 798374411 504749517
18 5
2431468 512188376 455953909 194175906 51965060 162704423 942146289 975705141 704434318 772087662 259518164 80578732 479946382 217303364 283301840 31684449 988638598 201213230
3 3
973582214 819841016 827757182
12 11
195037735 971303703 6404858 90434931 280826801 376509841 648126449 954474707 556736346 43062913 931412228 435235023
16 12
43716098 694346842 408555770 756491320 721819296 626097673 546278142 443553294 484832420 519674961 590111720 102578522 14616456 571843401 496734105 202906591
3 1
756635654 710310083 150348960
9 8
881040449 350464421 673127101 229010348 985022934 180420564 218486907 295965142 755951050
3 2
632544235 312359993 168688773
7 7
339557948 397340710 386211086 747742501 849854911 331824046 629060596
3 3
410774094 819195835 216724578
17 6
862700599 716996980 204461910 508902670 213097845 986262812 803632746 278148095 324232230 884883506 712857638 49775315 415220756 323283948 24660612 277457196 666328252
20 18
418390209 472350453 526312508 689598603 167760343 280797429 727030978 745297636 890388880 704527730 81392438 293558513 342641604 664915686 308175519 381639894 557586408 906605135 489268115 170214544
3 3
188868128 29824714 924607943
20 18
403091811 965455644 708166622 576049344 299046748 889183249 863489773 756768534 483242760 755372228 221604509 405575376 266907944 28979760 271737586 485906925 795971211 329857457 229504812 251678009
4 2
653327152 468236967 771781457 883528142
17 7
137518047 575569324 385341332 947759379 239953022 990153524 228313372 509837529 51062194 511907373 44102908 992496685 211193353 52965674 982245761 470605359 44794497
14 11
742423635 307776682 936132959 732618089 542732899 186457997 328443531 534538164 371028595 19833950 191465230 417118009 482937905 751060393
5 1
321078383 737369825 154781080 705017939 893285979
12 3
222268725 999907450 771260623 396425614 623804832 658834177 963931114 254792846 859749941 696945927 702008158 385596119
3 2
68716192 570766019 989908816
8 5
668052674 403173039 359514077 755070226 320696930 859775825 866494610 804692148
14 14
979987904 334621022 521932448 564657573 422101017 725797649 46264142 965396237 258285649 54540726 213889436 477969075 530620714 162777409
17 9
92930545 257072821 24214181 767165223 845457083 351160694 389043079 377253845 901750920 414926706 560532505 655282324 494170506 818276496 265145296 466714549 768179286
20 14
733284171 984481762 108613715 498984536 332069302 583861840 618939187 874606410 413782815 145666901 769637494 188978035 685867556 307437706 569954033 603075261 462535561 416172479 598732948 439245133
17 2
176021204 77419025 589734279 751730516 692319041 336057096 768396161 287839943 599047313 316834501 786784177 156230488 685282834 935171242 203699141 400919878 423557737
17 9
200725864 458965491 339425188 621559009 601791813 105696880 587085215 771358103 833981756 523746032 616557320 599362168 205294433 575837808 527024177 881728642 611292648
12 9
564532787 106253829 465716591 540272106 127744462 302228673 915562959 986968738 187561480 162800289 316423315 755404715
4 4
867090251 976138449 997158021 893241148
7 7
603817808 732462227 456271351 814592340 133643572 336528447 707362229
13 4
578879562 28014963 616697694 469914835 736536641 525990494 183486544 630858339 466158414 903581987 159194510 476276136 77490168
6 1
684460636 875815246 165226230 752218664 762545040 591702758
14 12
997951602 94523356 252440387 305380748 205865548 396580658 284184374 820984701 158984012 730734724 47330071 627367070 297158611 849590286
3 1
375793401 342833737 162290893
7 5
957045303 31710314 692690536 934549528 247313298 844750694 196141397
13 5
344938610 251678957 271109418 187130204 90798776 78774928 895339213 565322873 274310090 494399020 208841675 751673377 985582427
15 4
12708032 466337398 976878797 509086837 946272306 82434223 571699822 841329794 673764493 194620414 553102307 77839760 985592021 710579107 596081376
6 2
968261359 782611061 712465533 418926814 359774376 940999342
5 2
446856130 935547300 532162403 286930756 331833156
6 1
920550000 321148391 943386883 753552866 565412879 291685111
12 2
65953945 482928924 568834052 924242633 67347446 283006080 790822951 756181187 308475189 697343067 367364928 595488241
20 14
348077867 378461127 625390460 95261285 546557171 433760117 514824949 841474039 671927971 634918572 44611775 462715290 747040544 483468170 628576322 241885513 162557479 721091081 470039213 663165442
6 6
560064855 284113191 290565836 884423591 798569409 350601773
1 1
142865653
19 14
301907569 155034004 106574294 398754778 211295843 54314443 533557332 417745162 504134696 871071385 631718854 472100512 471081232 792108776 787970568 473958141 895574517 792649871 556720081
3 2
41491927 891328505 548772793
3 2
123873778 582138086 677394946
