105
20 3
836246178 728935568 159503250 862247958 949115104 827219846 465668285 421484294 194318395 604977679 264611971 314256021 657209354 151286888 499389198 516573620 597254098 165633002 118447159 510575587
16 10
14370464 247855886 946273257 840257607 182473170 108239672 35204474 103467957 401401580 507462939 423702308 217316416 122606394 121761864 418300583 452271892
11 4
802232232 208006730 346437692 459040591 29908836 816581350 171070341 37915058 23038835 431464902 509842450
9 9
844536631 961640495 66138846 72422669 58042901 886052860 444811863 371499174 980911375
2 1
565214672 500219520
14 6
290041619 894957584 870587390 721123483 476945642 978442990 196365154 352983568 280910111 884572763 525345483 647658501 215781800 993066279
14 5
134950153 383871340 379117325 581234548 375667129 399026423 62688469 290082670 240106541 927931551 745333255 896970532 843152011 158230083
14 5
240346634 335866647 22745631 695832799 128989390 851585866 783685793 784335157 793610432 534689174 521372453 421039045 915957218 355109915
10 9
736220586 280508745 120382572 723091170 903189138 190218457 591358600 397359549 260735640 950051155
20 17
127695873 907851645 447842411 142481361 65487252 599861626 885708073 464710203 809011987 793488136 185633768 107941821 878489185 64994045 132843527 377040083 276413518 746825894 436780688 681105110
15 5
753791336 152485206 522326256 153120218 539640625 787627775 179384638 975227894 861368524 896469065 825789921 865471133 813721779 355169243 720687477
11 4
436368685 213394138 976763184 703885476 743017699 295532595 77593567 507814918 169823785 753394503 112298218
11 3
135003276 913154799 381739964 31776412 892549160 467420823 896292254 208284273 680973984 771522712 534241042
7 1
120859139 14244487 689684990 864647026 716368112 691501361 359592188
14 6
137028461 639959805 423755418 921178726 819073866 357675433 753271347 681592858 452553069 93513555 353844877 367769739 728307788 514402813
12 12
811224429 527054019 478559125 278764210 937758604 309546095 186541438 921597431 422119478 108532782 693264028 182967069
19 11
514841094 524424338 404430470 825516585 889098808 433806998 139064420 301016983 810266096 264135813 497711270 336652633 465050196 952237013 9658849 57981338 54778064 521376369 189459008
19 13
412654018 474692555 596831840 529363448 575392208 677533664 514846446 406708565 928832752 312714707 817070351 263512604 520759713 321768894 458557069 322312943 794196474 265876855 506496464
5 3
662318927 878907766 7562789 522403691 231380366
8 3
876842215 833523260 909471010 299089261 859479272 716875752 684688283 148664943
17 8
643741085 145971437 331413593 170782136 234894414 193456926 892029318 755905565 163640467 169884263 890021085 569848659 299062323 427573211 72864899 656003617 237514974
12 6
244823349 843434907 370701838 886527147 572838069 433862971 651305308 673237356 42583562 461398161 849230650 198826382
12 7
670318234 748003293 664622380 9607191 475980597 481414578 47078864 281841575 617438251 181740808 514448696 381590585
5 1
85959941 627820012 827168118 740392198 571906428
12 7
250300763 244780336 795851831 139799815 876378349 764361788 892095211 321755653 379515639 347040080 761081933 353212500
8 2
582567538 250142734 249087352 457754173 443353452 756256311 779477790 896531304
5 1
523592585 880693899 47708097 448031205 359268108
5 4
416927234 841285362 645541702 496399563 43691790
4 2
861684574 548719748 829197059 149445822
5 1
447241595 95683781 981995818 103013477 384921841
7 6
610221615 707693415 351765201 519603094 278825658 425039510 406924175
5 2
272039667 70119762 999817220 370321492 844731348
20 16
392022091 33502547 42869186 364182026 407172418 488368186 173784321 620382230 761538438 607258710 225621995 749216769 913510867 929411574 942714238 447880750 847705710 620470158 956887449 441281945
6 6
678382219 537968550 49270219 688932529 356585466 236429558
7 4
691586668 866402850 826157897 108760588 884623681 643953935 101875682
2 1
191540287 997778476
9 6
92945456 963790953 580956856 100092488 69254152 591262484 221239535 565904939 514181683
9 5
861716428 145169458 754922331 575313392 999393783 353046882 206923390 360142378 794442018
9 5
66420264 420587501 709662564 475554615 955319102 918183296 903736493 991402369 531787142
1 1
687902187
9 4
926629673 986732666 780035686 835211365 276357091 724863481 883192126 765450021 523997095
18 7
257730714 139872779 515220935 150961080 495383216 230349752 934624666 297364110 783187772 265787526 193731744 500308817 906389411 517029299 716977657 238986521 67771566 122141201
5 5
706619451 575049474 754111727 679983710 81105495
5 5
84611251 653318862 857296345 969788302 756385476
18 6
304848198 165060579 654379763 68383993 349967 603468270 809849799 124936697 893302299 127561572 441891101 958483494 690240964 977310163 293361198 886047447 674427848 274163580
4 1
724803362 62643185 497151503 204719029
12 2
451370477 602091869 749407590 869749375 287803205 567625346 890603342 406556690 252697518 328421027 711995463 927061656
8 5
922734737 86723972 194701998 818499399 381270357 252001032 325872518 317479719
12 7
594348360 79970667 900284593 825360040 691832227 252621967 472539766 803405680 898758037 922118205 53137390 923785487
6 6
704646963 602771527 62070400 325117984 411790649 828004375
8 2
828720116 291419347 814225572 258664000 237390483 668576016 118892859 835774582
17 4
746166801 566540652 730885751 59410180 586195418 315722733 41841317 980054596 780119971 788253760 854702148 326485359 426443529 473321726 377599746 352907691 807551450
16 1
429205873 519055417 414996978 523363891 679829799 397489510 156924334 411244240 124071602 758055334 265601409 9252370 944142428 162031451 268589464 412311316
20 14
350961486 13762152 248982943 726517379 476525882 738241109 872928348 7700733 939763306 58091531 30539842 398173398 653459706 259625251 661815043 999999566 147100876 487903816 725948013 392747800
6 4
972521355 218872698 840379260 530913889 11765469 700524663
15 8
304000879 884282417 327804217 455167737 11857005 981058949 241861769 147264589 913594463 963565597 197152474 479663749 89556636 830824284 709724606
15 9
669586656 418249041 11619948 177624934 427696692 888772854 840480357 833764962 849039223 292769763 810451100 378617644 604272193 537952897 28081425
14 10
688338583 253168619 277288704 697558930 779792004 392321044 335253603 861463627 653688041 937839026 580931932 729869465 820609300 449045994
20 18
244753810 282391881 604602728 90772242 394579541 257192690 106197146 171337388 460676924 255652082 802595088 260026101 166213536 791524021 70073130 488461600 324225052 568821462 587661337 330332740
8 2
592740943 56208378 117469328 648488395 410723166 41519321 171392655 674487035
2 2
996450368 416234118
8 7
633028456 163624220 791653316 858556536 408578168 862503895 447220288 161211833
14 3
426603801 508823728 585719429 417015232 320876276 953491050 425776432 62270377 980292884 810248596 779993178 603244403 284812488 715694561
3 3
900271004 32541820 752898687
8 6
136159593 775709658 74987148 599538854 850635772 574468956 780667199 196430076
2 2
831293053 269802228
10 3
454035942 476398241 457810015 569369667 484916309 149009067 722806853 795916897 624908146 600715488
9 8
807118563 572128291 711774090 933451431 407730862 687184543 481004359 999808365 219375787
3 2
640216234 468462265 668299415
11 6
841245773 439469287 574741475 966152321 28008998 854130364 334909434 461315692 277844209 760598375 629212412
20 8
957646561 895949658 933457781 307812950 821044685 518191055 447142227 514365915 322619449 123321889 84634128 941239724 629534289 40553414 395533739 234952529 111904856 909380080 456670554 247556404
17 12
388158107 571077366 837981861 968357668 779603964 741207863 923804724 583577501 44754415 479262678 497731568 954132864 422970697 496274897 71237369 102505831 241060624
12 11
46066459 559830310 894342108 290576832 990353694 119047643 123725086 885077349 813141269 635192497 349392919 98489222
18 1
120326976 18842065 349795105 800654059 706382730 754717652 741786208 133178173 921749793 726486980 617241851 432292517 799885741 595862969 145563118 357681367 164790720 879997599
3 1
658615726 281124091 939797644
20 20
578736339 608561887 466496474 669915283 864315551 319304501 166834272 300374733 341673553 615001260 858419501 745207636 690371229 565895017 984228876 780460904 482512402 10005568 517847823 948833091
11 10
496985411 333934482 899228872 288158116 273847082 989646745 954275074 134129405 796959837 625867021 293911570
20 11
423384207 888294230 753337844 381099446 566917493 68699356 800037117 1008322 395745674 506679506 687472335 157199689 148606914 489161516 781884765 707085677 827476435 476835262 507881489 606298993
4 4
477806664 864743059 709152867 285629744
4 2
915094115 349934066 594727600 519363981
3 2
941399392 477418042 774020813
18 4
894267383 606655 829866734 501219028 950168257 928600247 764886626 783086081 849498889 451399995 662348678 644633222 686425461 543696930 482976631 989997788 723351271 700186398
7 3
39184724 906534380 853902944 664855969 957599900 648580125 295652760
6 4
991072768 777030754 69828588 306187357 685916239 8097504
10 8
288538605 492451948 371921622 124850553 747546283 219829114 512555157 254195172 7283445 89212299
12 4
289836383 342674188 849501475 431052750 97166050 108888614 833304307 514742588 228767592 586939608 564812704 780837428
3 3
910611627 557628366 388923609
10 2
127322636 274317767 472268391 532544249 41712385 32329881 913894512 320107839 645847139 422112181
12 11
722831612 736695888 368630839 851641847 380057679 398763245 156864584 433045873 974806128 346965276 203789884 420649849
10 9
55575388 42581603 177892576 887390399 369818183 840797909 83196943 960410046 799532493 213487071
19 16
915211879 693260913 310052902 693597569 434843071 833832589 656537597 423369647 392759480 82380518 137549908 274996454 110960378 832477493 733246884 806844299 65252387 872004010 676835837
11 2
353519891 948273112 725299001 340077200 692903796 757964478 606378330 921467103 567562910 933472407 344692776
13 6
805356714 525994194 935737275 741344417 421994414 230184447 746054642 98977700 15810612 534387786 886351427 958942565 309221452
16 5
150669877 463674078 244164448 6407370 884476192 66251654 971515618 350028118 565382379 499754520 77501497 661178014 640806837 256626971 691713858 877612375
13 2
199294165 300548730 966513622 924578284 470725433 262503149 935887835 951572419 611255420 604887013 560417648 291282234 143225331
19 19
177638201 800759284 541337875 203700388 545142287 201058549 383596466 247529331 105650873 14559660 389613925 29717349 125921912 77798454 184528993 916049067 323917205 582774453 500168800
16 2
188167343 686089896 231498683 859675416 585630954 999402516 879779735 770160103 551716163 646198479 712250906 982138766 806060872 220493933 155654384 696497052
9 3
102436209 732744476 815614849 897409139 125414088 758598431 469660849 927712188 924379526
20 11
794559375 815005832 190220199 53529969 838487133 892708940 380628856 24069800 665715258 609764177 512303013 541376511 117816604 499994924 951739870 741019924 127082506 850507267 144947123 764528391
4 2
336892618 994568778 341263236 853543531
3 1
598141745 619364798 32153148
1 1
541516117
20 2
403541346 813814771 175644663 854514839 846213004 537149556 665291438 300470007 787800765 719227684 338780741 927748788 720247242 437969996 241445220 654358349 301777918 869325476 150808991 430110208
15 9
114974435 630364827 443020857 761170233 947040410 742880805 440420129 55541805 246744576 944318198 997288577 125303495 420838997 115298373 612802938
5 3
859286106 219181852 788154306 327586770 705881185
