131
19 5
764210905 158435248 146416388 174360297 282980279 546033447 334894886 918537396 182177115 340584934 310276206 394844043 424022506 790032628 861748719 118695081 622386599 737517234 506922117
5 1
610176282 498182382 931266128 506721094 879790681
8 4
162971093 930771554 76928781 435436402 3613126 637439478 880848690 447019901
16 6
190795333 133519172 321890007 126313581 604013612 215577957 113885640 747351831 6155041 964132573 85303521 264355421 518689818 470199143 384988938 344054205
15 6
27412418 145636663 78544798 822705329 786428251 202095312 874525669 525861407 327557900 864708610 131124482 419072955 783778417 82625757 675213505
17 15
69399411 732640411 979691953 209634641 428768543 326954738 801801084 766335677 996290238 985206160 70242684 945546450 376888901 825011526 346897105 787872758 652090010
3 1
276289239 731997831 319101166
1 1
231030519
14 8
313391939 601085142 181158532 341606423 598219675 415100682 181713937 246551164 97156285 617584462 523433100 539516058 882368001 146717627
14 11
570723013 946759829 779092764 128028762 317124755 105700848 884859279 300949716 422557852 804335135 48887498 602072186 598090762 713976135
6 5
141751406 935772511 217120760 321363603 857157573 321966447
9 8
649586088 540364983 866751291 127289867 824867383 321314126 835948390 207402364 135122899
4 2
795691913 656133036 987633762 565706160
2 1
400793081 76226049
16 8
560692077 848948476 528621433 334963502 754814943 623819840 594680025 485899342 911303916 200844302 292156454 666062571 434787708 393570894 36564981 846075564
4 4
371350822 129017232 670044329 610613677
17 15
979890693 916806143 147136723 379622378 244573464 924158296 818112146 429985465 810888469 767036705 413030574 426852143 821312284 293780048 947501844 444278254 601672340
2 1
16292707 954288268
4 3
187201066 607346705 516245698 500939717
17 3
500195884 636020451 751457914 385395272 83027347 796138498 564829802 100311479 896328208 32429640 677220555 794471619 229518509 195114999 948900728 953488206 348599592
7 7
828617435 818621836 754487964 637736764 540441150 7788562 24106173
15 12
606014746 344475281 363596314 558291954 820160579 513949404 621476905 310016095 254979370 811531907 247910012 193373994 672030344 405390688 501905836
6 2
579172096 856559362 816777155 159279340 499607851 807318285
1 1
159446037
10 9
213260465 19029267 536834877 423687249 878921367 765981900 93289878 719237809 394196793 100366782
6 3
341599257 140738750 336040532 359908973 810625799 49645727
9 1
190024180 803382916 34278046 506221052 401389126 196839319 846612022 750798428 257138095
8 2
615090550 316782093 261663577 60038777 980256056 389340912 5911921 449442059
20 16
685751246 392752664 351064075 994790571 671768278 535505388 37012926 737681264 237199701 763344408 518944145 725020103 913885161 659868996 193604885 439971282 150332561 73751984 463778056 254339169
12 6
94368048 407340785 897218718 910136542 881901304 577811929 457736495 534290690 391601119 184226987 767733438 509155292
4 3
520092813 128487078 397031033 21534307
19 17
806990339 84085240 785194153 460541217 924876994 678283349 599464893 655523820 432629348 554335993 283668697 971860418 489636910 451518414 538529689 615903042 531716856 561172094 538310887
13 13
82355817 844415624 165764491 388355545 589529544 830232322 846910595 687945842 201876135 829806462 702005075 781141329 496441782
8 4
548480941 300532927 465270416 973088197 427242571 80364817 117768757 380977292
16 8
643821443 577948438 745399205 933396684 206605456 446291398 685145605 430187758 53131058 605113347 539074800 390203090 11044242 778662468 354666796 261905902
3 3
694717874 77994646 667035079
1 1
737185169
1 1
119347946
5 3
888873046 57952185 41657911 35734935 534897378
1 1
814353212
8 1
829507432 201870806 810248751 725127988 944090686 227967965 603826002 846632070
16 14
521786641 531162186 149860237 983925965 159734709 491842321 262264852 316667489 84501848 943849290 889905336 289530766 525398601 405072251 837739768 516622201
12 7
149454794 654625807 865416403 969718071 840014847 248014772 464295578 10168294 450518275 773933337 759575422 640558089
17 17
829228148 646832717 369129456 829077262 508930328 147653219 284666991 503042225 663349898 677249927 853893816 893919225 707940807 497609956 991194208 755903422 353485114
3 2
410227274 502757301 686420751
13 12
903923805 942619001 984377135 626407719 356538675 827207700 722463108 639315990 364332611 991090504 752474262 431369575 963739041
8 8
319835964 286653808 643695842 285044810 516941738 139923805 339179547 325070693
15 3
515185853 448751017 622010978 54670942 627657952 626941262 131354871 125503583 665010857 654862291 342104455 940194948 58103086 330248404 637560334
12 3
956189042 629584324 138145660 234081924 208983133 553934984 56127226 121591614 492805303 274796133 22240992 62963574
7 4
49831500 687055552 763746110 852930910 686960918 921729539 874805402
7 3
406843156 571258858 636861627 796657904 439388052 915609280 884080303
10 1
503142098 377956184 218929380 858111630 162736372 579302383 665953095 970415831 949701851 284647363
6 5
383539817 724628898 175843444 472674854 164065323 92632072
9 3
867400220 154471238 218184290 901218469 714898953 542460943 593545474 65286792 717874369
15 6
612275518 752855920 636440954 359124077 994641360 14057777 308765169 818144190 695262369 905241883 967637906 39083966 890236064 974861087 159562228
5 2
784978781 362525557 538191483 189849865 981786776
11 11
226281929 675210455 261390106 403993545 355557983 788551064 132339394 525236511 603502147 262390895 51936995
14 14
104885691 242916032 673953720 999568956 637049162 251316881 866340688 970532967 232186333 114384542 919038163 849779435 15812721 765360077
3 2
229104042 633383341 24665166
7 6
756830653 666236649 522680225 156856997 301059069 813633497 464302326
9 1
230369037 26416451 908326780 914873088 897292664 918591900 632660890 937513639 379509001
2 1
333137020 145208100
4 4
941062123 812812426 20400929 276153201
2 1
696565894 951640034
4 1
163768757 886652667 75594061 692955673
9 7
909399700 864058005 33381149 848003290 845402535 62163837 128316908 301528147 670151600
3 1
111458848 587284476 896384719
13 11
820010754 978939561 791149197 258766408 666189961 320845535 476445273 179523173 769131555 38346627 677605232 621892671 678803808
20 1
147451314 51959078 520435995 869086001 590140512 603952366 788554763 82242415 351053040 511681405 696004846 187178726 325322960 476278273 431457132 551554122 307195585 987556595 920093327 502553651
1 1
245534220
8 7
213504851 735049499 37127370 31518724 406631622 549629059 738313708 14842979
7 7
883524542 475995501 806636687 874914019 608136985 41617892 565111922
8 5
747385776 919341103 367032591 779468717 505909919 807253527 444850697 230169081
5 4
671525786 786409859 524678779 452451662 937810902
12 11
84545712 941019500 366343995 433777951 157943190 411031078 635883783 676940454 665895902 265006128 981556218 184725614
5 1
527258189 562753408 804352865 267460363 272649157
1 1
608620966
5 2
493184343 201097555 184346976 862851455 292608203
14 3
940203002 264014756 520604849 296520601 502198667 197669699 453100880 60585032 120769981 782906448 187467264 362304769 459267374 733705910
14 12
82910494 254933824 892606050 828810612 21470897 980306004 924431023 668447552 628378206 164422967 156079727 737287256 581314387 466668901
20 3
387578419 857915308 281200531 722925774 790190116 978091236 87101155 346200235 839545278 445097903 61067116 169245634 188732792 41466700 700141293 735838157 231008918 118059851 355910643 7044014
14 4
278486663 901868560 354004229 728194129 257020455 339214328 857331552 108599051 847638527 86514866 24628338 230850227 481635198 994292014
11 1
158712491 388832692 964734267 58044139 324118054 149907882 51202650 346910268 914776120 425459239 815947435
20 10
771477391 733207044 378410418 802814424 189227250 193059048 720840068 251547383 805522768 35535422 502301546 204395377 984706741 222909911 88564581 848175911 108985532 539365574 645993564 772254117
14 4
646204487 578750649 747447114 276366603 133290150 400032460 926946607 408625800 821955958 566273213 479629214 186772732 805704960 199480431
11 8
51259805 915838143 287050838 317282251 935182092 938428314 919164121 412215855 760829920 315764632 351189051
1 1
504961901
5 1
766695017 233945046 132163437 554011012 765670735
7 7
603056573 131762120 558897925 365110836 718041611 429433538 676129535
1 1
913216468
2 1
822152083 529175675
2 2
296333914 36095942
20 19
321638675 328471779 426231861 189997329 406944687 321023839 739899777 123462930 810030859 319766313 10962470 908770928 656403697 376394130 279620041 907728506 616541815 594990632 851721658 640637250
8 7
760223021 752871366 458602133 151299407 553766590 535095325 593859521 19821874
12 11
746365411 815506113 602069146 212944223 681075291 206113456 537969642 573227604 299311948 660923828 119089386 977011378
1 1
910783381
14 5
128890364 4537076 107362041 166580739 646112163 728209941 266061955 253529331 798360041 671716976 168745527 673094992 355913364 566705992
10 8
468286957 873030880 147239784 217832493 187437443 493713319 155242297 788399111 945505941 390106961
10 8
910066327 645872298 958326709 748406411 765601648 849135526 459015426 278078249 619625788 675870590
12 11
33000906 612951625 308574681 211264678 705524799 299603043 91117685 304277183 128224850 547366365 287899832 603817991
13 8
869088587 223448746 743781479 940689783 781840687 458751512 527551665 228845149 291516201 631871798 318447645 732113667 528696635
9 2
743218130 168412782 135937808 83777361 492734347 57629434 521847584 577300362 572259918
5 5
43812699 133793302 6784912 964852565 32022220
15 8
97388252 906334905 392235806 696357391 926211832 903022206 817250001 587088058 825438041 98072313 194503118 874194671 472142000 711815496 346383637
10 4
15456515 591287686 797227852 248049531 337538612 700198433 477716885 18010419 496010900 23700396
10 8
571358595 151053989 243640445 592156968 1329044 482016021 904396324 70310874 132892074 192079051
14 10
293684668 59121496 395817505 891579270 735723211 580901914 827352199 140628833 927793950 661414493 64867523 52154157 588620595 221207023
9 6
200726128 95681714 894805834 384392274 950297494 436897588 548060046 57999321 975415123
2 2
4599352 285744526
4 1
827171944 730363185 805840484 548765104
9 4
529976650 883007028 603521195 501283047 415946865 965613743 440098553 329088990 966035026
9 1
343513673 146438658 642212605 978663484 151512 253012849 679068257 138398187 376575128
10 3
81799863 648485949 47638688 730627801 824280778 314218513 861751519 781969259 528753306 212775376
9 6
298637558 525466741 355137302 12388349 177278760 750524704 102448769 133132766 798125701
7 7
891536525 500167493 661539501 145350882 321284287 904930407 615168387
5 5
741624208 593036359 189694856 706887545 966671528
15 10
200967688 316458963 212188212 797534792 267329834 600780723 299465953 685421601 293929858 277782795 438039571 99231909 196971446 29542910 562004757
14 5
293035058 331431514 508237908 489502730 890239162 430586647 878908311 859292523 504035754 279944864 485310293 630539927 31032618 980853035
13 11
705064623 100853812 530341742 213861466 156531479 591326633 889863722 765998772 247598953 290274264 432786396 490643815 467302193
10 6
872120445 826768853 72436140 804265551 735093676 604633502 66908991 92754546 802017363 492824682
18 4
72181090 687846629 843482384 509741938 823253440 15845522 330332770 146048745 638286527 115370334 176708295 417492244 111163561 75564388 554682553 552516731 764552570 104929957
1 1
963452819
1 1
913296349
7 1
739360260 620478550 427106880 733149361 984626784 446379083 60709660
16 16
198733269 116227586 78559077 553346245 319112607 359641116 710128968 47612164 241140965 541759209 430687235 309482494 402832631 282674299 951205387 871889683
3 1
768901290 211777757 646892508
6 6
513145958 997650573 131954405 330748172 699161074 1586174
13 1
760834997 726010782 962988557 243321440 375202859 826277593 41728841 336344472 105931841 878078013 754105902 64055435 845733533
8 7
113422878 679056884 343954713 535337522 529375903 216203638 521008023 423525242
8 3
530163795 287591343 188262748 98339870 794500458 205877534 533862054 823273246
6 4
998204887 117979467 213661490 993405580 879056079 97790133
