126
5 5
1817967 612157342 870518282 31562880 585607599
6 3
879272083 44413263 415534732 722409685 834387903 158396961
11 3
619350993 367183721 647826167 799764399 535180353 866277660 313203148 538584083 714210694 737185865 943255487
17 10
211705541 235078297 645447771 633185197 886953730 804865423 775616935 175814195 352753331 511632541 768205625 444732246 411148404 355459446 135656422 810356770 928608749
15 11
32044734 313013981 342628282 853036766 175490863 395137336 284325071 781101934 224844237 689527180 255304079 738897592 829056361 130852352 415584796
1 1
674029304
15 10
398189035 607088197 788297372 407790737 260084677 849670296 629278088 804564681 225500938 773611845 68516060 275910813 172864861 295319966 506353574
16 2
34626708 361636448 540116451 56443909 778110354 573801401 346746985 779095786 687669116 255753035 880674517 819213549 321649314 559613246 898400488 382073250
1 1
47025321
20 2
772008949 958428857 173525204 498179887 51664181 240303181 829077151 580913272 850825508 519605724 584100066 290199699 286909706 48724326 86578577 496045275 360222823 901234083 616311858 972305466
18 8
116595717 476848171 116961244 382026645 271514370 606770049 263232263 458610252 204903068 816118935 527797541 555873772 108632636 988428901 772068176 960216845 613829210 907953941
4 2
594211374 261182655 702175705 907318606
20 17
719657114 994502000 400051947 294592224 174540658 700692655 838325382 506414932 864312882 847140307 310807255 306569976 767273605 874039430 484217501 180366862 968267096 694750396 118397870 818180540
20 7
199775242 664193692 235098374 888309680 242317999 594503987 679867316 291892036 570094159 963382207 145831488 103198843 525951581 242086205 474576278 481918258 884609240 570413641 396998992 92816529
14 3
622295188 337276019 872545961 961733893 132227372 461654501 50087202 3047115 321684723 403123720 221794875 982019709 987829888 987348673
6 1
542488748 200203110 652297700 883408181 664282543 337691738
7 5
857956314 77684179 205577668 502334670 847930756 549778848 929099846
16 1
196484506 758325125 615172669 399585524 253915632 529697952 371882634 721175713 364562608 569891346 583702944 555864787 639091328 232838520 930387576 690039666
4 3
648599799 592667401 591664856 77732255
18 4
221381503 332634831 107645339 752380325 863529671 730241245 189182341 731458851 709577381 240299581 55931066 500573401 990366166 511939461 323946863 648578260 933200393 31481159
11 1
158965115 140787029 254352402 572294350 812771187 776320806 129007129 971410652 639640853 13722157 484688271
18 13
730186656 142285059 174997296 724970021 123268346 558282163 112111101 74688678 478297512 367050436 584724905 411334344 272141791 709741946 771676224 691585057 841039654 107281317
1 1
516273138
3 2
322875411 164165137 742451143
8 7
210781355 786534713 261141543 994153270 541935592 584934624 467713704 669058261
12 6
768429793 257176501 654488523 133746202 93135851 644917855 185362452 510370008 399482475 991234557 992445787 429357817
13 6
838408304 591977508 115203055 373460563 856584546 130624618 123805054 413957090 615699777 297329706 362975129 652819086 112408328
16 8
61467514 385979701 536750452 868255153 162644571 634989366 143971743 649179402 743772208 805972297 685315406 972899662 398867473 418303675 949343875 382624921
2 1
490550393 830560403
10 8
784966787 786408709 762747766 535163693 504853177 51880294 19172018 400280120 450679328 141451078
1 1
163629519
2 2
217950533 466457767
20 10
745829667 871633195 528056339 316375552 402041174 967125525 834848937 821626535 42434758 530293191 251099670 211733852 107809884 980509282 538773575 450333922 416938481 580587989 361790534 737175462
9 5
439881609 77669671 483752996 1395255 923809186 313751927 68255057 370664940 848173027
2 1
569016325 670160222
8 1
163468160 72577421 514526495 142613477 566688 503614384 921166004 837525445
15 11
523116506 367302625 92031437 117264695 920763463 153352541 857156724 132681594 512177809 531530206 851605613 909474011 938012457 24910716 731957361
16 14
781846757 965876800 132177732 680566933 936629108 204786797 230082350 718691892 725600213 421210021 62146837 827086488 471072848 296523271 542402970 614208244
1 1
736728754
5 4
388199297 337562439 711451406 574724435 194743249
9 5
269436782 132679368 988073926 591447352 904345871 94213441 319276057 623356497 595401774
17 15
948175194 979240127 205846441 977901099 475542992 553830752 982095045 90304390 343849430 577427390 605931151 198815505 833325142 473090311 302499586 829944006 678518724
12 8
354078465 206597315 103674136 570541837 83511694 20770357 682930714 906054013 559060703 430496203 757642872 581973293
6 2
903154977 112369362 652020727 640972188 936156203 658638467
1 1
327510274
9 9
47418299 324369687 830745212 923402543 708814867 88449390 94157206 329745700 716764848
11 9
74086257 985515481 303519482 218665838 76446900 349515160 808919606 355665372 819453971 785083413 36885251
18 12
357780503 508804387 457394849 150782540 644244966 266584340 743657745 710326928 824263065 415650563 685908851 336355015 63413647 779529562 429627329 493553198 944742711 294011866
8 6
872119470 538119690 658605444 37885898 763979156 388189832 257138831 308873062
20 16
11668412 605239481 257050789 493071700 541320121 967078162 117903020 596600511 449575764 944264034 383973671 446686539 205598962 186219918 249843054 315752961 318826201 416034104 757176837 171794876
17 17
219389061 512259051 242066245 660999989 528989134 746437503 376203193 916411651 687451443 418150963 935594778 50518803 860975230 626004630 166619057 41221113 718000561
13 11
935286847 21370386 917407480 917073263 112602607 462205507 986579663 550535484 49753758 281880217 158795601 50973875 951096381
7 7
110277534 987415745 273349835 470203883 86321888 813793436 172283583
19 18
826355045 649471665 992709268 821071039 611818965 523511690 941724754 458771994 820855664 67347964 468901757 393720653 420190232 912402426 28150319 522708397 465739788 198776364 619650699
16 15
824866248 403195553 621952875 498977654 389247419 88598560 486973692 356285304 784652874 926036232 450000536 501498416 460801833 496156416 1981029 845910829
2 2
472676237 376969660
8 7
754490433 629309643 252551838 87308011 82155079 150664092 461566771 345771187
7 4
540882534 692031298 788644314 571206761 464075096 536847906 668536100
4 1
36010089 643493254 592001083 952297016
4 2
321836493 431751120 727836233 636353187
20 13
315847645 245298135 359677152 117959489 644580334 373225721 606204672 43010267 819965137 688748528 992118215 958332950 457662410 628466857 523516076 83018643 435629551 701968571 320064100 278865804
19 5
995111598 853530742 990606720 427790498 754991572 856424810 270135867 256140684 48223407 910614150 853717561 510554469 82667041 356606436 622903928 765501648 626712692 348862068 458092926
5 2
232457443 351438996 664118860 145653210 239799410
8 5
519892620 590376872 822853792 863446295 932512352 940431735 182728111 401873042
14 1
290566685 420637513 305509371 115606183 998356701 191755510 847843648 295120746 773038799 880964559 793270864 873817102 38934663 649447289
10 5
26740601 401181854 500732421 931134993 845198344 64092694 509045306 819851603 4402873 392969917
8 8
701693103 455313704 857974394 144048557 923910340 662706630 421135814 152248085
6 1
933637523 812384317 865526804 240966523 107550857 387619562
14 11
737384162 982455363 337434134 339190712 741508520 792554819 522876860 200025585 980973119 526253550 349702806 798571825 923041138 384215576
13 11
198186251 495077642 591440079 747182278 796417262 752436512 572645121 81870729 313315443 159400090 70286992 640861280 324091476
9 5
592600831 626507705 149949115 845596469 314502493 106500825 696362674 145677564 60362984
18 13
296987698 557221930 622863247 82520737 765838077 689387883 297384252 805399307 629811790 618656945 318937149 79017578 281282993 323873467 653627202 162765020 930491610 431808189
3 3
657617522 932385751 516818710
13 10
379823302 747411067 656280180 649878788 931554092 787718575 480264393 164555296 403297991 480642832 415815564 223841390 426925792
18 17
526372225 748908769 429684625 522898961 223834855 815656086 471869173 620977812 177130200 446162149 238390870 259471163 321411247 688569569 948583876 94024432 880241009 308462344
4 1
842672927 857616137 755435978 986237553
1 1
738847306
9 4
221528745 997979047 644497010 551016833 952635563 190797379 592846394 848820473 678416301
3 2
661091353 645003818 500497123
11 11
299928285 707259432 213348592 944880477 259280272 691956063 178215962 355823655 193575063 75683030 509793758
8 7
198434152 101123687 386360180 359950668 532575533 66996934 352168087 771571605
1 1
574473871
5 3
666415570 564423224 876571264 28802486 926052692
4 1
480380116 317778086 228942385 408898155
18 9
363719187 655800285 364635693 516773516 823989326 422305171 471023710 279014582 835559444 909452276 869351780 406175393 584462663 653000391 673173029 376858627 121301294 90988170
14 12
236122486 242849932 222507528 219887338 329230673 778937714 469095599 882359391 890105222 585926751 214786855 32933897 27119607 798873990
8 7
936923744 307305216 828407486 267947007 838473117 839272926 650627996 935889604
2 2
958764822 786568890
9 5
519483371 234325781 910695853 787084661 701872099 603315208 863171233 69615689 770336937
11 7
404527403 450893899 816309513 909366682 413226453 68295641 521689430 721687216 473276821 766242303 971693016
13 2
697293487 732885137 20661828 452941628 663480046 52026102 425461999 859938853 843243323 357048034 720446240 639282759 961634393
2 1
306223873 181983690
20 2
12565587 720141102 409820947 100932064 131987959 557322647 458615672 33363914 803009869 843320817 870028909 136301661 2553467 716918335 815543817 555879528 80708839 792232705 31527479 551707348
11 11
110908931 193432936 870095115 800605741 173479476 57152730 556836147 405987913 862176456 198032846 666819900
15 8
144677022 384464153 700741272 519386241 496552020 938613118 337579636 938603315 275437949 455818118 793807781 366409416 866227484 573385278 679783613
20 2
317023515 225024449 794166483 869008972 927087608 462470136 418581750 97736312 15888693 284601262 219259362 911759747 371032106 320752401 389792920 209325157 256240445 203767999 586307010 243241295
9 1
110418908 154249109 917019266 761722965 357865189 943931263 889202792 537169783 832543409
18 6
320288695 44778985 247588556 53874160 764855220 733373161 888718333 513052161 498213983 522336110 508485198 844493303 855084278 170149177 24152034 887123296 352959900 412382094
14 14
268442983 776420218 205689093 438576366 62433004 720277713 523978837 34072708 251711436 810532891 599318914 412044873 311736226 671297166
7 1
960329841 548490358 274322092 267217102 746055676 50580686 777608300
11 7
946871778 516135095 398602495 60757079 141611187 99589027 305131986 553895258 911831657 98524054 754465048
16 14
619300296 744147673 159060990 756537299 510567461 381401403 330528156 18386150 29060821 748858025 399187626 829502577 288390119 136023979 108525191 97848886
2 1
862141220 429605563
8 7
675135586 556129651 714068711 244944847 337023128 504474753 360134528 801948131
7 6
300152680 261858987 808739715 273024118 664830053 416225944 177504149
8 1
15709946 364551999 680705398 731730830 857078982 690597338 779470999 257756903
11 3
930275031 171951269 411146212 398080052 644702210 570917548 992707119 849894871 691730429 25185283 969355078
5 5
382510129 827628068 249133306 217721848 817826462
6 1
766334988 695582668 145662659 741458435 542524464 98911259
7 2
83887162 786428297 852408504 973417693 434767271 499440531 280137847
5 5
855572992 412811110 476591245 557316708 730605942
15 2
604321120 807209026 229455546 866115235 157410533 581540514 797341412 510526640 57063739 996959301 799974137 425093197 548682769 350148458 696506670
20 12
338850038 351892632 432028912 193250088 591403473 433325367 95773327 935751494 61768154 320981801 593685513 436423142 527525797 442812840 574945888 924230201 731154286 180530517 763439367 33530994
1 1
228922775
20 2
57987782 732482085 175112991 846000456 516909204 90120001 706686533 819367664 719273429 924637042 254791430 760303850 222026417 948782142 947523517 597217636 115831438 708871054 341097745 201644179
13 6
671476891 959751828 432504380 808839647 376015911 301489239 118820341 435402875 58908560 482200301 178030961 19971107 351178822
16 14
94259600 839728898 266403037 919356636 436423326 54766379 125394273 287265689 657271097 750119269 238119793 944732346 583580599 515057484 967886931 582184238
9 8
118295626 590719775 518842037 159928355 139587711 682444766 574916224 170992830 77462496
1 1
999962244
6 6
962885029 93108425 974244509 245711553 620351434 49294913
7 5
629796202 790952263 12445624 283437824 967526469 891865048 729176844
16 3
326837341 261979311 968502410 630786535 326494787 304143069 246441961 33859749 970334978 841944299 976172119 485321597 548297115 688373677 551032964 978021312
9 9
737687725 116755351 388868800 179351643 132536717 218841683 909278408 489795129 839083640
12 11
691078315 868334380 19350726 791017420 118477417 706822255 491833465 553436302 39266795 691216595 200896469 935773854
15 9
275756167 985244048 153744170 191524109 355337335 463872109 2651284 21877721 11006582 366187369 184730155 338985729 331580995 8929663 139729971
7 1
730674211 484207959 41280300 901556778 831979087 312564447 543110401
