98
17 8
320997604 491630507 838183040 798672250 470198586 434262174 628895767 207230779 46785831 192299098 648809139 656133256 975483973 29863007 964854839 838053607 676024238
1 1
61150412
16 14
949073341 957089588 878850259 486963854 664076148 98774625 891188735 563304833 199711014 117655286 927061718 128927509 519601475 597151452 976199217 224704151
19 18
261337595 79553954 438915368 369517964 885470511 321774926 977665191 696388373 58857634 985465060 57755497 398678404 296606262 126056145 371576246 36988184 186927248 427539774 807390945
16 10
698745158 617718289 128215383 217012792 21568916 422207453 615799433 825893838 896215080 766438841 798300635 612114877 699562810 169882506 940111140 366140319
17 3
869859101 228051608 80251389 654372339 856868793 866808110 730303782 922004068 318699173 640001044 860218027 776242548 57536562 574015902 775319921 849878801 476524537
6 1
498100670 908711259 805440659 280996849 1171790 989076685
4 3
810170589 504279294 174515485 886042176
1 1
259017850
9 1
974500282 718987248 818313271 174264324 588325375 497984258 129930799 868010236 736382982
8 3
231410087 909228606 69882805 899427008 973534778 154009548 404726762 627710375
3 1
534645352 68717638 57819260
4 4
749796962 825723461 594361010 622174097
11 6
552433794 416166797 438598555 425722063 459352272 385545607 899585327 159110990 885080011 863380930 287559560
16 10
41313117 633712059 399180834 536799473 987549911 522225200 187467363 671111767 400557667 927797712 430856696 488249198 266367503 696132266 597993013 921215051
20 15
986114566 465051367 676946860 904790867 253209826 325692554 497135350 585668406 107303277 403118439 613140681 327938542 960260741 142860620 294065923 611604999 777180486 488448467 480110656 108326329
17 3
558718043 485269747 741338470 523267418 888861787 433009215 131185872 556117790 19585624 826324197 348097191 997973256 850608218 660089934 984094422 323055130 269596029
2 2
993192502 455360625
8 3
219094961 484318738 275051700 516215983 721429236 559773442 739675320 316653899
9 6
624848259 366365129 222559179 268927247 791312219 222245766 361241929 698475549 518460526
15 3
364657096 937761617 4486934 713373380 151955453 743951767 193019118 960256089 531881047 564188081 360336265 244727340 61165455 713419535 505760767
10 7
584014243 696671544 530728196 446404959 679860160 511931466 23285423 478018456 745588714 135911411
10 5
130050748 116326798 919001140 9140914 544151243 628244707 24443313 961175618 990458826 573024532
20 6
352730920 438157613 933409270 947819329 955044324 137757546 900014382 945391883 684234777 413874249 761001015 377483243 590861806 679630314 364311999 751631319 746078383 73998710 759560745 369854189
2 2
332840538 738867297
13 6
333656729 299984764 299691657 707729521 371455962 118789490 999619616 709748579 795897730 731835487 869017342 668206171 919062540
13 7
584112192 413588281 570870198 898853935 869296587 384355975 541304730 887872468 877159927 862410275 926366108 964155593 295992905
1 1
1813924
1 1
740701375
17 12
633892846 666979635 220508782 148043892 517075468 592169357 224924786 993926487 829397129 51462898 696397809 467580554 423486218 704127115 121348588 9871934 681172766
16 6
95797864 18493869 642221777 999397963 886704887 618859156 948356996 880462754 408246824 470054147 560993368 265751411 295869336 430692016 413887551 273565293
8 8
462367665 101411733 583791175 60608538 232914190 266562165 349499120 621080266
3 1
538444273 639741186 59165548
18 16
569401440 524353450 140477003 623147649 294220527 733538751 993407755 642407109 702921118 572128093 122784339 897730162 858098223 875524413 426046902 26645982 998581604 276657323
13 1
88126732 508771643 19449870 620727422 18889497 235530712 469426431 55962939 612073756 97745813 536023269 621173843 356744222
8 1
121849916 742721739 930847099 162683050 382973787 46167451 274361771 535871484
4 1
210461892 815739729 441983230 686457473
9 5
361426340 761713684 96094937 287898864 646072717 790968519 685117552 481302053 579006916
5 4
109897191 766942127 536011640 687024254 90084770
12 3
949995078 119268741 748772465 771822169 116224872 954963315 218956766 729590116 230834269 40258017 362211127 583645224
17 8
50394698 345423327 379754362 439870579 836368518 676664851 676987916 237383793 688373280 813865 872293811 556687538 609884171 376387939 866211263 618517364 389195985
3 3
786169317 939627628 307558797
10 4
272338117 950355061 134669816 109501090 327412309 396209857 537144537 384204131 348641850 175169164
3 3
796174627 877605882 994046600
20 17
104659557 784113808 674748782 783684323 747746116 720140550 665847914 536315244 553592591 887298896 780412426 778522841 333439558 885912119 162854299 83742972 305327585 384548950 522284067 597265086
3 1
664865933 501422690 587058381
9 5
949053372 658569954 241727972 524108074 322519949 239996408 573254494 840874980 197035441
3 1
414446637 429519279 483337120
6 4
8856340 983550840 777443050 867504739 164533627 431133994
20 10
289853507 256388571 534598494 733429033 581157707 300534454 125546114 980666483 436883363 777165221 10729821 594987804 981818154 299497309 987857880 525339362 306762054 122864833 706269457 640359040
6 3
889839216 649811800 201708194 398311649 931125007 497959966
2 1
281908709 697843040
6 6
327399827 326738267 110258259 400672004 426292376 147576248
4 3
890611963 563688455 251738015 275817412
4 1
781000346 817932227 565826798 103283253
2 1
80989772 958404545
3 1
89017228 657784787 829565974
2 2
521674363 274821068
4 1
562967651 174421817 21945043 575805161
19 17
642640127 505000668 451352618 187944367 970080471 597195157 156112934 909998111 2083921 740929531 624015673 433089020 666231045 556393174 348829533 842324758 967931481 766221679 341107644
10 6
174680040 415479342 583114312 397595397 289510514 755311802 450906042 341201939 85517655 568972094
3 3
418526854 922035258 242832837
18 9
49782885 950825843 846516825 383771727 901123443 191982894 111116790 634730925 724448820 125647085 288299195 827941622 111305133 314164431 450583623 652572512 684594869 917072086
18 6
946398644 664073553 398002518 580129004 333313832 476275544 323687989 562186137 452832629 932457936 179917706 114913920 426321307 667208699 540816618 131878481 241737533 556900680
2 1
61658829 860406534
19 19
579646818 694910511 667365519 840853347 92552018 299375090 469531800 307499118 753938126 455063823 960957658 353993113 369164482 437488918 482866723 39236933 433306664 73043927 891117328
9 4
390633807 902005711 236532830 838960854 859182212 39732969 118585417 688030176 525131332
2 2
247832038 515874379
16 2
841504485 926650579 740943539 417899175 900867794 731387191 516324845 1756352 419331159 103448596 335237958 608847038 344401841 10119116 687307132 887298280
12 1
595798649 201840766 499050762 800561344 739149315 606380704 818210466 483910125 101373402 925075570 235100334 911049650
1 1
930149235
17 3
88470362 456499391 110564282 403878991 338268851 588743515 817009766 669741114 328291494 21703631 631773292 405807614 330706961 783586875 853536817 178353921 458409600
1 1
205044547
1 1
390703490
19 2
736109556 399237731 183058603 285201930 835805807 776586168 318241440 4942876 920785742 582743994 302430257 1932300 724879362 304489064 279216914 399662822 457460700 19404744 447878478
9 3
349328217 18225366 168699187 35314797 494309993 458186844 340281661 835918999 445513905
8 3
930311937 258475297 122491211 981183582 604440417 983068255 750606977 441677139
19 18
768812535 363745440 876801264 263014016 148844229 637258834 228994527 416617787 82997266 310905892 27027532 958349542 435776664 259550801 580517834 118905852 605308953 764780687 423074732
3 2
644947457 454506905 114838352
19 10
52181987 483082869 301054778 184522759 574843348 292844925 87646252 225802976 969844555 68320810 971648229 166898832 496579105 607419352 130816565 33725201 425845006 270230565 914211705
4 1
990311999 656137568 761737863 413821151
1 1
531731976
5 5
426737699 870888094 565872845 321301561 622936082
19 7
253737766 869206532 621437458 393437674 719729902 985268436 188409353 908538132 528096324 774737035 993933691 699224601 318474990 988191368 228685345 112293030 840203002 893075210 751412472
7 5
450817184 601968136 573320894 979612993 958191045 3139850 683029647
14 3
237857771 463804488 541493294 322254113 560079375 233654695 32276054 50442860 664096925 909020263 458941575 614674142 878395295 245372716
17 7
282516994 957704672 609220698 146844179 247700616 490692843 144210307 783159790 268652885 128279836 334770577 967697748 282900961 656527712 495670071 694044033 863864040
8 7
694391005 453384626 656599895 309999857 250287571 654836237 954718937 318565682
7 3
187453915 158461984 317180658 212958687 180534092 323784397 195238018
5 5
606829248 677010763 551221552 58165205 365526391
18 15
225057452 961699790 179866123 104661308 336831435 416627317 241795044 516505284 712243651 933306026 323580027 944293247 581127979 483230064 690088264 234466012 649293181 681613445
8 7
452658133 501241666 291797615 257684746 258986703 270395701 205202511 654011713
12 7
510679721 734145412 795613408 761326682 459095022 909179618 223799108 302940563 612193317 977215768 37966354 74289925
3 1
423028318 433083001 842240575
16 3
775014702 249094738 59087394 586134256 939820957 295796772 377917112 45588737 86498012 747633214 255456815 727022966 740286201 695510520 748848730 813884703
18 3
406699119 270309985 675212654 992400875 12044428 933956360 653582578 918231731 564804707 465574793 296063978 328267530 605913596 851514987 822913778 367334663 228283272 33554019
6 2
31924398 297471217 657691284 138485375 376707372 202873426
9 3
980036253 27908534 119221293 595001986 273142595 538143382 232649951 409157307 294475719
