79
16 15
675510612 697201681 847660958 437211058 643372016 976881322 997055233 900837505 960886277 718573271 666526233 934469391 618305 992864622 584208368 643801770
15 15
847575253 339223131 897553229 326523339 798336470 295686446 467272249 901820191 299300706 721160799 270583403 617850740 157764351 674179755 635160904
20 11
976795200 603469085 864524660 879596105 558971223 288778336 170388188 484802597 929137146 932269278 398697390 824765224 449419195 527347112 818883127 251444350 893865128 799269673 34653593 94036289
1 1
429582111
14 12
321625661 580973601 697867266 334839703 693092235 43522922 43228714 102361052 575234 599092906 821437751 438666867 811415096 776092330
9 6
751253170 287633273 724164549 777140174 762956294 661760195 539053112 527439358 569479244
6 5
894737564 193654703 735325704 375627629 995777679 155157426
7 6
890651266 188594052 740090516 635707900 598519333 545547065 396696849
13 1
404099493 22526591 567428216 660037184 56871073 556853351 966577662 916263880 958508192 678761354 27579795 882714797 733812812
7 3
397796563 750634673 224684285 479381831 581550127 448036802 435841962
3 3
518009750 145229743 97733261
19 10
986391643 775832157 988591776 3399622 919317840 584635374 783449736 71903922 302208111 493413334 118922352 635870129 275371716 113185016 158572385 235780901 967902849 18268854 654628086
4 3
458439896 723721344 249592217 789112489
19 17
598793945 315036818 88353916 7517471 805912012 207264569 697372711 126291029 723250940 474604145 415475221 42816348 616100889 898256919 83034084 60365676 41930644 371097490 907262310
10 5
379508133 301856382 542901181 896744005 464786101 21211298 955882598 601325852 269619019 94252204
17 3
450205801 507153376 911625119 646917182 374387242 296511216 727871000 953213339 574209216 744531540 252709501 546715295 318167669 23953049 22412066 27969970 201550049
5 2
173717398 891281246 216023206 488935704 986585181
18 2
431390802 909116150 982851886 572766519 963343516 913956982 616965521 119573932 30896468 200318711 271298175 174607948 821699518 65096329 918557545 83100676 847307692 477124684
14 13
377666912 15488508 178458898 178403800 638792847 124200960 623891184 134340222 867493997 521500841 465858596 994596261 541775357 738306787
14 11
166926978 63983684 542946471 759835497 282817333 892473389 864397987 409311672 203418947 134088520 93446833 368245136 345580209 502127962
3 3
468130591 320642588 776063625
17 7
446290209 590495334 170702074 19221977 295882272 135783148 257375296 206452777 148246285 573078130 225757587 437002587 355227896 78732183 181327056 32834428 732972879
16 15
240892947 415045844 624012660 457900420 191318073 241339725 299969847 576763512 668503666 505336023 289884971 143605494 521194868 778778288 736247649 136268942
11 2
35565875 360720806 311007156 390853033 193506390 740843062 213863533 198038588 683355066 535469089 562960913
19 12
201512524 677792091 610117164 553920419 856370791 316907390 302248624 214467367 992064384 14776688 496952084 128491485 753888865 484282401 274988408 66677741 612211627 750866798 444892546
2 2
73411433 182646238
17 12
994072967 856465169 712511884 906204417 257357922 983449499 254029132 939338387 287524400 976520085 248079423 642335115 143241454 263327397 458678382 177472969 942062867
9 6
952682242 554760032 294631925 560493283 20685926 425075464 781895729 572393462 418503303
5 3
43372843 799640969 662976901 472824093 180714155
19 1
470599571 91508393 495720102 338539753 572954415 441959673 282863259 195702287 521814327 791258477 447449315 826134594 382153828 207383248 832683935 534904997 635024325 737574631 219182630
8 6
623546219 323569649 646319035 595311586 992718122 39932610 414720285 914214156
16 12
773256003 368292456 686962834 766927136 683503681 313137242 783797414 608740437 491971038 843135920 11485443 723196864 770857821 244110905 861847253 403244715
9 3
266283028 515387422 957270104 341838272 649931118 208473484 826283694 305873329 580600136
6 2
122499248 599560660 219050226 609449497 863139065 355711309
11 9
673774006 641956423 603801521 398072649 995221767 512651092 251708090 878628057 498463099 484935568 363396133
5 3
780034355 161753266 647738256 636966740 920362497
17 16
917967045 330521375 448115685 482975140 499017840 674237569 172258462 880069989 165124608 68738371 54275412 193399985 647153356 431530295 915796737 104832411 536888941
5 3
783539270 517487968 493991777 540286456 118605048
13 2
51117308 758556562 608271732 650325593 803643085 166109266 734042975 492314299 695724061 525582671 390756415 813494456 296348354
16 4
722938792 535949704 991691673 843647102 788116978 885328152 60197399 282806074 208839047 84287100 115159664 551527129 471411586 11234423 148734209 543191929
13 10
731397966 320529410 983841874 320500450 774827973 631958789 375900044 67980653 955848674 983419004 695107013 330485075 480807754
12 7
807855609 77023114 451536977 390444629 871129476 764553517 903957494 818555684 108098951 840090117 994014781 462538835
12 2
651704639 787948000 813560973 580433302 454406938 86129862 631421012 891356609 534813893 635037678 222734986 287857325
10 5
330886021 951206377 568649816 296081866 364950918 508228860 899349705 736289221 543928298 129388130
13 5
7083475 455870061 780369483 188716118 748789049 48039764 505050145 591096436 151182567 780422425 500149858 481638532 124779919
14 13
393066345 14834178 477391459 479808359 726543562 166837346 29339975 524984798 794949773 710301336 414427809 800280023 748821059 488069541
1 1
737244730
15 5
137738535 115422720 514459738 639099321 353264885 281322329 238414922 272790556 186851858 257798055 302270252 606228191 78027080 842979128 705532456
8 1
419080517 153608421 840316910 169563779 253793534 479599912 787611456 328120957
9 1
271053902 738503202 668865649 834329135 137085968 828138496 388833087 255341697 393702345
16 15
155970230 262255575 560235161 354964823 166241626 407054154 817124302 838892516 39050784 842862568 444720328 571341671 900889469 83581811 887427011 720788774
12 1
81445073 775685425 271930543 467274087 116270558 390241007 729801899 65400855 656116916 572910172 502610646 129051576
13 13
46676929 462681998 490753290 868939808 108294230 575376343 921766787 723226763 567593409 382625466 610824560 370507447 148549446
13 13
543240075 602692609 661951140 556343510 931497769 120117989 550578044 102434048 714125824 397602579 537566668 573904456 678216344
13 10
588677405 576459300 645772954 695669130 902530574 236836119 168629837 378337579 856214940 297525286 789759293 97441070 593461275
15 7
922894950 115835415 13970229 871883431 676798685 382056789 560603373 894207109 599795208 128370110 614040712 600244457 874826027 930422196 201738337
20 5
445386900 240526292 706118730 854859808 275156855 36313308 370879416 397739618 12505444 926591595 60353618 959488795 199574549 769105803 88290891 376665515 109978200 206439380 290177686 967674581
7 1
824934500 704471877 68684813 308690007 134688311 322678666 819426366
16 13
393020388 305945989 286519319 485191873 515840256 332240399 86409917 420471666 898197068 704938721 146931635 702316266 143733466 108204251 533604747 869895184
19 10
975113412 8398393 297505637 24512948 460493717 859054630 788136396 755431491 166127496 549622571 560765444 411191878 134378016 396387311 784190354 533235661 131369823 878996984 702305511
11 1
769022935 564030802 171340950 365429018 620138770 200507325 440576013 789890401 10077846 727630338 72820406
7 3
911841522 999209149 521415340 828425702 642934047 79622419 965382382
11 9
132734041 982999723 585397150 945875268 939976173 347199056 745632804 864072587 155311833 264326943 355725326
6 6
116243031 797598310 848779887 95733874 393439495 370190628
8 3
909395808 383783791 299002754 7989979 710833321 699604796 886278313 178984462
5 2
792018058 32216937 169186219 267284528 936494133
14 14
407117076 257246176 694106126 273468558 189926490 498349816 944326762 255234753 476113780 598591405 301955594 192557168 467022638 974586010
18 12
227332046 718513629 205629169 21777799 227874471 908465572 187122338 426359681 308582737 736844357 325324589 905074136 716459583 663537414 883134445 938746237 616255905 457040224
20 6
820148905 150066572 696240909 496623327 787077031 292736964 496507693 378995905 457293539 557516837 542072588 191703326 243044608 845669063 625760574 270605938 356671505 952133724 2452705 447739376
3 3
80773452 136732862 99288324
14 13
423693073 837968241 195669223 420416498 339406192 628340187 770840211 763886053 506177095 947308673 902091087 172568905 273046738 519289037
9 2
881978713 145442750 554622591 315189883 522643580 296242358 776686241 569044363 183464205
10 5
807985757 62982741 292546461 851835954 351177006 416136525 443166469 171194934 152987898 835577099
8 6
728653477 474477072 780585021 884926749 356028900 914397839 579194008 865288202
17 15
847314606 881438102 639667164 228289487 842851369 619060180 278543179 637148886 859908006 676195167 270934611 356819540 855093332 409580713 577648508 452835647 959002302
12 2
896136096 990285316 660973425 461647227 953066584 652861080 331444535 885289348 146961837 161684542 877187254 703658704
13 12
718051208 257600933 873531660 786343187 389680225 437364836 947229170 873157513 918217004 52638667 738217321 535643245 918225810
19 4
591514669 907039284 117807123 136259051 674046378 865891129 445435403 521564208 555281155 850847342 777326833 546375494 255062094 739043464 12733982 618474026 8266696 401905530 557404648
8 2
118418368 726623334 734283195 74827000 417927671 239514024 224220400 524370592
