120
3 2
105801700 835687742 370862168
12 2
232275571 211245856 90743272 279500611 537031760 222915410 280507742 554284992 531502136 569865818 129364215 128315527
2 2
947761864 477143430
5 1
853478979 675681350 967358561 127963040 22580455
1 1
42710292
8 4
833044663 427645107 35389473 216578076 949222652 551524552 983599377 57415061
11 6
532826446 647819826 447317745 740008173 96971364 419936053 857508873 232049694 369810979 418771932 414835215
16 9
594656867 224813503 537716236 520482853 456160271 57712745 153028006 77001263 401769873 353503121 14298036 395986058 552460201 446384433 698767617 902671749
11 3
283582322 586339655 678654456 935761394 925302338 362125418 482136789 390187427 584962761 678194371 479359730
17 14
828326375 364137517 761748903 173988736 186987533 248487382 761994793 585599995 596113488 172573514 442624344 495705160 99893065 781673210 183295905 93789162 953471939
15 10
840552219 25670432 163346869 22292546 154411106 468568117 690416932 593246019 625554738 502539853 687693964 266798830 945931090 744170286 391121844
12 3
274500493 96689751 238391792 66705073 964586597 570356513 374554254 509679867 124922699 962518458 968387280 331497074
16 6
933126489 298350950 125169814 703669318 936082563 109950202 505234758 758569241 526397165 835587287 737484773 722192828 461889813 695403163 879739573 959760681
13 9
11331761 89130784 950030819 984794344 527262053 617831112 634606690 187233417 523599459 460796285 179056769 104245623 893133466
3 1
419545336 620332993 581583848
8 2
686060022 966832939 865341425 641918872 384966821 349852187 727170555 905860272
11 8
150136697 852745781 446233900 490036933 289673193 897364297 618429209 992088208 819068081 693994588 783989538
1 1
78429319
5 3
520028208 970535182 568849394 826956768 121915727
13 4
124682745 351423540 607372477 784552324 119328155 702441171 26551394 790628022 955939010 836819934 212401877 296151235 306908118
10 4
246872857 202621884 989180558 598990164 173334926 971319295 459159335 464981032 631323415 19399215
12 9
785523925 345346359 955547106 555003754 191957411 877267708 463546326 593767933 413930059 540427411 747371961 949948165
14 6
808739074 734628045 400610808 284513113 909575334 372952519 959124440 667963383 976182578 240263026 315743361 434832955 593640065 954204889
11 10
931032551 47457432 779149542 803951945 143990091 375166118 315422226 274856033 951683181 152160103 678228307
13 6
443523289 675753107 267926970 560924349 785596516 381805656 972686269 964208588 161595881 900422478 47217572 259550386 330768981
7 6
689513880 176873350 360854857 741627167 351776340 841843986 902562455
19 2
343228591 888433223 715877190 196654761 418997483 442195791 544283098 702298753 782031625 768056969 593455182 112040190 678537111 672650846 693212103 420038819 133914270 489663041 171252362
19 15
581126111 838224740 273394841 91885505 495361829 57693009 361153709 119391353 384886206 335134742 162066254 858846805 444556328 137384337 579230936 339444870 476956067 612375331 328615947
13 13
591969127 159477203 327878278 880230220 964056876 831080084 969541101 174025266 499516409 618696566 270598489 223000660 978689430
1 1
793304385
14 6
642640127 428873583 552589760 307867766 1658018 67865820 117465703 159612039 281500319 149345338 55295470 580434740 261680557 151749193
4 2
818159442 551518836 661973129 293188625
16 3
855945675 787708232 555620875 183514709 62790752 607759900 108712608 874162034 218119250 456541837 486923939 285484222 199495822 126733546 40486496 745423421
6 2
205422769 230833793 135275723 500278308 499069460 549302868
20 9
146722218 366999099 752681976 791022352 261449258 129679323 670305893 908876843 17733722 560469740 405109424 80853265 319167434 504797386 673169415 723420421 238065462 389849982 570139886 971285480
19 16
205249809 862110336 206346169 270797836 747831198 271250428 69032249 374902056 800482589 305245605 716512503 233209187 313444098 813353552 784806951 65306375 40800715 779319037 288895633
19 15
580810622 595828876 983432098 590988759 890023144 489004493 928756989 48894096 233405535 718374974 542984180 765799772 808653669 540498232 128993546 407583638 174819171 41995845 256946290
1 1
784001799
15 5
893613188 19911556 926067947 356723871 875320676 620608414 391834003 625738737 212433678 786205144 708347886 18553669 405134022 59586037 81731031
11 5
970979707 73920403 668567941 476121868 982026874 895321687 649945351 754378521 255026384 311270156 83598527
16 2
945927089 521631189 386122495 476312617 21932597 591365444 342344999 920855790 701070045 385895870 623121776 917161436 717597225 161129476 478919281 67483713
17 17
518004418 67157490 494263241 98185308 309539719 640407046 805251788 440178019 700355760 533610853 981537109 234575801 850471062 446173475 120425321 799552874 637435157
14 9
482790213 944600038 787065844 420843384 238538906 978614255 355222797 822525010 193586977 453450769 770066244 905219363 212680616 165157808
5 2
775473448 853994802 862740125 299407083 74680227
8 7
102029986 799177039 185689822 710707010 130894538 513588456 243808200 536053837
20 19
837864132 954674889 915641881 431601205 63289280 775865797 750343950 977605737 36016267 244296633 116649644 626520421 915591780 751953543 53277290 140674643 733570229 690680883 590332370 883734516
19 16
575006288 72302750 895760484 548621531 409698274 344629313 430081375 959473887 442316995 297099501 145371658 538282806 940418666 417384522 233077979 550694925 909194035 60053030 930172377
16 9
497226467 687434184 444528498 309648180 426524868 164921624 940200968 463233376 651876454 543881134 420155213 645476542 902031643 306119230 356128620 658929979
8 2
188081926 288610083 478850044 939628402 668890061 360416522 435712030 493275234
6 2
763499273 732637343 398054198 140910397 701571497 205509212
13 13
770649701 977612912 256681925 418713808 363166081 429885591 168695105 747800684 564945211 51133667 480743902 880613359 570323603
7 6
885041523 734411608 587307544 351913668 452264537 671299890 574638335
10 10
79588207 151582408 413275274 40422405 945834279 138073523 122340417 93862103 284965838 749542054
8 8
573314466 144611230 266793579 26097037 901619164 235888672 234971301 398949116
1 1
698942977
7 5
268740805 278867143 311863159 276355556 918375916 856232900 831628703
4 2
880085778 115042664 381127795 371347352
20 9
776694956 476827552 536194723 809851369 25359486 507401510 168977900 655295430 858093619 30995295 426287256 617082823 423271366 730653326 595551438 584896522 656890082 367339053 854909522 55652031
1 1
156943544
9 4
876745808 650262100 765570553 770157797 276723047 558767919 117166792 805737669 301883727
16 8
449957174 934349554 684675371 915953528 262456008 843214915 395609649 552888124 151824247 477585885 646724352 760166188 856701984 681643057 43838946 200861703
12 9
381694754 33449520 442898250 267268298 920121226 910010459 593772197 589913873 920093300 866028632 492257760 11122247
3 2
553856012 899393411 279844814
13 12
841961090 803470696 136752901 824854012 967977815 98785207 554207699 172499649 73619999 653670518 604476691 35852760 826667090
8 4
913428478 314533190 619708693 685426610 868345917 617486302 302689835 337362811
2 1
152576453 852075628
4 4
67226303 2155028 423943613 986665302
8 4
770316646 262159210 517982566 566780568 745659083 394525732 606872701 962312309
14 10
120672242 137239561 77530942 854564302 284033468 302575656 821546120 835159708 175717924 48805135 172415822 773176939 85771592 305335942
17 6
984608500 923079185 901909731 491027491 397864797 831620657 145712992 176251959 668071701 278367060 579638072 831505725 233959692 554520330 223946123 588509720 865894564
16 7
622611853 687687906 41950628 48422163 148676386 975446190 129594402 161898229 873230809 38152150 336147880 760775318 876775731 704749013 787919921 191223955
14 2
643859817 65270081 784714426 417999042 883089520 206515832 102457685 650650125 624252871 366058178 642467770 386626056 58482145 462625737
6 1
441802636 37324644 28187505 17313916 468069885 195177980
9 1
845420864 62945918 636047548 457917252 78920218 756493321 870214109 821083580 517044466
20 9
535464699 167344715 859214549 540384988 726154131 545574463 758758843 940166825 383046922 158512956 708843928 951527012 224450261 55529602 494633263 631613630 595942037 575762501 809160382 587278968
4 3
564385235 889169270 435745339 1855026
8 5
423357445 318432662 65786524 31789045 243230100 632891995 514870800 369111730
4 1
888178434 552453240 499363903 554136501
8 8
498819209 320258526 665895566 15373623 716667699 981704848 865801315 502255017
12 5
715526646 460863058 868742612 156914488 535215678 929405481 862489609 158118361 182658348 954916442 626887870 772332598
20 5
419945442 378524887 378764745 990711349 854045627 271923168 692414328 102088232 778194359 843250070 329777136 614738450 825486257 305201240 144927986 867897659 558418815 100387524 75833098 634851443
20 18
173415219 956055205 854251003 658485765 150092068 713276420 18977402 348232057 504456232 533857267 720459124 570051426 894964043 26274561 50031687 734625636 572467314 533172383 743902050 308546640
6 2
937007695 250848228 315331807 747673619 574478256 755308070
5 1
971595950 821955453 99202516 259712378 412201731
10 6
738620415 690621297 856168317 726646875 923437075 144845071 708452089 840611675 59249291 724580463
11 10
395027911 145470943 930915112 719503655 344335936 824134360 29519569 686734426 56956716 3450428 150766841
6 3
94040584 576748169 720810881 302769840 660299735 209983721
5 1
205278499 261654949 535126851 170214677 580028491
10 6
700535223 101458865 899177889 41887524 340771787 506495271 970112694 459270839 804127251 386863165
5 2
496832763 892502267 647945136 897093545 790283726
10 7
476306468 160197959 277290671 997581552 801764655 296352604 560682799 10818767 481262279 228982093
9 5
430447043 528078787 250464064 591926682 548811029 226024797 515718769 885821812 690935586
8 7
754941221 286026037 843901706 772459965 230218029 416281360 646412390 585306806
6 1
626845691 767424269 667299310 157965294 19187592 425924406
3 3
839113329 90674000 131237420
10 4
683435030 692400015 163880046 328874940 685623383 163660230 885540598 676038065 569261993 932969442
17 9
957893667 8319108 228550000 487142651 980046954 481526994 121472876 607298546 904307830 305082524 200188681 888675858 64270733 914590603 22775584 764380902 22756684
11 8
639675955 488184485 582971559 362539167 867155229 566796421 744292792 395707893 348126970 647297328 885978233
17 13
135884750 909635104 273339382 786002195 133477014 624313978 474297796 536428487 717782805 980259409 211428565 262605182 527840616 679187475 690774896 394471448 697087852
7 3
118606657 7907587 680068308 656517104 253957593 260187973 687019337
8 6
486952004 666230932 932693185 656091888 263114528 978704640 813793889 42653311
6 6
234162074 964406423 118153789 60936197 453056197 192285237
16 10
966205430 781659886 117916371 108728760 403561149 577225487 345668566 388685633 800791869 133880499 407625990 191965397 247735946 878506692 59725063 576153702
12 3
158146663 952763422 486451818 565991734 880344987 753858038 168955764 288688755 65952217 800068734 692762078 111893163
1 1
797716798
12 5
991490786 495756516 522287415 927017634 377866990 236975248 307730501 665451097 684230235 757336019 880454503 134887250
16 10
24946857 843891141 870992279 48670285 825038621 220208322 659574521 747236762 923715259 945405883 666924350 545333979 887238616 387051118 58880188 971517843
8 5
763677824 529424063 848417126 930633247 639516399 845596641 373962036 536860055
16 8
613817543 908826455 746651238 821241006 746510343 492772570 689411773 311700778 382253588 912219161 223481845 574093357 409386622 708955922 820533872 687735372
6 2
553351069 644844620 887678755 24694452 725665187 722018296
20 16
631667568 612510809 611807915 314975277 377884542 335413997 223969111 117891624 526829912 54942577 772129815 534312000 518513738 587223068 415757883 591893510 396474252 612541839 826449895 394233971
14 4
869169309 992317867 166808214 34680999 789029821 987496949 507349001 18414797 359910689 58022583 42137418 326631968 137768618 865557443
5 5
49280858 474452916 60821254 169921 235876726
18 5
912768989 399027382 155179495 92330621 644166595 755853666 681426133 914809781 714778532 150925311 583897590 585210733 645696728 751075438 299070361 326622957 520931721 864732219
10 7
575540850 72994553 716573719 452993478 987381771 515932451 856951704 848096376 316819031 658378235
4 3
877478808 851917278 66654870 725304579
7 3
535398998 126972457 331856615 896172137 782268344 811613618 262827345
16 8
743405320 667547442 86924841 973652056 846972397 193907556 331132902 763085030 384246782 835856387 248284793 129856334 875095104 105396723 80123871 781013829
6 5
208650050 530108131 901865107 749848097 451236294 518741210
1 1
527058933
