71
15 11
521792769 411236462 416108175 536925006 834780586 147738217 811606910 960463874 240748040 420301694 798183962 632253098 887123945 9614410 420875125
7 6
783073428 553329475 194056374 499308037 474546974 110106136 27065937
17 6
478041273 533968018 695948134 681363135 687793777 612499042 504983853 575772874 527147995 566459882 195124993 297617371 196172724 883125253 651740737 876463466 128641414
2 1
614808668 2523431
8 4
960556331 227995083 436803910 11330002 984889183 670620615 728101666 320732010
13 1
422343952 226159643 982766481 800801417 636361107 188808384 306007764 561530400 66271058 686030426 344746361 494103906 646429684
10 1
728762058 480595139 922199189 475802768 15882673 47061670 908844875 436369170 345847091 484599659
4 4
698810685 402805363 562767969 809551271
12 7
658211714 550987686 893465603 205940641 143512095 799259982 29579315 709473097 445279372 155767492 115645000 57874847
11 1
149107997 354646474 996027339 691694482 904538463 646607394 875455546 842782874 315335408 281514283 160806491
3 2
322216138 936040379 38855680
1 1
237042418
3 3
520678626 509362578 96312223
1 1
758323704
11 10
331124665 198882315 696755303 141050186 314661893 974933369 85913871 397633512 51339408 805760313 294917216
16 1
800431118 484462684 326597295 628802890 370421133 499273406 288360837 992075454 34552857 565651148 583541659 728215835 68235995 584106041 222446477 375735504
4 4
378734610 156455671 458354491 221368061
20 17
37985093 499153069 583384244 46726423 459234374 24548881 198405210 476987764 106694076 473026696 950935793 817049917 115183760 956640996 42292897 799229269 881221303 682346967 715421047 359962524
6 1
487128819 546935478 470458943 464484220 555278445 58075663
6 6
563811117 943189075 633430228 127985837 539756562 20155838
2 2
624095026 740588450
9 2
493933118 148250593 810142195 681211970 64444352 131349587 577922930 862837635 234059802
15 2
585432193 554966773 702969704 125303283 24368132 831316632 996542841 389937834 419269912 355566896 979854210 483734037 229409577 800028852 848318835
18 16
286042145 142811862 842166277 93711371 987668048 969203290 269357781 495095647 546778862 819434003 500220294 47561203 42194074 50599686 746733239 812498903 517222604 345511331
2 2
988998683 456747910
16 9
532350407 397562761 679256747 976887635 559514127 151373147 493930272 123957108 572478290 799221103 625912212 435141894 965591059 841292449 206931629 658923896
4 3
4070457 21755739 325013421 32359440
3 1
465245457 565530518 596595502
12 6
939302633 914999833 86323070 351286084 554382843 873956903 931975048 734023195 197610496 553643686 854749547 672398581
20 1
37579843 7244280 961341586 747681938 193582483 544278015 817715258 755810951 773338196 767504650 731058061 210446967 76455610 556710459 457772913 174843487 518690284 809664768 363020184 94640067
18 13
754493076 464943210 22667379 303894720 274095638 170437572 620241835 775293981 23940140 256681599 395408763 645709753 191670598 413196455 460428811 223365489 767075255 551842746
17 14
426707518 371223427 771476277 50615658 154971487 279323815 930801412 805149401 524906074 416793144 574310833 786571867 114373629 529710344 15364834 628876569 888125597
20 17
661299558 215909053 817279913 50226017 29987111 27995049 954530098 411820661 447560625 418888251 106730221 493280627 826904879 910221072 384045822 997411940 128328555 928798774 632613151 144631921
5 5
778665178 974370045 808116586 884481990 202435578
5 2
543392433 744627505 994435629 473067900 849963395
7 7
728972961 64995969 159978165 233235142 37096194 58177789 403594468
18 6
451705188 466316214 517624059 132959845 844230765 589243522 392327816 221293234 93182897 904596623 488546009 919504049 710741958 22543664 77800972 393285235 472912487 498439380
17 1
941225592 978053717 202072675 540644132 29139483 455702934 116452351 926798809 251274046 391890003 293020695 927987863 510767558 508007986 905609205 982342483 405337064
3 2
443399243 460419683 928313695
19 19
514830472 653785054 294738641 245532713 459549065 983524860 811012497 339803332 865437751 884237670 16175316 723448918 742160067 911641712 140828506 575694986 940708293 521546579 51068512
8 6
305769920 540942771 128921338 338619312 948681247 340823517 260104078 112988227
20 10
265319340 57609665 316461287 918803117 509281764 424980700 422382778 325922820 446732290 696635590 33749904 406347922 979591709 224622471 442212658 851366252 263542958 525283915 341290141 720096594
1 1
296580244
13 6
406369832 708988729 664189946 129083297 789109693 518319960 130017257 393695889 523036307 960416542 909884866 388807587 832442463
5 5
681899646 521939073 939190440 81760052 229665531
8 3
915669531 224096425 622531519 980799522 941183234 414660738 619396965 917581356
17 5
465643780 70555459 808807534 439883112 315620393 95418657 243522418 657667950 236536223 377428071 867918995 649920087 862803835 754453670 648203852 350553597 243595586
5 5
134705184 11531240 885709986 629159922 151686637
10 6
657368066 339339516 20313866 469105442 364568963 340172712 529109805 349175699 726976806 451066449
5 1
229392689 447804434 756981569 659186505 304759679
3 3
13782723 940215510 231605669
9 7
115808824 727106479 833998842 792995009 803229392 346167494 105741541 468309971 360636525
1 1
72638086
20 1
151852764 644785537 820118840 822469359 741750218 128475051 51476178 931462498 660875507 369163512 727522791 992829563 79689230 316003323 512828657 376976609 25799439 43325418 369935488 57286769
5 2
580465928 34390736 410924247 166574200 771111810
16 11
547226091 211966682 667781257 934674109 994336458 190254739 280493466 368950394 569833894 491513689 848004954 168690045 732525866 319948387 580499216 527909893
19 10
84061535 625941455 194209672 465711439 292831203 910930952 220881614 169891194 57113001 794325601 27929092 313633136 845418657 603456594 197263925 993667059 991970143 794526979 90246578
20 8
870736226 328432288 926294570 730595498 522471613 281859706 120937895 618312653 994577402 204321295 786826451 558916575 859160320 293317846 768794660 832192939 694432989 493921476 931899110 408853931
16 9
559069027 835347609 903036618 311851456 599767455 647373652 504732091 917566727 739897343 857638022 977688318 95373050 962295052 555002339 422905863 338855099
16 4
547409267 441466309 833223509 879459980 441349787 909176747 923134833 718495821 780608523 779283712 185114405 927386985 875188417 344871048 27011175 330139644
20 16
879858524 556279278 149602013 12193927 230848106 280991284 543321677 404390022 126829782 493256879 649318297 745755115 972346092 766933056 42313215 825506704 181937871 911367198 17610358 52930403
9 6
537163776 218790733 797912493 21778844 559523055 701172547 699490595 426880479 370377832
1 1
62486871
9 9
232853441 906909809 840534476 224139958 334087235 901104800 712374952 558140303 545712789
4 4
12246636 798965598 691445624 692667995
18 1
214038314 554220162 704504307 609903108 539328987 845488848 753927767 530306464 652942517 952490968 615082093 450848875 398443664 517358045 423410603 409110204 400457228 723879710
13 3
631915968 668646052 697867890 432325982 942004808 116186035 21116248 470135857 461394575 274933235 698297318 486719771 586541087
20 10
242502784 68785654 992127628 537430611 17262811 494149574 667065413 172573097 356295646 949475996 240621126 384310541 669074335 633384971 21137894 380019221 8764481 364388176 168489586 243798830
10 8
134065363 142987368 756720093 166270629 836528043 525512637 64354775 781633408 945555529 823589713
9 7
586968771 490488150 62948126 659191309 963894876 898951383 101711240 321327497 373207430
9 9
814016467 223120269 62473330 8493980 614210656 825499019 120623755 416983077 786627093
