123
5 3
584620913 956000301 308627922 848896354 157864391
4 1
324619837 991656336 287318636 101550993
2 2
611144226 289982334
18 6
106197211 640049614 130723039 314195536 616147330 954490852 123857295 365544604 253714367 522537709 810072057 963825393 277176121 376878525 716358347 946015298 886439391 415091442
3 3
336054615 804025580 804603857
2 1
382149994 955327606
6 6
816378676 866355641 419434446 345682358 81260268 669898743
9 3
275967880 406213659 542895228 535344651 570144939 904852698 796961939 546647975 322552796
11 10
611420718 419570603 520402446 318202156 304803883 360378691 658997871 254192871 799787283 417750427 373104073
1 1
878073306
5 2
495376796 516606637 927792291 682444349 257022097
13 11
567449985 554472589 929308688 732021433 916248975 529448285 782132425 849064635 520656171 185328759 739949888 709285482 61835375
14 9
736692812 826636117 877051105 18911325 427642121 319477192 373516245 700954257 999871058 651454390 282593229 72158800 865652838 872615607
2 2
479326192 488021052
20 8
339054002 587805111 582402453 892436427 485946549 761389221 199225538 130366152 171706551 214792168 238385610 582082889 349949465 388749450 343877951 320003066 600850630 280007612 519535255 355928989
20 13
4489744 500445680 811242074 310223365 330605020 883296773 493846307 738494657 829911518 449082118 705279 305781620 926213616 778634714 635008334 466139964 493140385 426544718 177257622 388332672
20 2
754627030 775617613 973391276 340181589 735433846 762064091 11627586 593955546 520019076 596187316 657158270 452649329 510749998 112438786 969691988 880613011 608995313 107273196 599101043 655407754
2 2
156624745 294767551
9 7
565544242 604128362 45076019 984665612 502003061 19307498 3465300 958345753 665692977
7 6
771954262 916294178 165930252 962545586 87563381 157083581 772284639
14 3
871860485 678320779 197938658 53096073 296606518 711544828 954840478 575485579 172321907 50516609 110113063 889671309 663755603 967083820
14 12
223464333 729414691 572088561 572250706 776555602 252441671 900070742 874827112 103640060 924691582 110176539 416725334 93274515 567487623
14 7
618411720 320807815 370660870 311942444 724773704 402564188 685695657 310949833 244517678 460808717 504044692 248444782 371297753 544860579
11 6
116110886 946716412 322927882 887936952 105850962 140628870 998267711 304713543 687207993 388725281 629635173
1 1
41180327
10 1
753852775 28814811 24635629 294615866 797242507 821879102 583413224 519924286 220002874 441424069
4 2
161899733 799955623 538345171 225553640
2 2
71582630 633503212
18 14
175277016 347184291 109188496 649090905 404021035 710310686 11308670 118803445 165246943 879966732 682967850 211931832 96384845 940492980 295807650 190826793 543296184 163762125
13 2
223239131 949865440 242192236 633026943 82687339 494226163 546849697 86336192 48687496 867103017 883559003 238089377 661283691
13 7
965650785 2822921 418919630 555137272 541061492 534323293 627736906 564554645 222778733 264996223 17899327 437392985 213542331
8 1
836982793 147366572 746672250 364299680 81742173 822684770 420083271 623559372
4 1
793870265 852339761 132983289 988912834
20 5
39317626 217024093 448941830 841473836 155185539 564270743 829480292 774493150 85463385 413925198 37619230 586694618 953896207 731234194 316269064 727574257 442802283 518458591 473051698 935786696
2 1
316334537 420389199
1 1
986411978
20 5
312896210 973416936 549465666 475768991 680783100 906620946 191843458 9058730 50203578 410030474 435530593 448297038 224452689 199472442 230230607 744989470 85585567 787437662 554336113 490675548
8 6
632382018 748966912 222934601 255188769 979270592 325031537 229065547 776586102
20 15
835629080 959093716 531101140 596680555 471045604 329547110 803426208 177102119 573164627 603470182 904955985 212950070 208258017 68000347 296432661 769499653 842555441 596959458 777355241 815000372
20 3
219525021 541642728 422754892 147271012 806393637 644134731 476966961 283650888 84740547 919809880 438544376 532691757 448014271 841341123 340378211 706368811 884939763 405561063 640970113 828452653
10 6
794705639 662428792 255037209 2320148 237584163 107728853 192508940 596696668 526546093 515064748
9 2
527753195 462499456 258529722 682046531 98753488 947760383 634561172 758349246 86121042
4 4
307876972 984242876 18758375 114590264
3 3
662402556 157820028 224152096
13 5
396204092 630384345 120557036 686077533 395726198 596954349 500914472 862059482 325272787 244120234 235978153 998471869 933556228
7 3
692366871 834260211 426479610 44729426 627892906 245725062 127618179
7 3
416069170 380992323 82167128 791710878 412364383 86401793 120588041
15 11
557916735 3083913 507527911 175031384 744916091 790652615 919516760 903204208 841992010 692707781 827475246 286249550 150109535 908565898 995753530
16 11
618652729 438780378 195354735 52976941 753673249 423991225 460213522 346795509 926345695 464509212 439994247 483047313 452838005 902922757 258186592 770209015
12 2
452932193 951542794 176462547 342995357 737738502 980918593 217816765 569785078 18928785 600485173 283228997 437006264
17 8
560002634 357924787 294694515 728384798 270533019 186772845 65828043 526665232 232028595 801109731 215006307 151032791 452355103 539420262 632616227 69323527 334074461
16 1
554177570 106631714 373346877 289726429 484058838 812009609 684329282 121374340 280613556 358638589 661160976 492896879 954721301 550359137 218342212 632889171
13 7
829850628 656530902 48543213 818619080 698277740 302932411 432664166 654430631 360567352 373013498 168964896 799363318 313007104
20 2
54475747 78213189 361797120 295760851 310341204 152579388 153164586 842204848 385175151 906548821 287537999 16754708 762642637 675839809 946797307 859965568 886545814 703174914 733001600 166756273
14 13
309029090 809086957 251671845 638806450 332706730 82336287 300834682 161428967 792639743 526233905 845427079 474741031 317307974 391187424
9 8
316622058 297470392 485852845 614018580 928034034 112990777 927495532 156431431 579613299
3 1
909009045 18286233 299564546
8 3
301427597 225848940 826154713 8893933 218186958 520728351 908135666 854000555
17 12
542270852 356175105 259108998 102584680 947657214 640688626 989232182 231776651 739721552 669061362 675156365 318495014 7934020 495172770 301043474 754720197 944095338
14 12
628617088 548896997 582450389 489539817 295659091 711125735 593536170 689252350 461899031 924851551 947129462 502913182 313952733 376827565
20 11
194202995 788389391 209135720 741275640 242226019 828997544 144027964 856967845 663640207 679414846 628522616 978057617 309713709 849713839 562142636 626390505 18631273 553881232 762339086 593906280
5 4
370269811 678357182 181444964 808254256 459309106
14 2
73629952 310312757 631728193 55926335 398319023 521005344 872502474 118203456 875052064 697049507 408047186 597740883 882789870 106770466
17 6
906488801 228459599 936566966 462415170 729267123 393700653 525696348 761085990 983642889 696211107 561622581 380314414 713215615 380601990 802092621 295371436 909964004
9 5
991596771 306218270 9438840 214342911 139979161 709097086 873769700 179931150 28664373
20 19
792765432 972563942 89756523 732882595 197173013 123047526 496201437 14774301 579966476 944066771 254269002 888477249 49381896 561548204 187622766 747351059 860502674 517736073 536252149 758683864
3 2
699232047 736635988 890863959
15 12
800039555 524591029 183248835 658680768 128277370 874976436 398305808 543095928 306481232 460686820 770577710 942613930 163441024 422298201 447755988
6 2
845445840 301065464 807897148 697358517 469325420 925751671
15 3
381586327 540593517 185405554 436224312 86031418 972950815 420380102 267604439 151349646 212948145 116678435 480208210 881468827 324356978 642912755
1 1
978232971
6 5
304319184 377266854 69065890 709830596 301260564 750745584
3 2
933825789 792305402 394874949
6 6
999843852 591712743 70362822 701677659 542784899 876571955
2 2
472699691 25845635
4 1
744773145 925986011 416263600 389235605
4 1
813787721 191033264 50451468 674979343
4 4
595138116 421340095 414978486 39515241
17 3
738438577 50242037 644401567 804829459 253976316 435070423 548647717 168816142 559449085 663410423 513871792 408560842 746617723 298812976 163987341 31746555 399939485
8 3
805951614 354128095 217545433 622553013 60610915 32376546 45379898 577721924
10 7
737358221 215456667 635364669 489606616 898005447 892974646 742953855 370411198 366404809 238937686
3 3
201240534 125380927 811057553
8 6
992551798 662016614 214527849 920729009 233539021 63208832 189408569 560783422
18 12
639205715 324161164 809081022 926780139 534072784 494216772 78165645 466282185 949688120 148278587 786792256 635275595 858291640 776663038 716545085 512554907 521671389 104239334
10 6
79403570 854640854 957526361 715648581 89136539 21290463 862472009 760465153 847603313 392506033
5 1
363058714 434241711 435121793 465680527 57895079
6 5
66741577 240288818 428816709 601979185 832423915 376686744
2 1
467068091 795711821
8 8
643020277 512153421 232069399 155284675 718969046 662464030 835431600 445358213
4 2
294559602 160086167 506867390 555347483
3 2
284465800 30478805 915266458
20 12
864053936 723021060 7948387 836962621 147771518 469864442 279843400 761820297 843862699 350931360 133780847 838475628 366824808 451812499 329716196 38134394 389207226 728344824 500686910 306127240
1 1
190974515
7 3
697333567 290173589 844436478 920436088 231799672 351918240 483860298
12 12
955374436 851675033 760935786 314987272 558473493 77354721 842614182 155837019 361303650 512064770 254863905 914579733
11 1
39415240 105393335 696474692 744865256 756251979 805933800 497413417 586700989 579319274 232958734 283467990
18 13
502256058 139507957 580744346 927324638 466074547 987560342 158510304 357991206 882496619 137303044 59773263 992673617 33398923 31840060 505657111 548264945 211787024 748587819
7 7
194647612 10142836 223397104 417902918 196219255 437104134 285002378
13 3
861350732 175774128 688943895 398701858 734071393 332597226 41802481 155081588 219961657 521411879 678146449 117121720 38525702
8 7
899092489 550804743 157483715 278665259 918134616 889862944 987545252 472966995
9 3
921083087 432916153 613092051 471027935 589949276 39793375 2847095 893460734 18143051
5 4
746400236 795886803 450122716 196633676 882723330
12 2
413446549 299971021 178321928 975669219 24542680 503252056 966816061 743241190 656519122 879945475 578532415 518902440
6 1
248440972 876405817 131958139 35321630 108149350 925601174
8 7
219988776 234694470 717651094 504519915 894830877 855094386 204994297 113582874
1 1
804109810
8 8
618737709 643882977 286759894 422902867 357696034 36538726 513993259 498369386
18 4
674523960 728208898 231929667 159939688 755919876 474025674 89574344 484854815 73932041 655063375 729548487 883042942 592241089 231203267 847203701 645201763 125271072 953840852
4 2
663945774 278585004 675175744 799678859
16 9
645683610 42295701 135363381 913800319 365251977 210473943 226465323 797584847 346189923 711425017 530592703 875013568 843644961 602681206 192420396 513036226
5 1
409039077 40119762 654889171 305514365 103008015
12 8
750175859 337537348 523454783 510235827 241334570 711498761 231968245 46747999 624833035 770178203 828261068 34370681
6 2
274865075 229928531 35002415 897961489 568921565 742289660
2 1
935682700 582666157
17 11
338643819 747182969 589065783 836860013 864254349 23353830 389280410 993873813 30354213 177465808 566782325 921733317 757777172 635232197 100005149 829462314 330049579
1 1
271163661
20 16
943916613 226865251 695486517 633126750 124163940 355837606 788915160 438836518 407374531 120184043 235514009 263525868 248959940 737876876 136078752 329502034 219361984 561440165 328329382 907471273
10 3
181225164 242493041 691893402 608591752 705069250 881126250 521203848 953400847 374147943 797755523
18 13
658090897 48976412 468221922 541690177 415918698 797419626 780900062 451694020 261270107 485875544 659941998 655107531 728614471 166130241 112557840 714157091 921872943 883361469
1 1
95593126
8 1
243223499 571460375 7757202 701190616 866646617 609534004 453176330 102854783
14 7
478928648 845973251 926424067 870375242 403052518 186006400 446331264 186636960 472771995 134697414 656475065 254361526 827187303 88864873
5 3
479297983 107465016 792598336 978472638 737231734
