146
1 1
317629729
19 4
546593284 611164069 440927271 817539358 869336099 711285893 660122927 578878657 545836170 813358247 457011247 11669632 714628423 51421927 487883095 606819688 307804588 651031199 117801440
19 16
725925758 947011471 928333809 50489028 531934998 754771147 283985066 204613712 8541351 149600377 644548410 758426769 405244006 931995813 959951810 141524570 2103947 891696334 397885156
15 5
719179394 164077795 706930399 349912849 77750598 323374042 900724812 181147167 443784213 857904330 196015285 69656240 940403474 529462855 461485724
2 2
849894304 598140832
14 4
6641793 251489002 984945249 942546041 421328024 917156566 476506605 495445925 225318283 286019219 386788428 577887137 248909971 955209802
3 2
692219627 102435647 28193591
16 16
648408289 781974844 240312572 903562336 842733914 22243600 855486737 286290566 279173526 467276098 161369720 854434279 442365243 341751924 241833800 115290654
1 1
1385817
20 2
40115875 574115860 910453673 860412783 674368817 252526703 660034399 253469413 932920894 985337084 271823539 958806536 158243397 141007139 839473563 381182804 538460445 267465427 576015295 833621475
1 1
875396574
10 10
818346584 850165163 176087410 637938171 116741826 574196560 486456768 447242777 184870224 158142744
18 14
182689476 133774987 440317389 784597406 323682517 632575208 67161891 15130448 715764854 219248955 257294611 618770227 438416859 882700236 920614984 521253446 973075501 542227225
18 18
91648995 687729635 809053531 617144379 565605306 189767023 129445519 134088434 228144859 865325105 521364607 512448819 927368004 389822355 781568359 37201204 698877736 904551172
18 3
663717913 133039796 525706939 750313195 75228086 994601100 594616383 266908337 736830162 518785837 414940293 65979686 443634145 718341325 732865474 884784670 976957094 72150899
17 6
879969997 9860971 763838444 326101350 730657595 989091569 925821571 249406837 768115241 330246113 924556911 526387325 116000883 180161622 846777419 414209602 58550590
6 2
897551506 779037611 282180753 996519281 886037564 969709513
10 1
939918507 489596426 448881687 141905592 102097459 166901287 338863666 42971155 796278927 80531568
14 11
969973533 612757729 456462646 124923792 944006301 413553578 463826453 737943532 506631973 991690085 980865948 792381388 555057893 874632690
1 1
389953304
14 8
405222643 199392027 524364395 230848819 666551171 566738216 565100166 654793674 980521418 840766239 35089946 375501564 921171417 988227419
8 4
656609865 751692713 853075470 462233209 200960429 613794826 593212453 989319549
5 3
660075438 706450684 811909038 825346509 303068720
16 12
250240113 313758973 241673519 241888324 909386851 934504927 914123430 794162112 699775700 704072336 913763455 511395471 3792723 779375289 687259389 817413791
5 1
788845777 209113989 224945600 59958030 731645697
20 5
538410781 278892357 279418173 198935459 933405171 506163954 568603806 25548327 265217809 638340370 905280683 579280019 865805807 324373604 852418353 925350924 882655127 662693422 352597691 581746219
18 2
384180299 605085958 705293137 382985011 420462159 246380332 157826288 383597321 211049120 638186638 863945241 819140922 619589294 103546644 263177166 946808109 378270245 906935838
5 5
815426290 912026442 14594763 978989576 249716828
16 12
87033528 982128944 337441263 120648691 681459444 189833307 217641537 688113540 775456589 45048493 618246857 270983021 643646416 442810510 347158113 134552061
10 4
853479964 376565670 584927434 17152412 604830835 736392466 744343472 482363320 918298417 499822821
19 15
874638421 621985571 86907650 751840567 31684823 450649762 789807329 947299789 682832413 345678770 664955436 837536246 274827526 52550949 143660733 648017183 894085188 825844599 364705993
16 3
306015842 76318242 826832404 465755285 448955539 171315068 1812584 784370343 840936754 103816777 948407006 573534400 128803765 592373409 75629839 678024265
15 8
909373256 396864294 464616009 543106927 164590078 465498776 353066701 491020540 762023384 631961056 452780885 214258420 110970835 672380734 47292283
19 4
460600663 978170563 929650002 530650738 828906740 911599391 797314357 882464381 201167409 908649361 828720722 414667641 135092284 296528106 528604616 895421675 905611381 274149865 487341789
8 2
494335755 519505555 249962197 90334194 770712502 54558614 705896923 643176383
15 14
126483789 519205907 593508662 77717624 927484747 894818290 740806602 230032217 434659381 854522495 877746931 60663196 845198921 437838457 556053849
16 7
516231866 998516099 52688504 907496261 10474514 721319950 173281977 205573182 629253546 890773547 776144991 647281068 104630710 145186573 240642501 322363000
11 4
219008193 981030827 406174224 251557378 433024066 676227387 292870585 611398499 5382531 544536757 184100653
12 3
15590323 948302764 187939572 512654690 297716015 185820402 755389793 224458861 756585423 957790120 147486507 540989141
9 3
622673038 97343475 35119646 162773767 641208643 668294798 320062715 593594163 573594309
7 2
169083167 924133762 34216705 923613182 322632659 768026942 224118920
18 9
863468589 240207327 56142635 278258672 723421583 928955327 215257039 878857608 738497964 473702147 4175230 211983533 210826346 113583733 540640026 96857732 334004835 426333636
16 5
166260885 583162107 320536298 923347937 260949744 693595803 320783474 432891195 491928224 166203569 316543808 705449567 549311529 716816383 406115337 383526998
18 9
123849761 598102410 367304871 424679573 750364145 858494924 374842961 197910290 128815333 57422672 185227577 971796218 430535338 116142942 347759178 73249900 905489462 968592295
1 1
491780870
12 12
937461633 829779187 257919226 88970980 690766140 501964683 308844809 348078421 527646571 516235694 82776634 419635223
13 6
777575128 466941097 118172915 753887886 973844916 83968607 275092157 999397036 822443132 118088878 649835675 627272909 227678992
15 10
14278254 479210904 453383275 86380813 186583560 10974857 279776300 965078926 445245548 90658524 934235862 575009846 593367817 230713977 845570206
8 6
59860720 826248412 766670022 798648747 186019731 332373053 479518319 189760201
3 3
21733711 119969939 2251933
12 6
617945015 477745579 465564114 229949573 886908607 999753999 864362788 692161203 699894384 670777559 879834897 511319081
3 2
667666352 872020321 748577799
13 2
4891985 690967622 317299081 599777097 766393477 911031625 883201190 292398767 426450133 481532400 197113675 103165945 463024022
14 10
131918345 983278871 824055559 180202945 891246999 430242287 577689706 535333669 467418968 990864639 226746924 157100458 845155597 893597427
7 5
895537189 277159157 19308295 548871245 865437133 347065953 381221968
17 5
44853579 465971933 861312920 889930243 260271537 336477265 431436031 413591014 173711387 934387471 77726553 50078836 279838498 3931722 431988796 713119460 569619142
17 5
999151977 312916535 628850230 276066847 93489716 316630640 743758479 932796200 240711412 682391249 916468494 477894188 561918326 556778227 713362888 25057355 685014904
19 14
150728462 51418104 881399686 499729648 347066844 211464237 824989144 816706096 875276093 441504622 667682613 325546398 536630009 219736589 523923715 29120676 359458431 873844068 986837633
6 5
882519875 79554259 548372988 936154808 679892075 253155546
5 4
369297328 470772519 6256646 724435777 647475355
18 15
401444862 704809357 246943349 188467726 111973379 307852540 852230574 653477310 384038160 112077464 712309324 393480291 752651209 637800498 780584153 57878355 141194533 396201471
12 9
613171988 982340789 910151618 190159840 495349155 963293950 279811836 482401513 324611542 154683936 493249135 306887537
11 11
862525324 925293682 631553480 817652633 465036859 12827949 3061340 457026769 734343088 997996388 912418606
14 10
108391814 919734228 227544175 105722033 823758137 499653505 226813822 793203478 73142934 544559677 868191501 785967394 760473349 543304925
20 14
245200027 861599389 86859477 898461523 632213269 700928823 560832136 107596218 16744715 886032857 878406245 230869893 855419231 676540215 871201023 268938768 47160285 846807707 295767211 92744472
12 8
927356033 405663928 246406512 920249968 342268900 289883224 174612442 155413727 469583885 535763687 215956428 951534069
1 1
796798601
6 3
976068533 964604269 578419057 232640804 604043155 75823996
2 2
706694395 107877452
4 4
885030154 213080659 708127561 472467210
10 9
21914948 49862418 631719441 288329772 100986641 493529434 796364731 342762562 321910844 494500047
19 8
563013845 264851719 376435579 289927788 941812860 912523251 657597579 75806983 905253308 384804039 908939523 41652689 223356202 58215511 332109612 99877494 442235468 605621638 913915328
2 2
917271032 342732616
9 2
320847593 636915994 907714603 324491079 785251584 343047772 305631670 301000481 86292482
19 18
418186917 968853478 224782272 720003839 227147783 2068875 134684260 808451571 563190747 455507252 200979226 919473539 966417818 545820478 186765908 954950949 38045210 882922906 530347770
18 2
828700547 88039059 394646968 693251533 961741186 282821104 382777721 429191474 323328693 153563402 637237781 139307661 133907853 862417363 224023351 127998300 489682143 483858550
15 4
944860003 251973070 628385648 672186905 921871376 737882250 233898998 195366484 637393389 79735535 767089847 152299527 614085784 594245436 969923315
5 3
926939590 656822625 567505541 162191855 341611928
4 4
94216102 36122571 518071609 257754353
3 1
43758102 314568614 614603867
18 1
962589471 37849536 229941841 206444901 437430588 838482780 245318677 433838739 37305733 730538351 37517530 182173472 304694832 540312248 718166629 284987179 743838408 840626738
14 3
22655339 726207675 16252792 569012853 850981556 338238685 779713565 844757607 80496724 671576302 882635221 603569600 359831533 616822646
8 8
466529094 773521460 631566797 828382748 329773679 217221518 963580655 380788786
20 4
768865594 30667707 212170240 641319819 124314251 26501994 377307378 438158555 872541643 708208625 732356551 416771235 4384907 504581265 275783106 253864552 765875953 403158241 294363104 199979200
18 10
919995516 291253101 771103410 994077145 70280447 614508065 378382294 167574357 645064142 869786287 841669644 685662279 143982863 564809926 337338144 72928095 628358826 585179780
20 1
552812128 185097093 741772589 508686322 562600803 553950246 687871399 480875128 538339942 342443295 520022558 368347057 126414890 967964857 362896260 179525065 376179607 888010856 78140816 577692608
13 4
337169364 546384310 152491722 686747510 815604089 406793636 175071158 926694280 254632792 187021990 462299613 191604322 653307567
19 3
907954826 286833002 92177509 419672069 430169207 112776931 759268140 8311070 149833493 433724744 420002951 160432251 736979145 156245576 707682820 317090040 306991792 681796101 516373658
10 10
588564017 315962939 983061831 611498591 984631814 596572999 553454353 930057965 589468165 979970565
17 5
166605352 832327772 607341723 799388894 865925635 290755677 681785190 168681641 911656212 884571621 750172736 100573952 472860199 991873028 804521370 942962862 72189360
4 4
65557294 285434925 748161252 610841182
12 10
365922057 716426684 42888558 966311581 601929344 97426645 931668509 126196121 478439000 607377492 784009118 119112767
17 4
499426265 652325878 269989285 76798443 689939710 118617379 760342164 931042380 237958396 689143831 519135094 986314905 883507583 261439780 621831492 749341364 92393230
16 9
309205985 21832246 182999770 515322616 461035017 101047391 842375059 705073668 61577956 672862401 382183413 513853008 217208427 497171424 379233227 446087420
12 2
803037562 825985798 275184271 502437879 770145456 237296358 222998754 741435023 124031169 980561515 252061961 723275269
5 3
619315601 363334266 476339311 300845986 940723822
4 4
659376038 189351660 504664899 553169427
3 1
881321208 882533906 237361811
9 9
487670845 726482599 69335721 908574141 488378163 456803252 165541259 262104559 495382754
2 2
795817164 780751279
13 2
695769231 18206881 547649360 888487157 471741854 351651275 546387325 503608587 746637912 789271273 808888251 560850181 529832273
2 1
742218062 477604515
12 3
452381974 225440876 877843677 132371002 218809858 457335803 927676587 60298330 292458163 109169042 419196115 832819784
18 3
652209050 407995159 339675909 522673930 547989995 710558724 532987772 966938046 671210044 278233155 743469753 640540421 643395498 583299383 299534542 941064267 809576445 430455491
19 11
902842082 891428121 966669638 479588727 973407711 454276677 460811322 2775822 467623458 565537756 156893865 419784834 368268370 195691305 367171319 934189273 479037172 57732177 170417918
6 6
259223973 47455726 64039004 518289138 142024710 955180068
2 2
540531420 519614752
1 1
316767229
13 13
479982601 280352763 822705470 80111260 928341555 617840997 71147616 889071878 499804599 582156343 416006724 737480976 49791738
11 1
885425886 503627882 288949136 723800754 236549012 397503565 256719509 33026327 313959559 25362030 200878860
10 4
43559761 668972656 944290972 196877030 494519430 985742747 739511125 984346080 432509585 747120517
10 5
207260721 371777789 620585589 3029342 95158289 204064094 601037058 679908466 342910748 176037759
15 2
352494270 780088879 911207688 177900877 43753934 415515157 557058324 212235236 161005773 321219978 119670426 815023541 769357789 883252653 357831937
12 11
278205862 934710410 575180993 395544263 988639134 156479810 211562860 57816817 123779779 787626099 911811950 946506566
17 11
433652067 105651845 719231110 77685668 579171733 886942067 201285742 701478065 311238199 468306358 620807942 112407453 639563301 785613182 464714251 166787229 275815313
17 2
881961351 47887531 354647151 200114257 500713375 988212848 802491361 25811907 81249268 927070222 95861656 117723593 933489910 806546606 482976759 611673734 916900780
17 9
318528345 557003031 426804856 787802169 929241958 67128490 886713527 768768759 535999634 796418672 725837364 320142782 58879028 826221686 61187229 81295570 353370822
16 13
521737805 478636611 743774892 13946610 514606019 885761290 883157298 422447303 614566110 824075671 486258747 848309747 888571084 263554650 829101451 231205633
16 16
918538135 643441283 255641045 14038799 67932372 361106657 943466654 262755770 607092882 608010065 305374267 701235721 884927673 212662578 784970138 401932450
10 5
433994050 496249592 108844675 356875698 138264983 925092515 162873715 470538357 164163621 678979880
16 13
588783942 13382697 446702882 127395284 101528060 255643538 248750071 660987694 234308025 154211805 753637669 379864670 947036826 393181817 209198099 442491385
11 3
857492437 980035417 113129121 952992967 301692064 574157795 122541196 17563773 270187983 91729734 455845832
4 1
570587506 18153389 270009722 795141178
10 1
50898589 142932655 960799749 675005911 827534051 730441766 248039439 539758791 782560475 745835827
9 8
244506354 101757485 122801888 412620865 461350350 989708543 675350834 715042783 833546069
16 5
726406337 19697846 110311444 57741015 797757496 840308578 899768827 251643891 929100328 50638056 874303282 950683669 16739427 701397401 433774203 484427039
5 3
497727908 350770479 287396588 590036847 621425091
7 2
791966762 673159540 29901849 682300309 340299308 238454317 577925416
20 1
48479813 279782388 933551979 606456313 328718247 780465808 831627903 35144497 872868755 228770471 898077235 614093198 80276520 179821911 245912873 348158235 367563831 350636875 138204868 997629270
3 3
635895427 995949539 876160516
10 1
753706285 82544346 944406902 549163314 307404546 845995653 685649252 728769578 664794004 58836321
9 7
959480527 201551718 642449004 680190306 256317301 515198244 402180995 711021009 637352117
18 5
598949361 744804322 749131495 415088037 843202216 443877770 778923194 185795790 273995842 956913789 954816983 940671948 407542009 232027263 221900473 669542549 213506914 378236356
7 4
367909763 644169392 168764286 431898159 683938418 257962181 663619466
1 1
440961542
1 1
861974206
8 6
332619294 981376384 907574650 179127862 910235339 81824817 20327343 348903466
8 5
706535453 521634759 324562979 217876334 855626908 621657636 36727234 663880922
18 15
556867541 932064022 417667117 118781220 682127884 971577154 439110345 124743574 18595136 382396092 659209741 140963670 869303846 279668824 921264364 686378263 863199999 140369354
15 3
111387925 45946065 984624877 868496226 103392389 896377227 182230904 34869135 854259209 930336743 489463926 682545260 755754427 98706761 658959099
12 2
269696195 335378649 357761863 184618681 23528746 912080608 688941233 132485893 829795682 375815598 397999601 934646192
6 6
698793354 391738984 842433324 944912107 78403870 300389050
7 3
855827136 394208580 783095570 965582992 457790859 258609777 339341541
14 11
723615249 384264192 630032596 173544516 509401636 70021466 853726530 77568096 28034449 952375271 586285651 65263039 153800068 310398743
4 4
542794476 188739434 138794716 814430902
15 15
653832 912454093 299792641 686405553 170690679 394282291 588129831 829152983 500726354 823600209 554698074 695976153 91083395 566713857 983231094
