107
7 2
644386459 633366360 200956434 673122920 235963102 211545519 608107469
18 8
656038693 739225030 906775880 376483917 469700197 607252837 778081600 334338391 77631716 171093041 27075382 833796198 111760748 922562557 599690500 629356193 360773572 725845730
4 2
294730841 191274995 268569849 188894568
4 2
974454073 936351996 178495709 425041961
7 1
633072393 977362794 587762105 102835516 677452969 239922040 71088520
10 2
178915158 926302853 208819060 21678133 154052605 716516021 757921486 107908940 792733964 360451708
11 9
363083040 849882664 909088175 117525627 539528640 109734173 418399348 834773035 675041098 993898226 541275462
11 2
195769937 949798308 88884969 591659659 155845991 891567397 480506757 622405709 344644118 304481788 618355704
3 2
739551886 948214088 210965915
20 4
57343328 673416266 256740139 602891129 271109703 13979432 607447651 745332036 500859716 507946408 702973311 21265658 197077125 318636108 109167655 739788599 626117428 294711916 799141493 893731185
8 8
905568454 396220102 575506988 321439646 547208921 45500436 558427235 801659279
2 2
361526332 679776480
16 11
530667825 590746014 584503537 455119770 259668399 264848596 54854701 647881706 882513951 899128450 76967284 57248661 930370687 755421470 108825217 296798845
1 1
45220984
3 1
370366619 948787024 265766177
16 11
230543284 396069055 573541317 519348134 294336371 343087275 839752129 924186297 407858404 308855624 599815614 720262809 367650005 141635258 908170635 405930050
11 2
292350244 538030183 595280522 169722470 486680621 458878113 789833631 11497655 672008499 805259989 369073295
9 3
828736158 943162527 952715079 526782904 707403122 181132296 480887910 43023343 236245542
9 3
368407647 114989585 501513815 709859252 289403814 292369312 742740710 437465572 230597869
16 16
607266879 549420081 5981323 572281277 631092254 500280594 983418499 862626875 480311312 49653525 669475260 225456642 945643933 255504314 443016192 315478283
2 2
762916493 189196431
7 5
85516189 779187527 13586304 905067880 23224367 53823793 954184616
9 3
627535303 352882270 246445707 159914826 722982597 998141701 916273098 352954255 434374227
9 8
467543649 627455657 61074905 55578240 236865082 995555802 317410773 69838168 653136905
13 10
657057698 390737116 838321286 148596544 312184963 317710372 887020459 583904643 215267344 492771592 484122888 726463261 817391466
15 14
819524507 854838364 10320736 201682996 876853280 632843429 993036745 814023429 331773661 62396155 429668972 668252297 351815435 101267926 226421197
13 1
105638606 97273543 568988678 530315885 177434035 495641530 601103092 407386127 745962196 660330875 156173818 90189568 291240015
7 5
15198570 701931040 463819535 79536774 334914785 978511078 280718977
18 16
297549210 618429598 798696502 701909182 368041684 596118521 975360078 461498303 508212208 653163215 74665409 692087778 655801680 274100513 368743810 628770890 743153488 745043531
9 5
143061275 629211762 199795451 308951387 886558969 690630288 1039197 268960995 878895272
19 16
390567074 329198867 309703409 215841745 993175364 153621043 969537848 225656470 848495443 961888752 671362989 310804311 346116509 517263705 544932251 112835064 385910220 612770069 596098926
4 2
130731833 665835658 286151578 359083195
12 12
457419453 925838096 647043498 286689848 283325843 40979670 311411718 879878477 809593918 403738378 777968999 933553310
19 17
827485630 987852126 420629340 305449605 447605907 805585656 153009615 632677392 729307760 182793338 267800451 541615858 137930298 28954369 897470141 433117984 566903206 569607403 87664285
2 2
313437450 282027700
19 16
660698128 29305445 64656575 961059719 359513104 820335914 816894453 439734472 429557736 981386438 541991223 889664154 552854598 220193731 988634038 691769176 59508658 458881897 793972496
1 1
763909212
19 7
50163967 178177454 880587449 299846817 483692298 742417045 736561574 27104472 262763288 295346212 714637421 928409421 958279154 639887820 756643152 133557634 233794975 656975325 503415643
20 8
360506057 697261851 25393568 765664823 490716259 942961541 416880760 830974847 819822109 564679632 525692978 134000038 563421862 676837517 779140155 297843086 68021370 626818655 922658033 774994197
8 1
869022586 357776342 324514974 347366755 152170789 110375788 855655856 705787009
7 3
448205157 801129118 958543 78690568 977654245 283526703 524057249
18 16
501474493 992731745 742921006 827715847 392303306 848347093 248346735 276294505 589233390 671937467 262806509 894582051 983703827 689984813 640871450 41013737 240882835 166267230
20 3
629578383 318828675 149666064 400280217 555304788 793703675 347455759 556185661 220297805 606472480 521045455 327975141 458352076 926763539 11237489 841006055 979725920 79006384 137572578 992303892
18 7
734741818 539288255 950367113 353529589 194535087 375034192 597729377 86667096 357027040 477360334 869436258 847301688 452623587 727285199 834613045 863854316 487268838 847218210
18 1
54162521 722075644 440065632 997714828 987062698 95371054 385881598 657933885 718963714 244535136 287029753 540412979 104249207 346494079 266585677 623522686 307828248 780827233
7 7
73748644 198407914 900659137 998743649 257613576 906062884 640728553
3 2
356397141 638696116 265488372
1 1
438329794
19 14
852559594 474930990 674280107 422605646 439125392 793244427 525865885 360956356 998167589 470545597 179986164 767069769 300282184 553898387 873358645 272207289 763855520 875181654 885113557
1 1
775468391
17 16
762241507 423645292 985167018 995071466 920620916 150532270 493800790 401593575 815740228 430337364 911395640 907257150 527992489 557961680 377202946 771119678 621426763
18 4
570750706 261926100 821497655 360947812 468398338 593047268 136202081 258140625 76856375 143983629 427889304 676604491 785718693 442191954 320180992 65998516 29637170 227712109
19 16
342069526 296655667 836470666 393956041 553018388 656529624 520115123 426843821 967639734 925148700 783503387 353396958 569719412 946609096 351732002 697067823 598089970 616997874 226659863
7 5
835144443 118126699 531893168 856107832 776298527 578330886 897576428
5 1
492112819 367657771 149395317 330576435 271490239
3 3
759240847 604388168 665354500
6 5
689492366 32778200 957612558 445951589 125412088 395379766
15 7
25889672 968244319 322189920 486217144 873346965 442263681 860601054 592497775 595130199 534552065 193419153 219037290 633036100 199305935 586732819
11 5
616019428 334140678 555332323 8382931 731772991 859927105 45738539 321577321 482750560 51036401 232899178
11 3
215343703 117308870 145927273 756011801 741562853 890515192 708234319 451848877 286947078 945705846 665639577
12 11
543068592 849239962 819012623 619650782 890808450 598608910 819602559 127648160 380087347 140650581 620050580 477453395
13 8
381877598 884439793 639019455 443762100 688320625 227530858 692473054 408446102 108666315 793923545 576449081 597605869 139303852
7 5
222706751 112042045 237773072 200713366 879577398 886411922 655832878
18 7
395670595 22481817 802750561 5083160 970174743 201409930 835215131 24194756 185416734 418943575 576341238 894933418 559419757 32387343 268299344 275555861 989715417 71066629
8 1
312653437 542540221 28197845 109257016 819379348 564034353 888555113 952871108
7 5
947793589 80892245 730802432 83689642 798870435 826411272 208433920
4 3
575330010 935166827 611714267 23896803
15 12
246407492 36878986 445497753 225469234 412179008 826342950 959773037 395990583 136969438 184917412 171187818 410995936 45323568 816478696 660515467
17 6
983431665 875662824 905697214 962769491 88006079 692595919 677781706 836120471 937056702 809672291 781700834 512307648 16867860 931546272 305769872 283866077 329198270
17 15
141547112 405698170 158857110 909039897 774089536 449837742 216943124 584549036 366095416 395156413 451427483 499713929 964665603 644872546 882921803 739850196 652388169
15 11
190195520 512909694 50315553 415400686 6866581 133406519 877920827 774753587 40384184 33622499 922020812 881735922 401378893 797063184 783495802
4 1
177849794 141481491 977822919 608473216
9 8
1818362 619624089 740780718 195369018 273057021 140804162 776039054 90568286 97220393
8 7
865274533 694754598 582957370 353128243 809803032 557615623 88186553 283292181
14 11
72833777 513620821 37522348 240430941 642514105 837914442 488341703 401569344 703232912 410836958 466259756 321326364 528983785 683655585
15 10
809629079 144636919 321370053 64717701 794693044 4140452 347953971 765487106 336051598 832607862 450991019 542157282 951995490 125944501 866590544
8 3
354436772 609102910 704339286 749756450 789907848 331011912 506254841 446471908
14 10
699050307 721011558 264099714 696384710 762165735 516943892 608490478 560564842 526725771 139708120 597738553 779970258 35769912 714855031
17 11
817545609 293026275 839885086 890465840 923065845 994169635 921711184 922386445 286328684 735364925 249556443 514816824 240654056 220002675 19036399 587227833 172146200
1 1
227835452
9 2
771491049 630720687 371276535 493567991 638204767 946811288 951277045 534718248 864721597
9 5
449307311 750138999 764437473 464431144 220916511 140726729 761397089 605584367 423226792
17 16
731428083 893142227 785069020 152848203 510571655 793439490 423737631 558685312 181578634 705493050 627357804 829382790 398840917 415780994 676805985 25042315 127491851
10 10
602262377 641115729 162238137 577475644 836221890 680814080 18803073 143271271 248750628 28935156
9 2
817659167 125638622 881204938 453427569 640570276 186461417 435660729 382476455 768090682
18 3
106700358 900776002 483045058 429888025 906952520 807005168 545335818 892612783 356801741 199192943 877329104 547744081 736148518 768985437 327465772 51452280 186385189 329411943
15 14
990851825 902989519 886024663 88769043 340145410 692462884 907605662 700667106 750140280 58834136 535309012 911864756 682788362 832865479 695780864
8 7
452374482 145073000 954526436 160169003 85606420 879130209 668344606 718696561
11 7
446241735 844262364 562565843 986351267 256914844 803159357 632761929 99426518 744279183 947705959 921781846
20 1
855870040 309155486 848838355 794292301 809063519 252864756 965229229 228307031 256616998 826308638 26589725 698197065 736365599 300535005 125093158 54176613 749544189 19805138 495176798 428652738
20 14
170431388 285746909 827127667 452155957 644825618 34441979 138595925 850233991 871553864 482908804 648095707 643254870 196911340 905646256 695553813 141224656 858220103 135766887 949887353 825024475
7 1
600463519 930506959 487809419 3948896 269456112 264371096 734917153
5 2
119995940 93837902 855271526 110143408 192667568
6 4
777463373 185492991 663463439 787115868 994918340 506575844
18 13
322373652 551590654 31885036 290988662 978890718 574710676 212189526 75401479 300321664 232061446 454346246 136559692 991257927 752812281 611767214 479955848 345521733 443695825
1 1
123594870
7 5
595366083 987701165 362414372 561220140 264906796 722114545 13649769
10 4
869204249 632849965 747480247 393389304 814857453 450633766 646104528 731903028 879677387 305274920
12 8
422551662 355107110 487468325 516136375 874246469 984917783 246979248 816035874 722829358 273381541 46083997 372369682
7 6
125488977 814310900 740243830 626552078 841486579 278832310 84579209
13 5
908439298 539439046 845156208 60825815 875429863 21354875 971655995 837257325 415618841 841158118 797752891 933497320 755619291
18 2
356378855 122307429 237753639 117877600 911568564 70838761 389032406 855231584 83972950 981320649 897296493 9766570 656275734 935576677 345982390 113437238 154316361 705377571
9 8
656756327 534369852 413898779 192258767 192997292 909002398 215687613 148205380 765147261
15 11
950549457 126385991 104931388 202846419 686439034 124480459 531586040 459494229 176542849 673914679 452074069 260821926 509878433 195756000 351239918
3 2
558402544 593833382 354228456
8 7
46469946 544590006 587300938 366619771 599129173 75013518 59178366 412252277
10 8
16278381 222271260 774093455 49063140 631895037 762669186 734101266 734979722 391141456 252218160
