173
18 6
133924041 943908783 85821193 674845710 591745176 486527409 352990733 266792810 639357122 319309779 10234205 497015115 352362840 589868011 111604410 990986878 277463601 325227243
5 4
103764796 571620282 704177333 213196010 777520169
5 5
598652489 676606243 790406705 965478244 505531530
1 1
151457531
19 10
121522394 138355453 192942649 617654905 547257196 403593119 404406811 152929754 636558607 341994345 426015562 855642549 796805482 97617861 87892542 251356333 868243700 927479832 606923008
4 1
151170345 889684047 366900272 260514043
15 3
356707539 566845552 476599762 205581379 482521570 761070844 921797004 120417849 964159822 672042585 613396169 750916798 310855476 74417436 333907373
15 10
502513257 894253308 592985802 97382095 296026212 487451779 258258165 879902145 878930347 895554661 461803738 215470046 734560756 601041399 830139520
5 5
948170418 244858649 182346101 15892364 628004278
16 8
636191537 924700257 102476083 655082015 591331508 161532748 428769959 896925494 669719784 246135087 381852204 259609435 489395883 267434958 338291193 762148499
5 5
199174906 474704201 784668066 943838764 76383341
15 4
778548874 985171655 234738013 121108236 122118925 759535410 812198875 918395051 683313652 839313835 223684239 417953033 207445845 812626577 195783074
11 3
25045928 700664099 779790544 731091043 98982458 321253109 832467116 143306472 583600121 158775656 72430830
3 3
958569494 271426648 428754865
15 12
453401011 836622630 830895616 815427886 358500014 98886706 421988516 609767578 412491571 305733188 635738942 374684908 318151108 453249072 831714310
12 10
460190214 348871827 456319560 949466432 523614556 589287541 362489843 406915293 541341532 881261941 519128901 280079803
9 5
451020124 784042516 781588275 638865143 477519756 486351127 87711618 564106437 34270757
8 2
901608209 920112350 774234488 143225864 869734799 812205851 908372607 777420379
7 2
792818279 647271484 397845339 63184293 677904890 752604252 731533395
14 1
425020930 797191657 572125801 228813135 161803929 292162402 983196823 925346116 947634019 259463994 257659599 501873569 425540441 157973155
12 7
212508027 197787265 264362970 322928235 765719101 801758341 106641212 640921556 390252073 118211698 421471175 974489772
18 11
619356455 348612745 292220328 903289881 395652918 761652642 870902345 145846191 614643834 706482144 596782104 434055998 699830456 343674287 925706414 593484893 940553239 258325163
1 1
738825140
19 13
777903871 413312041 605519433 202214328 460099617 411897967 225893206 222797252 83722406 791986941 870806018 467284553 772190791 32499246 537464415 746885233 150335798 404776809 48671648
8 7
602507219 768734798 778302005 2518007 888914881 662040189 367236988 982782338
8 1
435183756 737441396 693273689 548419725 469259397 205003109 429993182 52283169
18 12
526500671 478587324 821204070 662980033 306353458 917261696 945087208 346275622 18918319 777842776 486867061 189843420 868059615 25625450 563438950 593774132 525572168 861150899
7 2
464422325 148398989 461895218 93589828 334611732 282755651 680423617
18 10
985145422 880779305 331016560 121848021 223148556 487563946 79781312 164160436 212644103 730870816 95276873 350795510 945531911 874448267 328262287 527044198 240593755 607692654
15 10
806768490 720764441 429759821 996214615 831959956 33971204 475410743 558001218 673477637 11296517 386922204 113554933 989409054 109247295 493557184
8 4
584066685 975519833 708604840 650986929 542659269 293327079 189513680 63769376
12 10
444362739 226720549 380338182 391284363 904980397 292354058 763001925 866641957 216604424 124167452 333454744 213130843
12 7
505584695 564423729 746454187 90897129 212043663 534182296 67626632 990349405 213741342 211589042 451556691 780803614
5 4
962844304 645747744 637251358 401041870 549558120
13 6
540249324 78482868 701815413 196419359 27695538 180569527 958006759 467881322 393113408 124465912 332212396 773768718 838994047
13 13
145177992 56752928 38760634 387787286 83128682 602613751 100920244 781942387 121554441 857542825 524177762 470733304 469644768
17 12
536007610 91796307 2701154 263740594 454609488 244881191 196178898 292957262 212293736 941017813 135739417 670047205 981512665 780627879 82582345 169153030 743946028
7 4
41335797 778288697 931910195 12081216 507294932 124618000 534796215
17 12
789215480 882567934 50899066 612117141 769617557 450981547 539857389 867712371 774698488 96250618 606403767 191886213 858391546 819608721 313264123 975742451 732702919
5 3
829043326 53252570 146367445 970408092 531364650
9 3
616709951 354656935 839289360 58825751 159836700 180998369 118477467 763530544 380583183
1 1
858306526
17 5
645728566 784311208 186956796 817533382 139520028 508380073 699280669 75616432 867438393 799599293 832112488 479338244 375003683 960622227 322818767 651835118 50649653
3 1
430590483 492542480 52564906
14 6
412826528 837081483 377529377 956264001 721938881 170368181 917811993 473584996 446372878 935842313 630094790 463716017 503170756 34941979
6 3
219928524 922205582 51857667 976318508 301612329 109564065
7 7
649246324 938863607 324267015 246720489 574917103 338277139 127224462
3 2
829330053 630355430 705635217
3 1
212602683 450451086 700724713
7 2
6926414 400639022 324060547 465215875 208572191 343303125 385855773
20 10
291616846 823803885 573506595 453957801 659108683 199229793 276340110 765800664 61105861 459842774 705394725 615287883 518636415 192206191 718752929 896945176 71042719 23263136 298700733 253904033
8 6
992717045 710736178 152684524 852319690 792132255 369391568 214232407 111831652
15 9
716252120 538962835 793734390 381716096 608375414 165680085 218281882 231104831 714981550 459309247 252775186 789211926 321824116 567786112 132984854
5 5
606467916 999464571 191207539 518357117 492429793
1 1
5030763
9 6
227861453 283355447 670441819 392793578 283997084 941338223 479643921 759806095 816809318
5 5
824073735 608795468 783131039 517526910 71193067
9 4
9796606 882522613 321916505 293873814 127413943 976709392 95181299 575744999 286770286
3 2
469470503 464395354 770676261
8 1
557965706 591920303 878154664 75640420 754567637 237247399 415560385 721283825
9 4
509305339 483361652 401155337 977651019 346543451 780200961 323935209 506920348 905091288
15 6
347034253 293017669 872147477 862232532 201180492 831931605 771012259 371962763 416259604 950500413 804458500 315777934 379111260 520593016 790148728
3 1
198990886 990508476 638709572
16 16
773818421 262036688 376905554 414000005 862641552 949208657 162467785 559088466 340742204 282870346 511095252 944502050 47858895 78571867 545233143 437404340
2 2
56781727 770535125
4 1
395180794 242603282 848494288 787501670
2 2
69747621 926239376
3 3
460958971 620155810 266817706
18 3
38477832 359758069 664167251 233637326 404747672 804484002 462830368 19772474 14961470 50942652 179410027 145237927 565240485 386075833 138530204 163972528 152651595 428225821
10 6
760080288 876388912 264530936 356042972 365103344 885252860 741296430 137007555 938632489 810620995
7 5
922096972 600985319 797439834 402767380 225183634 541561700 842267065
5 5
91071596 103075102 915664018 249638820 314595782
19 18
505658881 105314632 854174739 810891256 510539723 498745338 780198490 832465978 968122805 411949294 236051975 915282115 352890913 951423418 505654076 145139482 440550067 198474649 467950643
16 3
603702188 443729830 409410442 891270292 618827389 599103214 152554538 55360351 89515934 592409960 262659415 103278337 965600124 299729444 808811390 579884177
16 15
538101862 858875041 936693688 179340557 563932383 96563002 512022700 231145685 780647723 638394762 504562336 615495473 604797774 698762346 746148749 298599368
13 10
913150446 829393485 540084268 227805238 554087984 394177637 21062461 129810174 364443038 282516625 418374828 775509260 941886692
4 4
157385212 838100658 67640809 741954666
6 5
188010221 215171151 722605811 489259574 10109675 707355694
6 5
932811820 899989730 537391196 543828776 37815107 418441190
18 3
299160725 471810874 6693637 871695506 283371883 669938187 769277789 449376528 324871581 765390791 658287568 130289263 699255136 445205764 129324880 166631915 652794339 203102150
1 1
565771142
19 9
610954232 461854998 764346669 40753089 791049508 480185727 353572454 107160814 685346505 198623594 659584236 907827087 475492879 628269940 360691924 899104137 100619890 406887962 771590729
15 2
9072886 490232021 606812431 185932166 908100931 653909431 397048490 884672668 652370578 316763743 199804732 410742910 689849001 136194767 358199279
13 7
211968030 492449084 436123298 14653644 101908841 21093967 394654006 973173895 28060757 914438471 978272454 120123829 131521614
4 2
205288845 318172368 189173525 541424688
20 15
881120801 429690322 192217497 688521517 282678822 661587701 65883069 349763453 685952001 561128981 19351913 272420430 558669082 505811654 132821793 987562772 275038481 720756535 171152222 57328684
19 16
528620034 478689908 273166298 677302538 836090783 316589583 148788518 261258718 99176024 47387557 806485809 386100975 336712166 183879570 638931388 12351399 132948622 583068357 764501366
9 1
351192003 94182102 641526632 268344551 76889902 960443178 960502060 442190979 452163437
8 3
117379005 427113390 541934863 654831198 846699590 186548734 74075161 952024239
17 2
233611158 430530779 894478862 76769459 314700029 484559334 107751691 979052148 997382802 834637349 659242551 932690148 682738856 912373058 217005690 984146688 944927224
7 7
88945872 127377022 672978986 30635020 267700889 800742377 374618863
19 2
763042 552023667 682972191 66331071 53925788 126590135 799524321 427951917 197113621 642196383 492700321 839977593 291314813 62414224 990197059 333097450 792672732 882335677 993079433
1 1
28814920
6 1
788576486 503541373 448712865 396294705 450101513 871458995
7 6
655317712 392694688 457325545 709232552 107099765 114584084 529409456
20 13
527946514 477278260 644885380 59276817 69048348 991120180 754503652 754094458 159144697 379425895 869012122 323056318 19705808 565293924 972821285 317524309 368954942 804734151 197506851 869752311
12 11
730063881 669132852 556293641 334293814 485292603 478354742 543034892 342975228 207274472 51462215 723489107 305214134
8 1
22546265 482969362 784715162 98345273 373571504 143287508 253357141 979469435
6 5
463780782 764544743 275960231 95476752 880164697 253136514
10 10
856900103 580689265 36479343 673858605 790567754 842305941 51085450 668375337 272319946 415534793
2 2
574311707 344512939
16 16
829497021 139801623 654887182 370925331 861280039 837485561 794547074 455675078 564122099 527414213 249793897 739049822 513197660 636766899 326540010 709587212
20 4
484370669 81602081 851010299 263363335 475237294 22285219 391660859 214501674 242668174 295487103 163392502 660985076 210901199 315926718 672159930 877339317 88206428 790708891 366982905 1411506
11 10
414750252 233967740 206751567 875589385 359050993 383794342 106498106 360846468 960524372 834466886 462015336
18 4
346907876 846705407 840698019 850237627 721162460 155143697 15724675 144203620 682755327 3746947 471674775 208076169 275461435 508732013 61128998 981682042 46793139 452039200
3 1
67226262 402098024 373496392
18 14
976927626 235486802 757005444 535816365 293815072 759242720 892582159 335597790 561393590 976628071 135194852 897223725 205865292 224726063 279464606 218945019 609198719 922740185
1 1
835825189
13 11
237972280 187448172 698110857 473151417 476216345 253560167 61237916 598919002 391879858 905862570 648613663 540945229 498633265
4 4
354441037 811394778 667490208 285439282
5 4
938664216 164093487 849396788 506354265 882589943
3 3
574049856 908891303 178506550
10 6
706367585 813277175 705255479 659136591 325305148 177455166 231490904 108112839 626929222 975504198
1 1
353507969
5 5
557328940 268385746 964460369 437959928 18138519
7 1
678289140 280118128 688657862 737172182 126522276 898527500 226235934
19 3
463803664 378592902 425332063 712301940 573941134 507359097 687718828 79189357 848356579 517975175 673685498 780326330 681518093 840976341 755332147 981426417 495418438 540658956 595454490
10 2
311725973 781335815 113047628 797122484 986670054 523354219 823543185 509210025 198187228 57286998
14 5
295083759 387385133 840842598 975627524 317285342 136205988 204043187 145794254 952222040 940255055 91588866 451461550 38431351 656067590
3 3
792729373 887821035 587026571
10 4
963312630 465521460 264497888 674816717 96205181 217944850 296499310 532918702 354608696 861583511
17 9
886325045 55734623 7048164 561125599 645310692 388442606 799426488 671887147 273424843 379732245 490381642 91677200 492275120 122549120 52555959 780648123 940482264
2 2
154086302 318955193
20 8
127606632 222359972 648679149 251679747 819276648 675314859 981340931 877308881 597455707 28536687 507639049 595041134 77022643 933535918 465017639 440353699 987555174 858367368 644544433 518796869
19 1
982376375 644219059 200534378 732461553 714856882 461301616 289528020 423955713 923806429 409090685 650093899 151878814 170101313 746497591 362272861 759920002 658848549 632779942 138580665
8 3
144397888 828010610 342663046 253876430 807819214 234405196 293609413 932771745
15 7
447975811 784053761 926942313 202557478 96983268 126911402 928498564 10993923 527740612 190664169 962138990 515820661 658974310 587695150 358030448
17 10
506161612 854562823 751566039 7525924 574631342 734049648 800368141 430145765 561661011 344331137 551614 925480708 381790467 600083414 321595068 94532544 977867380
1 1
481107330
1 1
433878381
16 4
962391596 234848427 869282427 761602965 874552827 715124939 932060068 964301069 41618781 112387453 846984437 729000540 371977843 778484097 242241545 691239555
2 2
834864229 262904628
5 2
733990438 901532803 561897376 783551652 756806662
7 1
223957217 680956740 179962554 390408378 139861338 687847531 607034690
16 9
276782247 80091246 415453295 50066376 152169751 83097874 512895715 469896889 868171996 845569101 666227466 172061662 672322765 454376977 92198692 59212730
3 3
569787772 94665107 880027295
19 9
97077688 367768121 859859335 2255537 551363284 380877772 949220852 577326462 645893544 204728323 124239129 830887505 189784666 47339312 519204575 165122952 985191462 114290501 38155578
9 3
952753047 784539637 630626755 471343554 270470409 228039537 203860411 706205244 438380868
15 3
552264570 894347063 818947057 708027209 256921669 836732616 878220172 887719170 639672771 826867831 934267435 653144508 568550316 648551734 995253281
14 5
532586399 497935665 162688438 433433644 316431206 716089676 783057673 35372712 546543390 542088846 149212399 105244968 636955165 27430274
15 2
741650375 51221543 475283613 74710477 609263442 427627993 753060764 684515872 318980664 197172931 586439611 547094859 640405031 169396716 286093825
7 1
820051030 398104058 327765961 721081444 471910428 733469055 647719190
17 9
545846720 386016548 961004817 460954514 596639765 161797999 295970134 738900162 986351398 962804409 744678324 3384590 417450767 399940226 655210491 545564891 379852174
16 11
464977170 836789784 191724800 212890818 52060899 998149640 318348899 402282261 705344173 461090494 77551003 35460391 609670068 913645396 376280389 901584770
18 10
688615698 205980122 101374782 87716655 516974358 646413070 861907880 561290336 143763551 281282736 569956839 634843951 8268550 810129064 300422516 380622203 98091389 50457139
20 16
78073593 724396433 456830681 919657331 702136625 40596796 828795698 944345661 45323852 948746581 975599856 323747590 590512962 131853287 397683682 611827605 469763332 600370239 764417412 771801484
11 8
457555582 792340210 186126739 149298318 25052606 240336419 493227728 865257325 876171814 445588139 751572734
2 1
236275386 192832420
11 4
892741400 600204188 839363474 728581233 118289495 214979640 562061342 65474661 810433614 697109284 613563605
14 3
815395462 607581965 754977439 183949960 711949385 227307027 829708587 110762842 120681268 279410171 976685759 556860976 637925185 746548093
10 8
704222742 598080366 699652240 451027544 926227848 640008636 720219438 367320863 351797265 518630016
9 6
204482715 268339258 5015514 302713862 196745571 502090490 105280200 42533427 829758375
3 3
868614539 756308065 636012335
8 1
276651225 323437140 959601885 83938473 429582761 278020842 672301847 516181807
14 4
87631841 993244798 450170917 378970329 314923551 500933429 378917738 314725853 487391968 922784277 912905832 787952383 864708804 784359333
7 3
684530456 975510305 963937253 724302159 72350467 736600519 828400706
14 6
400835340 702787275 810431898 290052405 55522802 993899497 372309827 121548026 298462333 233893197 319738269 916446770 988301123 92502713
20 10
723906712 318358354 350164045 595053909 15450245 494330495 838165855 979194060 544541024 893665697 324495331 345192709 977290899 121807274 627843616 806377075 998949167 156291125 351006597 707987005
5 5
742337081 590072824 450376564 730483485 59800548
8 3
686736441 718272697 482242916 274684963 145565282 471538552 383140380 83112823
14 13
992179053 291651659 111649720 332409499 686714422 335340482 879007093 104833085 22869289 325445734 783023015 593616932 329124594 171945588
2 1
296899060 375193653
9 9
795340640 358645629 102950853 287174470 327817187 668266721 647748251 425538484 382782887
2 1
720529687 169760906
11 8
157198470 749074336 312905009 835321737 288778221 216042282 86407196 542201211 278758727 125391265 441777445
12 12
58746473 680849570 49755346 496409499 480144950 857615362 68397395 960149144 824834470 980756285 543859089 447245086
5 1
360006949 379095649 220375101 338441261 427147120
7 5
974283306 865274102 844054938 600863932 240857325 928588933 271198130
3 2
275691580 777700406 26164523
3 2
395347671 193756830 991289581
16 7
962472342 452798178 531988595 830468205 388671757 648968408 619370687 232395402 10588457 560252018 195115694 295073393 911996018 143162655 815383965 884492988
17 2
174208426 203639011 497912036 944635565 479302385 382053714 56809547 841550419 906408119 789700239 845373545 990469911 566601772 435086935 432584872 663031714 888819584
13 13
73220255 961909280 63522056 593966081 671100151 651922411 648441921 360448285 819451209 870455610 747896910 683823701 394343648
