69
19 18
255876778 555828211 409263845 631406265 761645565 449692719 103827728 366253558 452926468 163846385 532637944 104160347 392983926 52579152 353239994 228240011 319689974 75923962 40608552
11 9
880172539 493734238 356928758 815380341 391794814 648510589 2324517 520471293 278517061 490238432 398313114
9 3
705310411 251600612 675252404 485803890 252962011 133338541 688893853 11267560 716628051
13 9
934866838 594175535 9572474 295206513 103938539 501000915 898451865 101600710 764858006 647876463 656979940 451657519 980303016
12 9
129440641 869454754 307278139 253766316 875625490 861941867 688351692 941843178 486872551 553418096 556687214 453284311
9 2
914618414 465488743 699235213 700909892 544303866 927325586 908739603 849234995 82271804
3 3
867021729 909537004 402710818
10 5
694155367 734979129 155419809 520841531 628762769 45260373 238092857 342179022 931710975 165385844
6 6
349535764 147975846 399685633 741305567 35346142 962603810
16 3
726632438 684948317 838040058 189625595 691485189 799987274 42997008 615792094 876369935 192406178 622439142 693574572 172815660 546965363 177950951 630069388
16 4
140143206 340949296 368850431 901208514 932203292 959388597 936378879 690053051 144426273 81976337 996885310 619696248 335382601 614256381 455427858 827888661
16 4
411868364 48196686 842073603 957412947 556872699 281473971 408075042 777008428 430792881 573861432 629527928 668123566 97784133 558023435 886305470 266824025
5 1
87948674 722063602 72599061 182462499 745191901
20 12
478793889 259305441 605586079 993002340 216893151 633303356 510337558 168646033 870776997 284578390 211601333 150415365 599177729 47175924 779599422 915258146 794995495 745288828 164521618 95634486
11 10
561814508 802824807 332414534 8323030 114457328 289437297 568531965 190025730 281281807 856724544 913106169
17 8
786871071 54378515 257815047 642493345 585978735 482198704 763101627 853733023 957021963 199206305 1969444 269407038 877038621 564083289 903099011 446927413 639214378
14 5
420458797 152686129 309615749 110746374 62167283 373815367 431377515 821491132 759703658 349634617 151890777 74821731 232850903 177902971
9 4
226650748 611330791 527556243 813374186 996791502 285970780 287979799 781814721 146561493
19 5
667693060 194975219 255130811 922967301 448047023 23065004 499831749 80374122 388548042 893510427 232015086 750570564 67165943 331131463 798764049 974720835 513646791 404594315 961297992
20 19
817704648 831995472 773319540 222679514 276431542 321178574 929587757 247175508 722725092 900950398 209954932 342739627 374475032 122609419 958901792 719150608 441033189 296501083 969464394 612285242
15 2
347156112 856400021 1381665 432095588 477944 988623141 3328480 773490298 694223660 459708778 23043934 946921440 272043874 278661277 58375621
8 7
757205744 539679978 440888848 171150070 783400880 66335111 17376246 667977288
18 6
675911417 198299138 453972909 597512132 783519727 474172018 187780092 177838966 626358577 956641356 48373425 582358909 921796804 359801926 176361362 690535293 172592814 62349065
4 1
745302180 418319110 855831237 988218354
19 15
805963972 545338336 566857657 216556820 872770120 288848230 660441738 18153134 73019255 831770778 885242287 605739742 795389475 147224274 71013662 534932673 373159983 873155311 997952716
16 5
257869090 889691696 577624111 40115787 296140888 105709279 460299608 176312955 471711357 839750128 956260532 670376081 5787884 308145641 9413038 528719191
12 3
991768286 355034300 676771898 711444004 716658864 238681078 723930310 725814242 252687393 423295165 557969530 132237903
1 1
978783180
16 13
84896357 273546334 446338885 929719203 906113964 257938183 271057967 306668731 585373228 277356868 903641005 650912981 246458393 504361310 510075662 984331004
14 10
544372116 702982260 216140855 396668568 551447078 398436059 885721327 578860551 360533315 969818223 428942038 583110297 5896296 710711389
3 2
19791633 429844638 799395380
1 1
596386602
8 5
936005448 863542119 275350658 855897612 531721294 262389654 835806074 680573659
19 18
772752469 513866184 898026753 587886150 959083006 105599758 151267138 273032830 211982465 59582568 535722053 747544372 953974921 368989207 964950413 251770921 458340842 666061356 97321798
8 4
37238483 490136676 897643801 757009128 916919417 20087809 165366033 163410295
12 9
436687123 881418063 585336220 299261097 279246006 600575976 15290648 350468745 417547010 733520695 20651781 513330382
17 13
937227596 35606110 45810795 572069708 490456376 408559937 891253308 938619204 388177132 368359954 30246034 724821222 315867275 250615040 823822663 739323099 381427601
10 5
315072367 395299133 46131587 876197940 463780172 937037855 898654677 364290595 378362756 498287624
11 1
337633651 692332308 917682082 558121721 367783722 832175222 499261908 50094942 393163488 779805941 769406185
20 10
812110470 563722862 647092285 686978524 448987517 906547080 294900538 186230943 979393730 42253976 856349292 563456623 389488855 22327124 230958983 795622946 418591426 743524032 955572506 869618952
17 7
161233929 832722048 144593025 173429029 19067166 913268035 134979442 911170619 966176173 300428311 782993175 227674207 538198720 197390633 474423818 237618589 794102264
19 1
452098114 387618606 562618840 602558834 520098180 872510667 742490422 969191064 475734393 597409421 466042691 27005096 881632284 939519129 579190752 366077493 401631801 923839367 197605064
8 7
774460070 755813379 443561538 88726453 960707236 195697934 827858401 506500551
11 9
703670870 232802712 525185431 572547030 373182897 202051578 15299258 800244197 234479286 40193069 607284424
12 7
400282072 127377672 778885339 887173498 282811695 552050916 533227518 657353413 915606634 412066442 124386391 235965848
19 3
122757035 760239780 373380122 428475174 774984635 494861184 925641393 79149642 939660367 150975959 839552735 731563874 424472229 226946432 989940173 335770186 169474866 4059394 705458255
1 1
784037055
18 17
979263933 944396396 2074042 380086757 505683966 26426767 390472897 18625560 273116043 84339644 649855192 378461300 308060900 480244978 204317545 603067300 535724141 122440138
2 2
656558228 920881809
14 4
168271576 70858441 541728464 259989209 454267198 772380161 667496395 344058579 175521866 958855708 27032430 802333122 705310673 252166392
3 1
344120693 191248543 654632925
16 8
418380915 948178192 124417947 894448313 820245278 876170832 261436816 281282824 583554602 439941568 638693065 25432938 109848037 979239630 797279911 821229414
19 14
135781457 101027900 588919211 938229939 459954977 80256871 64865046 337003127 556388703 759355522 271893438 280661562 768159333 909222897 846366998 924274556 926305738 505123158 976206471
18 8
738379108 789476287 375014591 596954678 521603104 751847607 625490988 826390430 32987717 332506034 344468693 439771436 940459926 104267289 109427337 831444596 719192562 377129006
1 1
139687528
6 5
340866178 339366313 440066454 824931336 694426507 141279740
2 1
231130864 757697538
12 1
82897942 454107944 348498561 325789568 123928339 827971147 447467668 39201096 531985537 878720939 577067740 702340550
19 13
925268698 879376061 518598430 8275443 975268864 783569298 666011071 50366378 191842362 781514873 157200128 139957556 909972056 523139200 375058150 588113099 47881647 558054859 177747908
11 1
90867871 626395791 466852833 328186717 542457798 475243847 148148626 656933862 438247518 598265133 229062510
17 5
94454594 34376344 551452408 197645456 155435023 836540558 471636397 855820819 538084097 851867206 26875521 621759824 964758121 665954895 330896361 856492117 322971463
3 1
666454215 801024257 785040192
1 1
787750981
5 2
691743566 400576439 336534412 396750626 562338000
8 7
55490942 443348677 715392214 423166350 578167599 627150228 692560329 42439403
7 3
199721173 793534926 182995351 553914072 29485367 711142749 330044858
20 18
267019673 982306786 686404191 557192375 543820307 544163861 436898396 870041255 702830030 588362525 32891045 253231465 577997366 305671691 429563689 466910847 227665004 489969616 283794993 228165699
15 12
349616731 415625992 600032602 124739375 738779317 499311970 842643294 424706444 846218906 878604718 518277246 132799780 114431977 653733810 67221781
14 12
41604576 27007193 562692520 808232594 672285099 747335944 358396497 949601927 357152971 139111895 809352931 662810419 606090397 418536362
