41
1 1
398998187
3 3
805612709 272785792 381355980
9 3
375537146 994493552 228682810 904514541 385111804 809507112 363777766 260945982 845069859
3 2
395909792 486181176 174730487
12 4
339752249 70591143 235048923 512578291 955858613 829690406 897840777 276979742 559807115 888179317 255709083 613038080
12 1
629399135 781237139 951320079 585353941 760359119 339827093 50484814 600803389 193036964 6240077 811314816 92696278
9 8
135263175 845660605 691042651 701358139 79513619 727111100 153021111 564393890 663980205
12 10
439450415 146020322 147292681 575563120 860467073 370538828 327038052 29228405 938874857 847411712 661295693 180642686
7 5
346730115 227778527 94194090 595385550 774442603 63867322 308825912
15 2
781789968 931878183 132295243 170504082 889203296 130532355 663071564 92304706 563133031 493210113 399473475 222592766 540984464 702506970 80587068
20 1
733750503 81302769 873792483 643163665 709183583 799843277 69164360 112654560 726709040 372737876 68610564 357759454 876444408 850716551 496639393 532293197 743810257 405321907 33910449 264672977
2 1
330918389 99906000
19 16
881741081 967857680 400363735 717845032 60790290 883508636 870829896 849005419 419466967 42861886 456697756 946443250 158195655 847391112 35418855 627243648 664538206 710977313 66519617
9 9
130872106 952338755 823754038 342295726 700218998 365297054 988926799 114409837 467573726
5 1
600085180 92305607 462195473 891471414 677565666
18 16
794671543 501640768 898030621 189131490 170903091 950252928 31918725 482209871 664034849 803484675 416986780 831875231 57356350 453640025 551233278 552574742 791371428 579405287
15 10
202281127 339686330 362087743 203192782 786163292 910125027 740261770 765715505 84014005 699892137 176983411 522564958 33494805 828689144 605732189
18 10
332599062 25048156 681381803 14528485 751272323 448548185 371158380 572266783 356423871 908611587 848217143 51396366 340839792 348284670 954645421 50253473 387211863 185794109
3 3
870451858 352322405 120279084
2 2
921340387 317555340
10 7
369596221 770466398 907887874 625063295 220244024 686872890 930642989 971066820 876677442 437147044
10 2
588018334 552999762 818713943 268485131 155389282 536771476 226916032 175614833 480229617 845536753
14 8
931096825 484579858 880170314 149291460 202430986 870006576 494625127 786598568 806064048 308358712 817607736 63194470 255842789 758280342
20 10
245037893 716736289 806304272 196772917 706760589 427974207 174150435 933730494 15228676 198061785 335735329 141570804 684675738 274844782 106567610 831359869 922547513 438496163 812860177 605147288
19 16
684019486 326802764 557942821 87151390 49188146 285173687 844547263 283339757 452789576 536901720 619337074 609823741 9818193 340132622 879105978 348239510 508311657 633231174 509420919
17 17
339343612 131910419 841902796 277193844 887182595 429025534 887452561 616564097 467145348 391065689 104431969 556738948 100287478 909725579 402515887 816127437 471612529
19 12
689215393 270810081 743165847 341342716 151940257 153488405 466372896 238263774 364229133 873800134 3932987 635563100 700498447 903680001 477991454 643601770 381997394 551095044 177335417
8 8
221732670 600007351 290683835 928563910 735499100 380168463 153471254 914211750
14 5
281716475 437247372 991204309 830977659 942772541 392709843 764618726 86273904 992130828 195427005 694580356 504874320 478565137 670169313
12 10
121915047 505946751 130997693 297705822 639776060 942316240 403974144 660728502 851122248 822274622 21611413 66264435
2 2
909530834 367038808
20 2
637553524 493101560 745609976 984726819 511485878 964894203 558242296 332486851 368659546 391520755 614564451 205441824 712729481 722106769 443407760 340987697 938669257 34210139 46091357 278056062
4 4
982148858 871517811 706606378 292187039
11 3
633210568 199149720 847351104 465167458 351363165 280296951 502336311 251791287 973010881 125396753 311379289
1 1
437204394
9 2
440760840 731916837 587452822 260474092 193285051 688314977 887352213 737785351 410747710
10 1
266595168 664301750 939452749 794662340 811849732 927944854 953403160 960384610 506983916 831299282
19 6
503238740 138608263 61174512 419204150 504638310 68123275 138806465 554862884 575853510 823978909 802687883 618550767 425444636 417536106 402199752 842705132 437981124 865710639 31147146
6 2
770304450 824273622 228018225 20030371 907090788 23780794
5 4
638056038 917483155 231924073 333892491 905973993
15 2
752179547 964580467 921550909 705118436 111919680 713622547 517838709 937862240 176379232 625798368 534552562 164802017 799549213 577725840 592525578
