196
18 13
65567759 402389150 493138034 236859185 915095339 54082378 656355640 498329113 810065994 244247935 211145808 338119766 347220116 89802800 376886606 866827260 601875188 391120413
2 2
437182637 527072964
14 2
59520835 171248444 985034297 560571513 660425218 656371187 756058116 602144357 36376657 71482923 812482085 250430511 932347446 105118343
10 8
448031798 49983711 673265233 41131872 216849278 395603852 827281823 72848336 121078934 572517394
16 14
515510204 430195999 664822645 697515238 430942459 921952197 490208792 722776499 563061795 62093545 541111594 755441565 20279293 626990078 616899554 744472851
2 1
415940438 97151811
20 14
563827268 421832101 272181137 763339381 532561053 272615448 191258033 865689757 523617883 163582146 412640187 980551456 626890941 860664556 145973555 954772306 111597949 841605028 796839839 196601151
9 8
169463911 676278016 454927884 453695827 535538608 715368832 956063712 217207585 454734778
7 7
680442596 215068474 556612754 9532267 589929348 113950452 529054452
13 8
405210695 58621978 551292502 351785969 425057018 366625667 238618552 438531389 331913273 58024428 53693562 567558225 866131842
16 10
558443410 91991557 668454354 375672080 282233340 864430280 534341464 72700533 50612185 530636783 349447210 471452306 130870210 833826920 860282772 189541700
1 1
159986951
3 1
506264798 750048813 634710029
2 2
225462216 297698414
19 15
264197372 427684369 85182994 451714824 252090142 454690308 74957482 174309484 900645082 525128604 367489821 663122982 277429214 813216942 245481076 341825012 274288240 962302972 430352787
1 1
267816433
13 12
253016069 924210258 642758263 387431838 555354045 306416623 892192626 379544351 182837662 467401149 510857456 220058543 128800847
15 6
151842726 835832465 535755190 411220231 989562161 490428295 163449575 466380880 14252287 979413799 403161722 480125774 720893656 610036531 301759669
3 3
24974869 266155021 344607258
15 1
659392672 511244741 136531942 272734021 458703147 524682231 568560535 765522379 213074945 151211689 77533354 706945053 556686140 664681815 27955211
16 8
976380662 287138456 783895997 157398078 869230701 930924167 958035169 311798822 829716953 344806989 760313420 993385006 815456387 640934107 800993225 755324318
8 4
397511475 303990329 530377562 545887760 829892698 893762930 108660637 25449512
15 9
726502554 795139042 142127972 214547141 326805564 397885754 841364607 471166986 7971978 532963438 698331661 970643941 897587014 357336151 641228079
16 4
882595213 217735496 600676557 954784401 942898673 773631669 716918451 65500111 423935906 300112918 857994775 380856452 407305366 557326720 604845297 822490758
5 1
886567652 438854787 440826872 132040013 266617344
14 4
515911818 292773410 829197586 408066418 641062194 517293486 657676145 180611370 583873005 741024759 557214676 571863426 604716796 333438702
11 1
360308841 229467345 953934491 578451095 518674516 835492093 632658665 171521838 195440237 94810741 570216262
2 1
393770356 902891312
18 13
183603585 682149242 963141719 445982485 256179198 940104345 164439124 673743326 719443019 691712036 157271399 823600478 445902450 40507033 57219583 149664104 554347891 421939014
13 12
110575096 501568093 256692451 71799488 291510916 74462152 126922495 779174591 653023318 984606265 594862465 988371521 478140021
10 10
335800299 908041521 810502644 40408175 139159106 53643067 388600105 731670513 392062413 983497536
9 8
956409652 664295744 866049727 807994660 53856835 561632806 667466893 618410890 296509404
19 6
193610910 12386448 490139185 230301591 227680731 27522054 138876336 865019538 253978087 589914244 890902035 853878116 623103126 40352784 660783178 143692743 144963980 214865450 471082103
11 9
73194675 7004705 65211123 994491230 266518724 426344252 131436782 608284270 122843085 306592642 474639525
5 4
294566007 498153742 359100140 30325051 335097638
12 5
515749434 367635070 858238554 278781536 636833606 423672615 666860436 878164494 955124640 13670296 203639574 288246780
1 1
272115853
7 5
206680284 776440021 500734986 999994453 345999692 176527871 506863117
9 9
159354768 715568600 347463600 76911832 102001470 918634631 841196352 561621863 172198230
18 10
955142809 560545518 653925266 975643088 242476667 238580398 999590948 182201151 463431694 721173100 788764352 238003416 701196446 267051901 506539472 359255290 875494484 256274826
3 2
433125991 231228594 84052824
19 1
710532389 411776284 833888828 629389054 518236113 228937355 758948233 489021513 651896224 308551640 473291499 59923345 433071123 529186099 166164971 897583259 671931295 267218593 804464171
10 8
720951057 796791975 772321300 428179528 132913717 32324758 625241032 918692159 194711505 486619024
9 3
950700211 859223230 157069615 992286199 753623007 545174948 890757206 544260399 656126130
11 4
231312589 327266976 823822387 117082584 461551901 296434672 569299896 154032602 982731581 812709776 91886792
8 8
649885971 534929929 529327605 997063526 596565132 227412897 536755056 541736711
4 3
453180411 453318715 355357982 748359463
19 3
412658638 343925033 241288703 165112475 786345940 158817761 374211236 986354181 747598117 218422205 622406079 973562859 378415803 887292911 639842588 221025598 525767974 421022813 392872973
1 1
254387533
1 1
724908291
13 4
503273241 473765628 717228692 994922848 309932626 446919577 929622597 253049114 196088469 476638763 203639469 966855948 836332599
10 10
685664754 42025065 911532764 89258714 59532081 501723614 319793069 172295761 769243180 723345718
11 11
676927192 373316602 102850848 673309543 260301763 970626240 212709723 952702045 720746363 522639052 841026571
15 9
168958346 222452553 48190271 381679541 262718064 710689209 278629752 669790452 209810367 344997623 407049610 908559185 361191595 500043104 269284900
12 2
265157984 214685485 923753602 392261831 464337760 337785243 527381404 36345462 83356869 999989004 732605779 368434630
14 8
529247320 713886 628712065 480969889 999022115 190829099 417625051 67487674 982374242 507136079 439721508 174896500 897417185 62098791
3 1
761626612 639403746 913460629
20 20
815137995 483860317 274022381 854482035 49934131 453901634 938898299 959523451 938828714 530372498 343471394 931512766 826192042 397230036 81964438 92035228 16945563 796276365 527079174 726133735
5 5
224995448 9607193 298022802 820091051 170201872
3 1
314635722 633096213 232601232
1 1
626025656
5 3
474776586 559537553 209604305 587925510 402454835
11 5
612740632 225223611 533941794 97454170 245773 94673449 390481253 729455699 95175671 612008831 461153781
9 5
66434173 194582589 481288810 230217240 940978408 880664560 501137012 734376893 692445426
9 5
318967213 968562020 141470425 363825944 573500481 296394724 157177355 116419026 267277149
20 2
905645346 879380785 638119208 161232326 462111592 912367783 505785671 680871966 273624067 870231688 886330021 7580916 624276634 747272865 64710048 80741120 407130062 356305578 172785489 564866996
6 6
267721053 38362261 515388310 550861693 714070636 398528450
3 1
610391620 668426519 77855837
15 7
569383716 719360499 71349108 709853938 851237873 131110668 861909983 41335488 641894016 256046083 931009561 823453582 279294226 541205789 593819454
1 1
204236853
14 3
100818313 691043310 572563042 617478712 57650869 460792065 439162603 5978408 71062432 992475225 926138820 177765774 1871398 233558696
11 11
782878257 472159531 29006132 897871517 552227579 661218220 274030649 836793070 582214318 420882759 244549642
8 5
946332268 392277230 679227888 498125276 524481414 259800776 141230997 606280688
9 8
419325712 859793461 158004471 395892119 983248903 579489884 32912144 81190681 564337318
20 5
309246307 381606809 947446244 518190123 101544970 777233693 360678688 375109020 139537908 147138251 693040645 274971815 493746233 978252372 338850964 574451220 587764479 186035674 885144186 596794081
9 2
442097570 961840890 338141390 36840821 287095587 505358259 290224670 1188460 129895418
15 8
332259821 312902229 686969348 291053472 140570937 79594847 118229543 817706330 448151590 666770558 900370326 833227264 379695589 165722319 657141101
20 11
848462362 59255781 893276271 117087693 912335993 759697683 114559060 818462597 599465674 890768772 685065230 424898605 791000496 384268274 432046452 57957129 877127342 747562357 675072531 326902087
4 3
940757069 475042447 976520146 910128824
15 14
709371547 225160773 870544824 9051931 402495763 5196907 151037451 472334879 836445688 88568213 539975968 121786834 737137196 27560858 330381812
10 1
45852797 827868297 114715690 766609871 718996327 146046800 290759547 551200964 441973403 486428544
17 9
513862649 819364693 171844086 817504248 298026642 775775401 886570363 668477294 603872421 33702006 35384635 888799210 241458459 79377563 248327090 443680901 780039174
5 4
381721807 990315259 372460678 244172228 550841453
15 1
405420988 331358454 249001716 989268014 21766413 275622306 929723792 856625521 227198149 268326148 934818974 880283351 334016309 718720537 991512901
5 4
369445681 845700425 291557699 911122881 925941280
17 1
291908473 672990038 582523625 888222646 847032814 239640418 526662951 710531315 859667980 270149628 215561985 591414880 429411306 689196704 737272243 994787699 172806628
6 4
693081181 421578333 194743507 960105591 440544240 939176523
17 8
980494982 259100848 550535309 472824283 422170458 518930890 568196922 34023472 625027351 293329037 940454419 630324966 258153838 216282551 570189286 754419706 22768592
8 4
578091620 91701209 939114670 173341250 916013344 588212048 106977231 569952554
19 6
738461115 296670812 703300530 857250931 933958565 683192166 870970844 695697825 418051498 21319552 142428668 861335972 689206566 678639493 823745870 773559223 270290198 234125741 275783900
11 11
148556576 445477484 434818917 193948969 770269865 956985936 805092354 387786716 904813496 851556826 245216735
15 7
435848521 669428991 122680705 176743681 272652794 226271650 458848320 971608165 504479498 982216001 615793577 112315309 484868024 186732474 734064509
8 6
311156987 992312277 859146725 579830365 783415890 274717839 166695526 475647239
12 9
914925113 219939330 398688029 884921245 692106702 58457298 248534324 876721659 828469876 670313147 594246350 160475894
16 16
525628220 490828870 600873896 925162181 239228827 24990772 798400295 585322952 961682345 827426402 806703254 887291912 268109435 819634427 589384326 161772099
15 9
370584113 934309180 466878276 791100402 417097056 898240202 801770322 415217723 372173054 738435103 800899971 885935136 141071343 264893203 297096886
12 6
199755552 895877715 592324707 245446015 248107210 241513084 442820240 983257471 533327073 281026912 791579898 872804449
4 2
219975538 529257482 950254206 368697174
9 5
736545032 17981364 854416472 581007511 577365344 252683536 436781978 31130913 700600808
4 2
3457080 244909497 839855818 981253877
1 1
613148320
16 16
221514305 510571032 446091897 818402103 508839255 823918769 803935404 299859991 930585214 340603654 807853699 130243058 773957812 570614578 660028320 727213528
14 4
859435728 46913241 629704430 40523184 729447180 337038469 184138634 175057292 216790965 755803660 703166608 935609708 822911736 981082749
2 1
460043001 682893126
20 4
324429630 624685721 270277528 637918292 424120953 767091411 317714339 50299739 411263956 744609949 569542138 386372305 369772253 681089440 845815622 648691738 580394554 184617617 470009700 732512806
2 2
863748569 520255121
4 3
825591383 680771104 326660163 308611372
18 12
139013339 695830723 180910934 138227368 894375327 553289041 642268931 380496260 342375195 677721476 714910271 945957696 292860178 167761228 825948519 896322500 317132263 682548180
12 9
174628243 447909886 131792730 205463994 450579467 615764619 245378724 404329377 299805771 348084118 468786563 54422927
16 12
233753756 743359776 610339220 350753922 726692550 115189498 577593254 934004783 867285925 512874459 857243231 811558494 639802696 600697878 247893256 359602165
17 7
545062372 379946255 65949056 700859517 382742112 121859182 804932572 145846906 157736033 808170626 943198786 431635296 936600551 682034516 396462338 482111406 862762969
14 13
964161918 179584289 138833766 522018255 131185774 593849706 399957554 466800309 277421391 698823050 736954362 297171574 694319658 805802542
6 5
890424517 958864031 1848110 640048397 534534541 934237628
3 2
541992358 326071663 187171056
10 8
629197103 293706295 76778888 455718768 777033323 999298811 834373405 442292154 597512122 572300748
15 14
359280713 851352848 855850412 365719404 459078025 810463236 766347052 205794428 799674862 743649216 630912106 90352625 610228543 741072939 10494282
6 3
453342614 593006642 109532773 140562879 634145789 878204937
19 6
872092705 487792131 445911575 62149692 55053804 173592578 734233548 629423094 10482407 299149544 156266689 575632817 727750138 165367456 198694965 812666577 525621835 722553293 388808810
17 3
196097048 636938121 135371292 553909451 326188859 666800270 150019086 209129931 115477493 43246522 430284393 261475435 132995253 329953168 612370267 301983173 470881459
15 4
474932698 862940836 792266544 211983269 301662059 903796641 795757889 104434475 820933122 845290733 629219937 192757502 206564265 949004633 89612372
10 2
314601893 46917189 741549033 576166075 891241493 731334511 979707880 874581735 551360984 411933995
16 16
355454463 306886269 300517820 9581100 482619996 883967894 892337825 963334183 16715643 680324797 962198299 247863889 666310333 580412241 135596049 342479057
13 13
869379646 650888502 216103687 469739542 222914554 835922585 799560450 899936655 655338080 845772798 767299025 774358420 932865651
3 2
847923017 395551029 90992775
10 4
864878609 670136853 545426378 443022254 346742037 781241977 446710839 62360897 613219469 586443697
16 3
115427087 10899130 234759035 441462358 603961964 87913000 591248973 39942554 404967566 626999092 433053473 372910749 174487287 798921889 574682668 618104740
9 2
522781635 428208062 438818165 259969335 647274066 722854113 789527638 508848384 590914194
5 2
35527674 205054045 525706894 323595959 237096490
13 7
398140077 843969884 577400484 530703914 728692088 927707136 902517920 711631293 384554212 330044080 287937056 522103470 282576464
17 7
647774325 408182973 310341697 205543121 60719551 544764528 225838051 57834864 662860923 669551443 995720339 55055307 198369180 19952561 355301286 922981549 325005403
11 10
460608911 841164181 151698142 853952932 181679645 993343625 473740106 975086743 677809582 631372111 939852032
1 1
23526037
10 5
612249323 699880608 303619701 371609047 604662854 18278600 70986570 98172477 441332376 18581985
8 5
833929763 889718162 926407628 404952969 328377124 825021912 848654514 998715411
14 10
90627318 28491994 78587224 964994761 31182235 832872830 802335753 21468107 509652726 548239910 916417135 832308394 288071284 655921767
2 1
656629354 69884066
13 1
552827012 118773823 448977435 809510048 619498091 907015877 392170333 251753592 164749067 557608823 893080477 280185813 753924143
4 4
142933665 360031773 676528709 418783229
16 4
763729954 160391664 362360944 624674698 852625729 996645568 676507474 667335903 115539572 381683474 580722713 133326639 717951996 292650816 730058672 767480352
7 4
236574414 462917168 968275654 772924398 386118098 23497147 232791776
3 1
10986070 892431877 252045643
18 10
943799827 550772291 866350337 74263382 890959420 970299502 256015444 376583948 399814664 982257239 881528459 939332842 236355446 21167436 516227301 187301852 200173383 250275568
11 11
253615050 484190207 4613411 114424511 940977962 3062829 319586637 332408852 347883860 398480587 309923926
6 6
28028899 403495489 590502219 878597411 460462551 971516810
8 3
2240370 368473573 498442594 727635931 797791641 976559682 100028089 822554897
13 2
564405435 404904643 370636377 104944479 304957091 757019602 994643866 654070913 168576929 632235288 972161845 758326301 662088233
16 16
990870967 32258771 366652879 883151347 514610374 917188963 975005998 706025377 776994891 257508927 941110022 159430368 648358652 677203803 477123583 284472959
6 6
210614165 257257264 376820507 107644378 664052897 701380948
7 1
500240719 593546604 716154434 980535749 183790104 618536931 450349398
6 3
570471568 699698272 308186302 782512213 481460025 555841837
3 2
276481989 238634203 843317554
4 1
779711062 641827064 513954472 146046081
7 3
386506742 359553945 99686864 999876655 140531201 93443955 517113962
19 15
173962522 332173781 523673974 913374140 695911768 403716109 297872506 769512173 369613089 510757637 279507267 789153302 312669588 527804780 245828763 747264134 436232432 274757496 994072742
3 1
585085145 2799597 864107661
7 2
103695622 716350410 100571616 3543943 46257571 133383385 374223126
8 8
710933879 495338157 518941318 675299645 662646030 378159347 810212146 179830120
12 12
847289672 644372442 460209543 481025918 299057296 3898094 368927534 513740094 213925109 460352321 642278528 309264994
1 1
199585157
20 20
373289202 191560556 611830175 641718008 650727986 397887197 453045865 892647303 388619876 74459705 706203033 388964275 687104968 740132093 966576131 877992598 665953293 218495136 977613278 230905415
2 1
379064864 502440474
15 8
625629785 740755778 293673978 964539627 757273090 860128076 673238326 998680571 885412861 453719436 702485098 706303686 876359836 223830237 156881531
14 2
312080355 881406967 922836997 521912347 422965431 484021110 359630269 604156012 463307116 704814357 77760981 372952872 382939382 563818712
7 2
95372760 855433032 159472410 958104133 464865417 503397369 908477814
15 14
461724218 305902706 605454607 964375975 436462787 74035328 78977889 178875826 182003108 765596785 833332121 696496340 328129802 126687246 987442848
16 16
772691161 317761166 491038257 437730515 17070711 850466805 898355933 414801713 449288839 62746850 450740628 158447333 116684991 968375368 999479589 718882615
4 2
784698975 769549790 798967316 653624340
8 1
106597455 951420348 914447768 97447555 258738927 816408373 182390217 646735250
1 1
12495306
9 3
810066844 551867606 566786621 974627872 869872149 229576996 353130796 469998567 628502594
4 1
478773390 774239572 172160931 742221585
17 1
326809471 752380748 764669807 534928445 579738868 309030669 997106524 621543761 404930364 115377549 809186550 170279560 604170132 893329276 346579333 946209533 23797033
20 19
19228455 341648423 175938424 726690674 531385252 677366688 554190343 496737861 272505032 749447660 426193384 374704092 471563012 778698666 958048837 375583828 26236063 532336358 348925833 6572952
17 15
597058556 564189621 299190216 948202529 374842843 413848191 664371544 554709913 558664499 478756645 979703658 176524875 769370390 352852294 689465111 54156682 67854367
7 6
76036928 205419692 179739100 327643231 481744779 441988565 615317526
15 11
629042774 558471861 860191502 253633274 43531169 381784976 724933454 215151400 699890187 445308424 947380350 275078925 93616509 370193006 345777914
3 1
13326909 481423155 356694409
11 10
276844173 389323658 870019685 533517111 783022629 293584229 745101632 221646081 232281101 764635112 754286020
14 7
741581689 903659655 879347986 72565078 366982715 583339556 527732206 42339212 691482499 879625214 55358792 209066945 11639678 984932615
16 3
355027730 50460058 711404438 315078481 539361768 773734382 970536698 590119017 609180922 87667181 588220272 299085851 210953394 479992120 581021174 459961880
13 5
12934891 820395350 620738515 422600915 448422200 112377008 915665655 823089593 713149996 778633353 712906545 763020149 993137290
15 6
740280234 157213494 827005357 612189328 551004025 358658659 518834506 945519930 934021588 878292189 494687205 276718856 129221468 636585719 328067806
8 1
442034129 917567793 631749009 697996889 40014094 354049627 882108083 506189922
16 13
341397750 891045017 86507401 622296413 573905909 515960920 180819654 277145064 653159724 207316444 325390469 177036801 979516515 456941948 172150821 525491795
13 8
131490079 610768589 311731494 86522709 547987309 30259038 833703105 558182874 200007414 685356673 994741985 255130354 301874713
20 14
340157709 839997753 802695352 301061229 711637956 41645940 606635450 198515961 472587810 189939316 835104296 606600434 170476186 764544170 651771313 927763415 617862732 466804089 631694932 763920082
8 7
579087319 47374701 662244332 201821123 211106185 893879950 46731727 216193291
13 4
679823393 370798591 775794858 79598373 157894949 206742543 59265945 4535473 436752761 492888678 618508453 675884374 777580750
2 1
197240514 291583313
9 5
810038286 880279824 637184790 556762933 266632529 863443711 691841427 775509669 565142508
20 15
324853681 480646437 64063884 42941902 470953134 284494929 440429657 520099906 540077324 159090715 385405347 91217320 264437668 125147819 16969322 349867512 589109509 31452469 830119287 764191790
20 13
780567287 179392752 571193264 771500922 349593854 104888708 731241189 507836327 352849309 624359470 136982073 83334302 831528441 504118355 40701354 810711367 615574116 711909131 917749260 300419796
9 8
711060766 557055744 875903429 605201973 300360485 431301521 801261594 329567821 89386628
8 2
95555286 800415608 96029848 455847073 176810198 132702133 922003004 276109947
2 2
943041367 361077914
18 7
101782854 144819898 910283426 708509777 751564691 45394615 541599644 765668538 909833906 177644683 784735925 163155439 207945377 583955828 432292939 646321678 64957313 955907142
