89
7 3
386765770 351077940 154401219 965521253 271183248 713310548 594806121
17 6
652527694 882409485 17231063 982757759 594723236 835485972 979483976 453799871 588780268 413865378 912176606 945197249 403637228 905683309 970249920 123425406 934822928
2 1
61905684 947149477
19 16
3332840 625689635 623468078 309441267 745124654 534307995 299358836 201273633 430652039 246271115 334344707 850265124 953276324 694345252 216198982 2612331 558287279 715000045 258998547
17 8
811779900 19865433 63139337 96687124 784978112 849354558 67330271 573579402 187154380 946492171 198347064 465371179 59513643 338004994 975292546 677440354 901879937
18 17
904607217 789677857 649117400 540751498 39642962 944085865 480708124 255703111 717486631 176129501 993040934 364153318 437980023 270290852 795116371 167600142 127845349 946449065
17 6
576816401 684915573 62642177 943062707 77728808 849676743 10410635 278868869 470686557 319687454 455925753 528094674 779729940 939004939 320765168 255882035 598576068
4 2
998945344 690342627 582122331 913266483
10 5
181716045 764560585 29480710 694459142 961523603 415416133 819839546 743991834 550666413 817467880
10 9
13413703 804095141 148226396 360291587 124489757 540709394 895344420 224200239 750542170 21354110
5 4
866487330 137019545 341464827 458474688 418516227
11 2
459701360 316593354 99943460 844471224 36480703 561695358 631496550 780770580 312651789 420954602 784811620
7 1
396888879 364829648 893303048 330442654 344197067 157931154 814013683
14 10
8907148 283548225 168914586 379361939 152105066 550786134 256785790 14611876 453013883 427928078 175317803 748531258 923717287 348845726
11 8
86556051 609154640 547788041 69804378 834985674 775727262 912094119 41815310 207756125 707094428 701050426
13 9
870979993 556139397 183475669 293937674 660074726 245131989 984444041 511901810 542185356 680418717 447270262 519268524 98078275
20 15
604496033 105168359 211496871 954112200 222156821 724273309 174901790 334674132 966470287 94711299 929846902 170664634 207237625 243194138 152583048 933645927 350316718 782372791 350844195 82448838
19 14
90138669 346919441 5077051 259431041 810516273 301984338 173668029 266141167 980095970 155153951 876719030 586800596 894635186 509450087 743484152 576806042 577960465 930427042 906564272
4 3
153486319 73196197 540164159 698444061
14 9
982236097 253517400 152769136 919947268 947512833 720172421 642407981 548451500 39797973 716410466 167282141 868993594 767799401 531713955
12 5
672691317 828646483 425906295 526017072 885897824 618771338 773272247 59866450 36707582 426598602 642702031 470772282
20 13
50158012 810660972 317254421 620117933 563569876 913551665 495383070 654926849 626039343 729408880 815740668 251297131 502680708 564155784 61969025 174356213 277225333 657813758 130920087 8542369
17 10
490893423 126959447 357493901 292181195 749637429 342387386 549620140 443425514 224267944 668063189 664122455 942958989 498611461 3416213 424440841 83622570 977646114
16 5
220309470 444954387 793785669 132334315 550363945 592042785 727363186 511501577 183859513 217233826 564187018 361101292 65661309 989949068 245225676 866525800
13 12
430986578 79358611 282206532 561843960 271410609 663728215 998671786 743953745 439463078 132856958 401320066 165839636 104344826
17 15
687111810 454186494 930335158 463979039 292216598 685184244 480507519 841455890 883004278 142547597 501803079 457524446 629262482 640326728 594256258 633298067 293346170
13 9
156971154 759325857 640467528 158988271 177085277 516478724 834447027 817105816 115451272 486687509 332998159 140075380 471599698
9 1
292485124 504317657 752017756 71861143 910235124 56392496 307685224 242946780 878987050
4 1
562421151 423460185 896514119 963345657
15 1
550689786 748885656 930929709 863439227 902050549 287806132 292491645 890449999 632714721 553926684 44539375 16779757 580670598 890753055 119152156
9 3
676584097 919269090 954623290 873469400 240005401 898194015 170134688 487556892 113098580
18 14
856007041 192914987 506588656 857221400 519641337 322052043 410037158 813420869 123300121 683227467 881405181 915463222 599327743 590869409 509796185 259863410 889750306 345504998
4 4
942970709 400945451 372776829 684690807
1 1
921586653
17 2
954782185 780356528 887172197 585668346 261641229 376298582 114984343 39721018 42940341 409270398 205776569 642204767 739362730 409725189 994745310 1040072 702595007
17 15
24762627 677497435 644863778 396474834 798469375 658533644 144609605 354066485 113549943 643175424 136594469 157483912 902312645 202453343 483772805 164997722 8056423
7 1
537861475 684953567 816290022 260003115 670098654 712881683 541045377
10 4
946749107 395116322 564486453 985483105 571337169 212611810 214317566 839087873 197135191 569563759
2 2
474524046 985443790
4 4
416974045 993702724 380095058 961363117
2 1
444222874 830479129
10 3
313164249 68655861 960235748 370984706 762755194 684534418 163543377 649095184 984244955 781782874
18 15
597281083 74542021 882121192 731750128 345331757 540572219 857073523 311385510 373400578 716994214 12283300 704548260 926746997 287517543 642752735 252811375 484797745 945253787
10 1
382735832 233194245 433670803 817592746 693907718 775265724 474998105 192612833 814124548 158993718
2 2
763829624 312561355
14 3
670709744 889490649 585009030 852199088 819997716 307090298 877280188 192218264 590869035 539613182 899732516 318519533 387341236 674305693
18 7
157508937 204922843 686320316 824085090 240618327 518756185 839848841 563782562 506283462 238768094 319731511 39628705 957988517 216422550 421105529 460553689 880837576 763693001
4 2
998841550 525524204 611338777 671685963
19 2
306488514 380524805 994464608 37910230 615230158 912995194 359362489 525087123 613359601 463408234 753463966 590332268 613088058 989952326 318590396 738255953 276983582 953384768 167135514
14 9
410040712 192351295 531547582 786080712 278126825 110999786 201137197 710878622 167087160 309924830 65957919 790115123 477430973 326768650
6 3
621191162 724632975 47891988 312806289 680611208 468578318
19 15
354238812 638551959 919887719 40735522 383206229 965360142 87023111 897292633 326232868 239310451 687570432 688081637 663539586 166101139 311632995 195063139 73881577 641219969 911700267
7 4
33767829 510592117 286347132 991436441 871055875 759989959 65429161
10 1
961901990 56142433 622143485 982800324 3207971 648798646 489862156 11399384 348320350 82826098
10 3
259834745 310157231 179814568 140989095 163541862 242060480 356410247 990773164 727482844 916781379
4 3
742549850 535685768 20394862 661315866
13 4
208836423 684521173 763568148 287553168 626568059 507822744 711220159 427014356 644700277 335908308 814131091 601209536 397815453
7 5
898500591 417987049 853685606 115571033 384462403 598219489 343282533
9 4
451342788 610009374 737096332 116297619 622237217 8461159 999698404 879250896 592933890
1 1
703189156
7 2
161444585 224671245 411014138 407324832 988198632 48856677 210987424
18 12
377061447 709349088 764287008 98650818 945054288 42892301 724833107 276552126 582098437 396821950 757737916 686438666 677400629 9598214 718411249 153022465 912219340 17914792
10 2
898398700 333663725 334049819 77005593 149978028 710136563 417369790 36569146 86231297 765253618
6 5
381662534 567567669 378490544 748274425 787600833 161416830
16 4
46283142 218974740 860456930 247767272 90854455 5000005 611662679 895622108 453680473 204216581 396674109 448157073 292838211 139038233 677144106 200437746
16 3
547197774 680952708 583159274 591224299 813153119 354836182 985702771 504404428 592529285 107147748 380929146 370886597 167637918 249905936 907536189 376597990
3 3
371941269 433406378 774065091
18 16
294340243 324453716 28962903 534605806 472731062 850503819 486629541 735126011 300015906 111831021 984853285 681971000 62004811 366234006 558586457 883292952 33879085 336243515
4 3
200439830 767990630 610490646 64759512
12 10
622846883 782870359 713032959 37752942 614308882 939056421 813473143 348407166 357354104 86849981 534284451 336164933
10 6
873598083 824504212 816873531 801468543 861508856 626478712 301204402 16104064 669600541 477256059
3 3
808090355 36989953 826591522
20 14
300020312 896549653 354170686 182064430 561582334 246271977 616135296 161955529 868721037 803812234 793977162 580907829 798902863 213008714 734462395 885576856 279045420 708089636 342204760 795156857
10 8
778024080 792695175 354861495 565848988 928461986 831088771 635651528 591051657 657308537 618995942
14 4
542758590 388947111 131962072 125741311 63898795 529005511 859371460 635129759 157989076 676549584 918568381 454466855 106314759 107914254
4 4
789967742 77565116 850988712 271191827
4 3
486133735 25968339 619572348 258760727
18 9
122913661 13284508 343528296 931484518 26362322 365672104 535803270 437868405 521423402 960155446 983164158 340225110 282126360 171775046 367236881 269733422 725153301 547751181
9 5
189753230 641473007 181647274 456328609 695520776 814237366 436379728 186062432 483825664
12 3
139765301 747886011 589901844 595309456 648759565 829561549 548668588 547692421 962266445 858029452 528038578 157093410
15 14
218176523 231219988 452434001 507882267 995292187 713458843 694530075 31268076 442473215 683921481 737333357 453400359 767586672 492432295 175193186
3 1
272831794 188773441 294101931
2 2
781271922 929703476
4 2
640026849 865060060 156054904 894592585
4 2
873797310 475559164 722283726 218523964
19 15
115113168 710243320 49483911 171042204 668850103 896712886 484916796 776530409 716146171 149150487 735842926 602388559 97028759 768015173 14392526 25262637 812331688 406720363 888063427
3 3
536170522 494145877 619681467
14 1
475960260 463437974 634163100 950302300 912135663 66123181 855143383 985803802 943142064 940222758 457716575 727750146 275832897 290423229
7 5
72315594 949574879 122912352 315355814 498428927 270572837 951649684
