63
6 1
195426921 43168132 85988246 586210779 32766480 28492082
4 3
372841293 68718279 531436259 944800325
2 2
461347819 671841336
4 1
303574361 638679985 400852888 208228458
17 14
774070964 473813256 888662216 545260240 788030824 896879989 537309786 275211315 788933328 257070331 497178696 28309614 25385540 579573513 73101437 589131983 624587415
4 3
261596390 632359343 55619850 297928950
8 7
879379835 212619399 241413326 257665237 446278453 263946716 35603291 278183746
5 5
671519410 725212524 993726757 268318113 356111422
14 7
669612910 399595577 670274687 338821190 937640484 637729923 576074307 174886345 840204932 570570048 482081695 719621769 499436205 596904459
13 4
835657175 159899060 905989322 923693724 594236838 720596542 503829881 980078312 338123386 606354856 843869718 601473722 488044999
18 12
427080895 925901094 808424616 719420941 553807924 803202128 771543301 267861960 989458862 470003338 826351108 747671224 578048686 553730135 653572403 694730390 152708320 658926734
5 4
513350919 281550942 973521905 878294470 903757390
1 1
927494328
4 3
781674747 260934539 861366529 293851600
14 6
30989297 314410992 279458582 25269505 827563873 866187284 822784696 305054816 694775888 281700935 401226989 338029775 564477243 681722620
15 8
586532758 292340748 560519316 290340351 146665727 742778200 277759072 386384167 33848470 915748564 655215160 181999829 135965636 177672009 196140585
1 1
844507500
17 15
31839811 508545723 468850075 480854887 686674220 62963127 762746718 686589053 57441677 222820942 902285659 154472753 25501117 630420470 731047925 487130353 774159253
17 13
607306390 893837434 994973814 602250503 206129940 338197917 205603957 622825079 602619241 776793296 285181823 111421577 644775136 838379274 694316366 230056333 325908002
10 3
700460304 94267143 396376730 169496664 227788482 462206417 482336111 784152355 85883608 51074395
4 3
393339777 215147395 374178439 336511657
2 2
861603255 631182643
5 4
706117884 902605199 793546587 262872136 730508427
14 8
454733745 797948915 935798174 543972010 10039937 896706240 926264680 930959315 488581484 709299849 460971528 564497374 362876855 232423901
14 1
161086958 962242907 818806988 931692608 732791472 473910303 856184053 669787723 5300495 33193600 963152954 693310205 159674609 475071791
9 2
215550103 318475192 934307269 538707710 994259321 881708642 260031192 51092990 329085847
3 3
161906098 679871172 664767411
19 3
376775144 4121630 445080063 507425651 651394475 255723645 380137588 843188970 249257411 352541222 195192692 188896603 849705029 816549022 642858689 491643754 120467086 938005942 141762250
3 3
449062287 81616207 516782579
4 3
743709923 91363918 628121100 57821579
3 3
579627964 826281518 579611211
19 6
502024239 335499114 615546084 647148545 957528997 389385135 321108358 645771796 317061845 860265526 776280728 734956915 159317526 976709554 473080814 139157752 122046614 364457446 831992406
20 17
774435687 660999132 79729025 447400407 828901155 318212257 541970355 627380968 847616724 806961402 82135935 536102464 879602629 728760795 164126623 369508105 974106635 664265308 139394854 433818114
10 7
664372051 254501136 386501009 403756707 8060513 794603642 142535515 726654297 390624100 138476982
1 1
11375672
6 3
383960141 699424174 341133041 714809603 885391598 631650452
9 4
577834160 26958762 158729837 141055442 469427802 630987846 646012137 407864146 676264236
17 3
773663044 622297950 441925310 787493911 891041737 157105974 222832519 91096431 934473825 384821520 691917388 4603040 558930724 728389828 99817528 805080832 58316654
1 1
431596816
15 3
382232381 542090902 705425545 10631596 315893457 869685477 892312271 456527763 677157468 142413386 311841600 780677892 381135424 324971346 712675960
13 10
918389222 311514027 586025912 471344682 756243140 721997113 358208478 302689411 153673987 602366298 17883500 368540745 369096264
20 10
874320514 362361985 882474989 848671030 718949449 596029912 115754586 568018255 174904610 823765766 506577562 895837033 396595574 930204015 270148786 458172538 940079858 477294693 748659009 733903000
2 1
971681053 46017520
19 7
503598475 50798138 920607123 245675861 623154631 677356551 74696995 471568892 670053471 479481631 164111569 456074783 146372723 830782391 37027890 219579441 630210263 989062373 759876863
12 12
170664229 254671241 217654458 808633031 824685627 426471375 259282919 113131275 716984018 836309060 696811810 428717822
4 1
108231327 723301807 755256927 291444264
3 2
42187974 846424216 524334340
13 4
421852455 640397886 663764097 138579849 499801445 516067549 807364401 537963334 862176949 373566090 640756061 246790612 12555447
19 11
682808922 798763110 874134415 569665381 782609845 250078904 265300032 687403662 4147829 552881290 362253440 964204972 458691928 560104540 755887145 721970475 866267895 588618977 345108437
2 1
4005854 100779234
2 1
284518762 284434238
17 14
747599789 123261181 684660047 922506007 689609105 900454420 63169878 153561801 600506329 871016956 113595314 357758484 239296339 72903759 953283940 24944371 127896766
2 2
607590110 281342099
5 4
215261442 411760261 423116349 703463385 826958646
5 4
689719730 618297381 618000428 246974898 616073625
13 3
356554761 960113574 811756477 562148522 432681554 399304695 696344065 599346262 898522688 113821714 737160688 795588962 519786123
7 1
242617876 511599118 303813548 361955328 196958372 603617970 979785174
2 2
303242697 959976886
7 1
143929560 967224565 943790293 553935906 760329668 20395561 116817132
14 1
52262240 847748186 70263605 763478151 614348998 542151811 928285638 232716044 977796013 342995422 500091271 47577514 266254291 925991516
10 3
393765876 509723152 17043194 844511401 763668924 651969053 168145401 618982493 878930658 175343371
12 10
206725715 199895275 417230964 875042415 947493972 550307703 220864226 315176810 568389783 984948679 931590743 840439831
12 5
257363789 53036743 449123163 961291056 935354941 782957211 304264429 877426036 781699978 875956428 4352757 946689771
