134
2 2
343870972 221682459
6 4
956525592 329482229 271887371 614399145 971193515 826440958
20 15
635286939 771847709 904532831 587806679 124309212 930601391 916119842 239375866 18613624 536969159 598321201 803737561 137941692 568556012 362363323 863795221 532752773 204581347 503206264 402383044
1 1
474965291
9 7
563236651 933459528 62224107 440919173 413129918 646920240 238160085 667684386 478370874
1 1
590450653
20 16
362792512 819052301 220041589 396790432 985247929 588008767 311457342 843728650 364203245 786942394 637042263 767407521 801711518 819332857 512012344 121294163 67983676 286359969 811578715 269631945
12 10
340639736 795097216 233301472 104025507 264274132 724915886 57697794 853647968 309251803 351948452 203030166 693449054
18 18
858245084 366330023 992914499 921314832 372266819 671764829 813404362 958509133 20261908 44273095 452111346 172126430 756881561 136353600 936180121 21259968 576071645 451226338
19 19
842423738 743751009 858005214 205330137 262124325 398286332 824119068 272747038 554283653 260382675 828109588 658714334 661354759 549177703 973281571 936670840 642877733 283571096 998860003
1 1
48774321
17 14
93965229 268806300 710197372 534349685 592698680 692948415 222685146 543820448 42381809 116457511 762782801 147406698 717414978 154680788 864698306 311589409 230250702
15 7
964158095 89483536 230580669 295120018 285942138 214169697 811091810 209731735 554098037 302232133 326905336 714893770 932800939 664857496 909329699
10 8
598309571 10468352 406580273 448695749 392358478 743080685 273802716 175360734 478330411 7571860
11 5
920796344 718485989 56755970 222105500 767685797 344574149 602638472 350159424 806574767 961346923 517660828
12 10
829470628 275655404 413481743 161429622 61789916 878410064 553936968 980999819 115364368 645809144 806104239 806802770
9 5
665917911 41356715 263568159 308190570 886359581 677669274 76545800 592437050 41031661
14 8
251380559 632922276 757345883 475107790 275885170 513993439 924238511 970867213 664655971 26584467 198036516 661092556 577840650 531648977
8 4
199691950 228927884 97093241 553853357 747917958 987322220 133890386 446088574
5 2
132374220 213936347 11695079 579414627 528764840
16 11
773814463 45422070 111494807 879485700 595853220 765412224 904806979 172104349 777037848 320599384 292017720 996980812 641590825 415086175 408035764 562964727
13 1
675033361 557208519 449239232 41127208 769541062 31561000 107368887 933856227 385639229 397379128 756683702 279639949 391660752
20 10
19407293 569676883 99293869 580693853 173580381 433490642 547372050 78169325 286770170 538639065 333319418 474066709 228782344 100833180 555889208 887964380 666637692 4262373 531067587 956493003
7 2
914508097 897285453 235852138 372450228 701809806 185267056 773072764
9 2
985577243 435170258 778315249 991701848 965219944 46043706 656779286 244941939 920468462
1 1
173476497
14 8
25578729 798908197 500509169 980700524 625999920 77125740 488022847 536257256 437494689 364368922 138223136 218686253 937013434 251189999
6 5
438375622 474568238 355022131 596160660 34809251 596880228
9 9
747393698 978401605 478665374 168985223 759700714 687198528 214283034 651082690 484686739
3 2
333458467 250393830 415810683
11 8
214944625 785721470 787058991 187780751 628105441 791707660 376336113 537948224 270195014 147845147 528459689
17 14
152177617 474034876 380908099 964949811 908642781 629188568 945831433 785164123 596694753 9275803 959754580 347948521 327839084 855274870 886680131 925127265 204556241
9 7
203831043 580029380 542656361 801598198 542645337 767387069 295508383 864102290 525999669
10 5
782199285 247758441 235589599 172574657 320097735 904191075 577127649 832012653 369377936 153980623
17 9
961095822 511768637 352950604 328965807 544482568 942458781 610192983 760100025 776033896 512108482 749793859 155713113 73405649 194373574 470828409 933493300 496743137
8 7
586338933 365019697 955430648 54888160 302463232 566712941 817613601 468445703
4 2
282196288 693382744 724831834 115967833
7 7
151596605 769989252 500248457 413148640 595621194 693363118 806337599
3 3
996562372 559137369 82399186
5 5
143911403 98369783 820172997 851602437 722806087
4 1
374996670 582655067 952811403 869327170
7 4
455841746 134681673 747848702 99328882 953706697 32429905 132369083
14 8
223284540 196824896 757165410 458819964 909710805 737128452 210644650 348221700 904414864 408130979 700970109 925446181 463069516 969030731
9 6
378191938 37860027 403649198 356975956 607711762 851719802 961759609 839860651 485494920
4 3
504083386 424432589 292836046 526343091
19 1
197920478 725892469 180541593 880916960 413861315 705062959 783659714 23143545 552284792 97106548 346767904 747154945 619070277 631586298 362354936 412930219 595878707 569470594 513699341
15 12
224294099 182918283 803438416 820986136 84347658 502231681 800364847 255771519 177827977 337054707 369965504 53915925 141094966 696867785 468296746
19 19
105164041 91581012 444182495 504292058 226432070 612314527 884123260 534530479 943583702 604190430 916750837 553162296 380974620 11826595 437693864 562681795 614619712 962161115 39685764
20 18
547498102 143914641 384462985 332127875 781573004 375832486 601808570 781577297 995479612 19049123 568732369 865018073 374599718 667282939 300034632 501133707 874935918 339114026 952187465 228041172
9 6
286116027 316225196 541664790 658933451 558791720 792898774 504534583 611317429 171563058
12 12
725377608 331833929 907229371 233468728 903019634 547434545 806261035 751186972 375133642 314958353 435198087 39977342
2 2
762079167 940600576
12 7
774190044 507300450 395739928 394241026 914556839 898518680 810310270 834557361 383312524 93061313 653163036 406345962
18 10
581153217 328528209 706324960 930569230 462833760 58424859 997214035 903166575 991697406 284818220 147985378 333610041 436661200 46246207 186621798 148070981 552101725 457320290
4 1
569195805 627331509 665300484 597738555
7 1
23234100 337751748 262230396 693459401 616133615 367871538 317578752
5 1
215832129 406101177 800471341 492737679 887431793
19 11
459044068 230834724 714913514 614071208 970253035 934521693 712126444 69649000 565504196 454713610 216065515 963986550 122688079 671870479 541554953 635356312 966603799 333897881 709426802
12 9
98582863 279471186 615340137 884160309 667086253 530019709 184798210 276417641 48765004 594351357 963226794 834082377
12 12
292249692 324832993 980586389 903867002 963461214 104222959 636438162 658944497 832860797 814840726 341285685 219933922
13 4
576270003 355664483 820069818 331888697 720234210 478447230 844059630 599120344 202424057 83958880 14909812 836908427 232823136
17 17
240371429 476106114 686178287 567085301 488582198 962533168 106125538 75226035 457790342 390662792 986533770 47692013 736314604 88287085 619899967 47704966 19889413
4 3
710508863 492445358 94559808 832615126
13 5
789115648 298502430 890708455 603192712 453881425 132673890 757972008 971213363 807089166 542138740 670283478 335958063 242230962
19 12
927898351 810652760 787886847 415810470 382134524 495174890 138647641 348131657 603369226 815185432 565620221 774215643 598567256 426093180 43493100 776292447 188704867 847982896 763036144
5 1
455611176 877839637 2370826 280123862 732964444
18 9
470386900 276340701 231082326 862181695 168613760 307293791 272779031 939030676 211781877 189219313 369950242 368146429 977364345 991989506 582549286 455159424 76466822 577658502
6 2
472902301 996873509 898914856 138296720 911147925 464694016
13 12
164956015 210701576 6757135 490725775 754066995 683631906 348892107 171602410 723545102 299191330 980927005 900821273 857340060
6 5
391270750 132598736 205227783 968623146 917100071 748144531
11 1
185999980 610154370 707317088 590116941 614720283 512778375 325641012 482449114 513186192 765949539 330568119
15 7
530986146 924769415 689998384 719988009 444938910 612296921 793883594 794761482 828820332 414026693 433390569 906183696 672536797 361413850 139286497
13 9
682843159 649426299 684847476 588482650 450391020 694093780 881134618 364146357 891681133 741502185 818756951 392170534 522523564
16 8
493447299 250960337 671630922 813079228 275922868 836009788 494917337 760370712 881835292 82982170 913314604 873336414 434874 763906668 91071053 494637359
4 2
372689900 183667473 335857342 306636121
8 1
266225302 473399383 533786779 184435077 989888211 841690277 466031551 301271800
4 4
11938345 842213519 477261360 293293247
6 5
720346912 291069352 926021306 311988313 333653684 549480982
3 1
318198316 218466162 757196419
7 5
920375463 472612310 704035123 990987394 18709720 821124696 277504963
4 2
154649057 376125274 417321148 454511033
14 3
908313130 784788263 336394848 429644601 11040679 357255514 863177101 279225371 131347804 826549961 192861446 756331341 279557363 308448755
17 1
113607175 220943283 928965694 418563598 422945228 501287032 142922189 70944791 739599582 163311668 192350553 891066196 878579941 282157424 824256596 528290318 971123963
12 6
831305765 4061436 72773012 967650057 53013841 504031968 360243739 569243388 286421135 763303660 196790179 547751149
2 2
516490817 36740587
8 4
292316616 558679015 27290936 449277840 958968566 9338037 469712292 679014877
14 7
853945041 480456107 509611943 470614526 951783153 837314298 854013970 312914174 365530194 509725345 268825590 701175428 702515920 117135270
1 1
150099832
18 9
960613185 922853628 625596957 651748998 238838513 804691615 110678177 460400131 214212016 93600436 643213853 259102804 22334821 680902801 111308248 80487727 717410300 933987143
1 1
293587934
12 9
584437771 935682462 616356013 34397733 205399164 130696753 874483317 794388232 530383987 376741111 183689390 958672426
15 9
835631213 486826688 81880782 266754799 558985369 789559558 898337960 691294805 33332476 852620037 927229210 593957424 700554778 521155255 257852255
20 13
748670522 942039577 912675252 348435628 770859732 142276479 34546424 473766978 451026221 896459435 230071967 659882565 765685240 13324807 604615421 757250692 228379315 508802607 934591449 734658399
20 3
869149402 453165981 144229930 411486349 370993674 245439232 243711685 734112290 581233671 665446802 806241178 220524891 533574824 39028698 635737365 276580 703636641 136057612 932684806 972068570
5 4
927441797 826324904 829022437 815366311 171834603
16 10
472622023 384830728 643989720 818553941 389666425 665682018 109137677 313393503 204692732 90282603 671665209 788396747 301264410 449892797 732541919 967560254
5 1
987734042 674996291 217268823 394415929 137622455
3 3
724300138 419234457 672265099
9 8
557297963 929752214 179442947 916387368 776007315 737929092 228944298 428421557 111441219
1 1
136333387
13 5
909102703 803715410 899049942 570723736 385067886 689968880 661458278 58442578 22572222 823420888 520909512 297563660 284369893
2 1
461080765 894625672
19 13
323154487 545666862 153511899 363249831 9149074 247322405 335724086 172028981 694634888 207266573 893304145 531509668 44007987 103165950 938618050 854292224 208149106 752745102 569552871
9 8
549764735 267960845 134303035 416909406 392687793 927860903 919885927 647987957 240895201
2 2
165428924 536789075
14 10
786071967 739362628 392606993 153080111 500827622 838606190 354954903 918884624 484681746 491872891 870581440 145737903 153106185 491210708
16 7
307689802 515429993 731542627 453153512 492942469 116430456 491761570 621738640 956349206 214684488 971988624 181698476 80328351 957789457 279366506 187519460
14 6
13677762 610248269 752224790 55968269 814216220 306192330 717412250 905794812 369101611 31236421 27032961 842601813 574417303 18465732
2 1
850195619 174932812
3 2
220922258 763547706 803490854
4 4
262587298 519961325 233090557 530581540
9 6
680807705 232896580 140441244 917602118 816525156 20344624 35370272 667241428 950477523
10 3
323390557 708899049 731571319 816438365 961618842 312868887 876867812 138136194 495389816 691172626
1 1
307298493
2 1
755891369 769406773
10 8
475583640 283687000 87227931 365114726 433734341 890067872 250707963 842879126 969482228 344859872
9 8
853350524 639554822 575990759 992446577 77735253 827729275 124165184 84586942 252554057
3 3
767660573 242227056 201594634
4 2
424182797 971752316 163161360 731189150
2 1
264682070 420600966
4 3
166751855 893384205 324443284 349566391
13 3
149755579 309459707 447853615 763533957 35429605 785687224 357260108 272181677 712815454 433551375 214655691 509135347 698552134
8 8
531188195 167875889 214495377 925828302 539136880 26792299 723476112 783267406
3 1
355899002 794690994 263527519
5 4
35729287 784912587 928074945 182877951 218107236
1 1
996809823
20 6
926073442 332369061 279001222 170838767 536175723 280332455 915719461 765494074 877688930 846175382 821742576 816592401 6172970 72887122 462504024 345038205 362197040 856297869 314832634 347778243
15 15
779294132 377777586 399554967 31991730 588720318 595113142 88560432 287451222 511730234 288705979 369363233 36774930 881500219 491281612 415304403
14 9
859734182 552301687 113056448 661956942 393607106 191110039 658935040 296825372 584364495 723294642 403726382 964319713 357618162 150734216
11 7
812224392 29361082 677792001 844832981 717406045 857519814 402057813 118961610 157187482 366683167 327774924
20 3
793359307 434304783 110629678 97561671 218443721 73574362 307075266 202661414 279828030 218143970 820414548 45155317 163742258 702625835 310639810 92376304 348385290 301984892 369566026 636868178
20 3
530593274 590023456 607505705 479508713 737542909 927539076 267255971 542751413 277067759 327947226 651003361 868492382 314039841 240526145 359974304 686968448 326233769 517813354 908218620 339768005
4 1
280550873 575447924 143995268 480932343
5 1
192098600 311938818 900639180 384647355 283799251
