38
19 12
603514349 363056940 973909858 251416941 770880807 201855663 813984409 498968698 809396405 780919156 159780734 817791119 160651597 753312365 341953297 955719364 98599247 944672789 139337362
1 1
525123349
2 2
163654456 990716573
9 6
287544537 93026288 963902731 696750010 669860304 214923626 538437424 640757593 819847770
3 2
182567126 851572499 814983867
3 3
10902553 86417831 107407404
4 4
620876400 992314603 942889586 969148750
7 1
38185274 522734871 313906676 175219487 151662684 900113573 199753194
4 2
928148095 501798985 144816252 295891459
11 9
297396059 491877907 620048940 521210661 852640320 484317720 774962962 44167800 89119805 814454012 18840658
1 1
889754651
3 1
549498506 697886386 142728033
12 7
410560806 137123853 773938300 347547208 80638165 664471080 288911735 283446660 297195786 618246758 605736219 699224770
17 12
28288233 833692116 533768016 151980767 737751887 876868411 759130498 861494753 762549154 401738891 458865010 372245399 422659815 695185430 412410523 11674606 132743821
9 8
264240765 632840540 442514055 785965833 377997348 804103054 805693456 340278586 519941347
19 9
449259481 971785657 521159072 158949171 329181838 586605183 868623171 651616917 589452308 89312779 177983181 941741456 472957614 689886528 440793112 569405856 935007671 690614424 919479200
13 11
980827028 58411721 914628778 688310316 911989683 868713761 864172482 598085949 789084846 344663315 713980159 267750191 878901582
9 2
304367393 989875583 707964510 638638587 542933450 931348648 781229985 683899236 285997114
4 4
226939 386770322 162332717 50222257
12 11
418456976 127017771 877335210 364890395 946137325 55795588 540419555 437092434 725777257 514994683 815978942 500706086
20 17
989209921 244412135 350675354 186975810 269877060 25662912 145310990 441688073 166814080 677420121 70796229 383583842 289216059 19683453 183100091 224357048 30496231 699951281 126625584 650823524
5 4
271263404 401492424 940856716 245566295 443206176
6 6
477613141 900605665 737239677 698539315 496626183 375238072
11 10
264396859 389020706 757135936 500990382 446264935 817995175 610172444 231065340 563870052 834628010 914851787
18 8
763670925 511803762 598411577 162510541 83084294 998234763 316033655 687655213 153795508 295185568 72479130 354540779 188946784 297414872 304331005 961122726 359835654 563171134
12 10
650421909 945844925 490609444 167762672 911868881 631886635 953450535 424598871 376303513 231147074 295129279 846669531
18 11
872752754 518778866 584923010 860310119 998044244 889929845 193887194 171639634 542231809 429475197 970686909 521285026 601029038 469552426 842579579 305432370 683546901 60837969
3 1
181154233 470913996 573866443
11 10
155395196 931457943 669531963 962243338 469838535 386037051 869185830 18584713 240722016 942820202 451213901
10 1
199608279 674803015 393090610 837236745 123517871 59899105 720711560 349761479 555419707 979524268
8 3
700350526 616256349 187008593 749781447 282588162 447689256 58529745 533464785
10 5
292203530 840927102 402674921 954442278 839205917 396459430 793151710 523194647 800427506 894123986
2 1
355765685 120982252
19 1
200649486 739623268 948628864 570878028 951781791 957435687 337065044 8131639 128658039 731245403 907509614 457747617 17343606 411199652 96263666 786105180 329697654 308935534 960558039
15 8
732747910 915236949 881704870 129405056 750726329 249324277 529311822 701268101 179149343 30566506 499874756 963649404 991778638 893834151 518998449
10 3
763159453 265092921 565315031 962808758 257570586 57631033 442840591 460871503 395536463 644027201
8 4
719366499 311672946 47735842 275529541 958414050 38047411 129256152 279339165
4 3
298574210 577603874 754903259 276437925
