177
5 3
870407010 339923846 512557461 490912460 512850076
6 2
55365577 725325759 910439479 784531536 467776912 855770973
17 12
579721732 439599906 904780573 863284713 274617008 731037049 697870357 602711909 6962491 362163648 358293023 700913288 690612065 400423338 209633222 940973043 483401326
7 3
975494324 14377301 783419597 90507827 906748008 526839945 119790372
8 6
133948417 906161865 563708221 331545825 851808871 597513222 5248610 451670021
2 1
304266628 982400220
3 3
961825561 529563033 932330495
18 10
430431271 158727019 510350400 4801174 304410494 502768967 934314106 146822487 780073416 854073820 277475125 538278836 735153631 711342913 947946834 298290614 846747138 434594168
19 4
120624369 477212417 170534080 441986726 1448070 25474679 848308855 187213308 653360214 600239636 141416030 851700425 997397789 928312717 200636279 239965743 961285552 203709166 306890503
18 4
350925446 481144049 10262156 644243439 798897735 752641185 790776377 698700387 787820172 735978039 357134390 176830590 771366076 145665716 311177204 91616558 583877939 548425170
17 7
491758656 89416196 357655240 42704263 32887022 704326086 320027198 163350020 820547034 67696308 607005618 836991353 443721897 677367263 639407421 583638212 679858075
9 9
376740615 455968602 889161262 863548511 373893949 474220817 788933338 164064989 206510401
1 1
169788490
1 1
904208436
3 2
867102591 202005323 59837778
20 10
282268 402011762 278166869 916455140 787126196 800444410 979446014 615869133 653793182 238308613 95492513 773331044 356745023 30687949 720530189 667322706 485710270 634362654 56261428 33332967
19 14
983465792 280056643 179178583 75351180 698715573 387880979 636471922 825095612 15265742 710345497 768111569 918688164 877827885 705010182 950665680 819373696 289452126 897227950 705360695
19 12
127609292 932004905 778170552 215429212 24090688 106523023 318778092 724497258 449513702 36217211 929582682 284914260 293576497 781203384 110651263 870296504 694601708 864572991 285088242
14 6
635455803 12067818 155407924 217756394 402987413 566681535 131177173 598319553 869475889 614000404 153649611 229451220 867488740 613152027
4 4
71744570 686721110 777367235 268980410
8 7
842995370 115739614 367257611 504046356 976353326 232027731 442187053 816576933
17 1
179735133 669059604 490295155 912195581 472702920 62940122 915005849 68821728 176228742 282617624 107058393 277579562 987797902 419541872 609234747 844647967 354849316
2 1
792547762 726004198
15 3
345403118 890219820 872732847 933114666 8153645 585329020 348915128 9234547 496193693 612207089 699325870 192635516 334130968 877098477 130830761
14 3
925845666 473345167 19360009 185963586 102814165 786539338 127686891 754227251 892311298 10596797 997149717 187799196 790156709 599742438
11 8
504234405 201825400 336353126 553937918 472007758 125206797 325376484 339910852 852321375 868861927 963989133
11 5
407308039 483525497 381684541 507533559 301276442 225673395 437075617 16673432 537154407 419997817 949934376
17 1
129594628 652726204 485448804 642933510 525304304 751441404 306856727 861438868 505088570 393050742 131193722 54074977 838372436 953381049 575227733 771247227 977014290
8 3
64227479 301900959 556529128 462664156 695675090 17983263 507242937 332571559
4 4
719066582 961977825 122921203 711923637
7 2
127360305 456560718 880882398 791636104 987876616 193004267 428015141
12 12
546875820 690145932 684153043 191440303 618335871 504466239 938786543 217559139 876920196 451469376 504562354 526074943
12 9
847672128 352160842 556780148 708562336 220004317 284273065 976499170 397474920 334692312 822088767 602988239 637016289
2 1
13124594 552247230
4 1
688316235 237109205 391933959 475183612
19 13
217818907 206846640 630351501 230675426 339320671 152954199 637824811 25555259 845725651 910999728 397170416 795033125 967956583 842470377 928351392 862516272 271987355 137519124 327916256
1 1
158821052
9 9
902957297 543580640 997669492 611964918 652136740 941399998 444736122 295260014 466299458
18 4
787428120 552026841 624272919 58524330 428087405 580369069 611479601 43670951 620290692 552922362 975641788 747749430 827829326 233945382 835700280 466919773 223936898 649570849
12 12
179520363 534655201 369702719 362323206 680007679 749670792 663820195 735315380 85041971 943373178 669003054 542428900
19 12
498194865 775295757 802586086 322837541 222296591 978754890 848716401 965881024 951873037 881039465 982997176 474637922 238725882 836818191 940843445 892625351 325468222 610578070 529305278
4 4
765161266 737283754 762803035 906114439
20 5
876393465 488284046 648908637 844867344 828230989 910572947 848177930 34933490 987136549 541038635 763743239 513712837 718243945 587196121 217877354 432135583 983695383 658494074 926635635 262088706
14 3
973606614 97939244 696588897 753215626 862564069 187413777 967441050 299510020 362198394 585949560 405040444 501436299 483211040 178951045
7 6
303814163 815075418 144651155 719103730 386363079 156366790 948157287
16 8
970690602 740905231 539898728 188938365 378581189 611413164 560443089 454890514 929592517 752322569 980788498 938645090 536834402 786214434 867022534 338057553
13 6
943703611 922832456 648038991 700258943 717900937 481613309 916803573 377528643 335793867 3043284 710449498 334979243 705546182
16 14
697082648 96836360 915183339 857070119 948181162 65251367 984966535 613184762 69659175 673435314 894363150 400033764 664392102 317622583 410734297 942779457
19 1
972121573 608027352 704638127 803323595 903731391 518561763 346369277 810919007 736480747 248685234 485333340 663915563 83132761 690866922 536772649 25521176 391473788 706273691 613077310
2 1
747476322 1620570
16 11
137422705 119495210 56212679 860088023 608527045 601596902 640182078 672804680 360695204 838743270 346622219 970463707 13860241 149177135 534515412 887707628
10 5
435111934 183099345 688851782 356130025 695797389 302812520 563345642 357539080 277284341 796972981
1 1
420682081
9 6
843122763 51583518 43947959 827090311 251079577 634293529 75233298 604585858 838720492
3 2
703102709 689631163 515716909
14 5
957334883 707868605 755934142 459259049 9365926 402460372 559990474 923764878 246770712 977193262 454464793 188830673 128342315 869858769
19 12
219169951 203646356 322602174 569059255 882466555 884533051 762510777 68818416 408900301 513545478 472624012 588202487 63868711 100996473 164327715 493524832 230824130 405727141 991325123
4 1
598055054 21841169 909499829 663966888
2 2
856433733 377969448
18 1
442847813 197433581 926534857 578771863 524777909 608105309 11309594 707990405 496171401 246422053 803872788 296553274 311219637 695571592 5047925 210072821 810769487 816896704
7 6
236676449 24061799 856371890 798039489 934488854 338548497 863963037
8 1
843081178 470532024 468076516 843123303 687942433 152753751 406714723 357796925
9 5
165283905 256165113 465424471 805166555 355377115 848292819 236292071 899827134 653433109
9 6
933012837 369990211 959769888 548986907 642145550 972981553 877398640 361245606 249009273
5 1
520701747 547002801 191744286 870001945 209765424
2 1
381750629 734172061
17 2
66352248 534988230 806105133 946927607 382521464 97275850 708177786 977863973 239336538 252631671 956226605 303991640 221863093 177749156 398495892 133990653 415621588
2 2
150016804 897578900
14 14
451922349 95025468 668008734 569803223 661635422 628960720 550308412 154139079 93083895 164614869 159370627 553451856 526585462 591205868
11 10
800839330 418245215 914211135 583144278 417822085 722121541 850844818 102869573 986057139 776505587 712685201
18 1
578341833 685172358 706974033 82125661 2544809 196679827 954154361 605126333 726432219 733550048 502652877 534855485 245093981 765300109 536390191 309846369 288995853 633575542
6 3
478150655 789378886 50824535 728894060 694094602 430305828
4 3
523513087 73657173 240389921 38641713
6 6
484897135 47395963 308909399 283323194 340957379 227182671
10 2
932635616 777348239 83467243 456793305 210685470 235972317 19870796 690625280 224491422 835157118
4 3
111636967 811168171 601925592 865040951
3 3
606629333 632380086 60449202
19 16
355398669 349215852 128451647 734596042 196621500 838774974 243524507 570262970 218498818 457917632 313741806 358621758 618845476 594367319 295252190 109246218 224625801 890544606 265355874
1 1
278880367
18 14
511177018 668997862 591500803 87689506 400875332 375871880 731477790 525324491 679863131 275415753 145239081 852428662 236647083 67058950 298689148 257980436 911638516 596587931
2 2
621025606 429139049
19 15
472688395 225764474 717091460 527954103 119307144 298448707 478911830 202517352 19697060 305259306 791408300 998701634 278901374 649729246 838553049 573932270 980281396 270350639 279987928
19 2
678298906 875106283 231928506 46836287 530201422 58324346 52659179 943530307 249474103 812543032 241940819 379755927 784131480 231679360 844196339 791512152 450848727 237730568 490194835
17 16
76847877 145816382 440881710 235735504 393508127 422256956 893646765 795401737 628889367 297791469 435734075 544597732 458323466 459342882 939496860 930645451 960023835
4 4
752836196 189604784 816710103 768211497
19 16
140872203 633820918 831558036 408035909 482853004 626905358 496286725 648197860 902929112 588956404 94375189 591326289 753313820 166315823 171873919 95499097 252015146 442713582 357310690
17 1
456318766 946282857 772833253 522384107 945424186 488695785 83875700 39555865 66513873 766928013 95979130 698794962 505135306 159601284 738018648 248861434 178993379
13 11
282603619 968400777 491975080 496369659 69364964 949966984 980278196 493027258 475101249 441478238 333039059 627881500 493069422
14 3
274563414 384427491 325557957 679253663 100105172 116227895 794547376 136605976 132580879 334134710 375919021 445777432 963836398 16896976
19 10
716963457 424705666 343876350 7669082 843579958 600092947 616479638 923813127 115736544 826202305 371817531 131638493 280989645 833853820 378528252 658355307 296366865 422053228 756743225
16 14
442901140 177343608 296805195 499225035 442192122 794128012 826807093 789101773 381685468 737472801 873515745 859745687 621551239 851200716 152999801 63651049
2 2
548513034 341726990
9 1
226779494 273871037 957637644 356675773 525356270 203838668 289434171 336781113 651922326
17 5
591367599 559117522 242084600 883521778 176985841 805210275 826352549 221680871 67201413 476164262 399057140 125322453 57908239 235213430 443274927 567067289 155871680
16 11
253040182 869872722 177135812 486645682 579608171 650008345 779866529 6984994 641650307 672005889 85152800 726052095 445861533 367626274 555444516 951291078
11 4
895861533 456946866 334798329 755719781 878967405 988990748 573178415 414205182 198842381 855237653 185189546
18 18
48892128 356092197 853728289 857215329 193635861 378116238 612040074 237828156 64515035 951144247 468003173 220751617 468079518 445219201 166620610 405081309 433440157 242591060
2 2
63105293 159350239
8 8
973581413 99642590 474706910 8090162 244873025 695895188 919710409 120355251
8 2
353665253 597763701 597112746 162080734 675367978 640297282 303384008 20568127
17 10
230894437 162670343 577873932 540578430 813698010 442972321 424792429 750876079 49391313 900483139 335023008 761378533 528925783 122509987 758157772 365109234 863151670
5 4
491865543 267322737 453026767 395877321 582514110
14 14
167833026 452146876 160083323 137179354 955004102 536092842 875313436 419792972 541212029 624593285 810418933 709983838 771896512 138490980
12 3
112385851 500198756 79812297 827492037 985310677 341565449 36431544 200859948 854651504 925507550 973397081 594571758
10 8
684456086 777583056 40188218 358258902 583040833 384822304 812142412 847574242 174293813 985354606
6 3
404997791 770153987 145594736 397782202 278091931 313236668
13 10
403503455 741190070 187490399 91938957 611340307 441142085 239449703 226903371 57929090 797533748 394048894 518811479 755496686
12 1
246205003 598953256 515755222 64761548 317092740 52627252 576767394 710943762 209274105 577581191 508026547 462987316
5 1
506523941 504696577 53288773 158696914 106059236
17 5
951979317 822943410 748229687 865141100 137144596 653872004 709664856 754805042 709283736 261386696 995877387 423992483 724845674 647498187 248437877 339070400 806384296
13 9
255486374 30806896 727472701 9306205 781890515 981607285 901121093 751500931 410205897 266702504 412185928 834046959 828784366
1 1
91948079
1 1
651400526
20 9
460362790 74553359 25516746 1826108 414781942 317636694 812575269 511825001 527130570 333316720 242729005 499851249 371751954 624285992 756664907 541110236 330266607 485517349 396125572 345608423
13 11
56175077 583316410 668431807 614230608 247234213 391704015 719361503 800532961 764825623 553345306 175835560 474342718 629825293
15 12
419250049 323223826 244070911 515332460 28939438 528086867 745303242 972126388 375877220 644832776 288873623 329033498 947218342 489892134 737764786
15 3
737777751 976370511 669554241 469933108 868420273 273831658 141263735 580432500 204388092 464876631 831286845 100658832 818918718 609599988 693420411
20 9
227628829 983617314 449126081 58849572 787006183 620354826 271810246 112895753 546112096 379068287 325552762 395131937 515822910 930212592 320760256 570362909 652182199 948379653 574466179 143732480
11 9
287141640 836887496 923557526 972252979 232362696 679551369 396238611 712044269 603218314 756918762 448320632
15 7
191883235 38905034 297219328 721540728 530272934 876196949 449864863 495054544 663807955 701565085 465242540 74831780 832534759 617222135 778059488
10 7
579669231 434518341 583977135 675751560 603890072 424545218 213473287 865722797 628445993 19489436
20 14
758393198 540339560 196528154 336575581 545078907 756069964 285601735 718591072 779571383 872892459 486559223 871216494 398877249 829194285 128584313 253002519 10830346 593521218 240834528 93904225
12 3
235108582 920043685 697422182 771844590 872010339 974797824 1697755 393255707 845945221 87846340 897024351 579393316
10 9
502269658 528772234 952024940 283504999 4869398 372386599 708106177 397524586 403090051 653020582
11 10
670882883 922260605 350363715 821592632 907637707 211941315 130665969 415289752 106102495 826511819 607407896
9 9
781545977 3601688 563452330 769261837 38100084 139341991 164527302 967018629 504133429
13 11
478113402 188289121 345012402 995977504 633384063 451707251 979458434 788259597 758243474 295117842 61051001 462597250 263557185
6 4
236681730 810344120 705135254 345760073 811244224 607504125
15 6
701796481 852232224 908914171 912794159 87161722 550990138 223684541 782900188 858533835 290051331 683590927 325568477 662956797 1318926 586074412
1 1
674419817
5 1
313494821 218215933 297439138 731549325 484162809
11 5
500310596 571670375 534199482 613986561 525737755 196556516 683848955 96090776 564587150 915398253 110916829
20 11
745121605 132746253 97429972 940191116 151085756 37478467 639770158 927148355 143673979 231996956 593179200 115224439 427745191 965990354 658586755 135754367 941107372 299912972 157881874 652503361
19 3
312274344 336261559 75510636 861858890 814066873 554281237 761255851 18919143 294558375 485935980 601392952 552805975 450847897 15382012 278515071 737645863 314882286 957218888 789673277
18 9
179109576 961854057 228115113 596645274 790407984 412434588 768354529 191311023 468025495 505117692 707547736 914596740 26095417 621293287 817551702 506836285 812106094 53739910
1 1
402790983
8 4
744656370 241802550 956232921 223424838 480004882 16773953 772943454 959832000
13 11
843076793 927317625 363087931 767961163 96334103 501972955 548534339 709189349 91261151 56230637 384820232 834026546 747983727
2 1
140560589 538100877
11 10
433576149 689348325 954739057 14110459 925486795 149637490 393854997 696242685 107771500 11804280 638230291
20 6
731817930 45985838 619571083 363072323 84213999 250511698 559299573 213786527 711668498 992151697 988456125 252972568 441444887 672042605 754011730 801357336 239984074 694675706 284070350 292965782
11 11
122423388 119278380 707209249 22220446 601110087 772721468 725462332 541619627 163122190 272972500 877165448
20 19
386486240 131953273 448768663 527369934 439569220 448942641 480408979 453844096 458225813 281698347 692697914 186520784 257055245 893282932 828732257 604760056 978874667 111492707 442416618 681021446
9 2
358718068 718291954 615671024 252261224 115271812 330487384 721007039 209852951 262351447
15 4
709540976 841820963 493104906 399723666 201532207 798341746 624684270 730983790 621520337 141734606 75540011 76393637 959399719 632756762 77382078
20 9
232342719 901580479 684307958 516211885 926611466 126624174 684098287 241483392 939698223 548560375 204522471 103408918 910030838 651246033 721383894 877446059 710590046 679229470 759445603 539333138
13 4
715427959 264067877 508024011 811145522 298965171 351281492 823231783 963095263 221139904 38211605 102469173 732359238 185630153
4 2
598511756 85024062 46979498 77018067
7 5
757548342 565535132 797447969 108660947 318659317 473422136 378329788
10 9
493696313 981058794 735252281 260582749 222340467 214565703 515305457 211247792 692159057 135728198
19 18
481868514 750061373 165391015 972793258 485845953 585593571 989352849 66731399 166152539 404325791 386856786 883046585 191002460 953089422 451087438 187279703 266200144 367890887 484992656
1 1
771293629
1 1
809424422
2 1
943897005 741143943
10 10
127572080 853776983 311604691 489576602 890034 5051967 338676505 7453745 167898881 752285199
16 1
524099729 660096883 613875671 728532810 862571961 257469136 746892137 936102816 304701401 781620454 373428890 373611130 607367718 579815259 356299030 949797828
3 3
239164331 174956313 863087799
3 1
81046611 446018785 163602934
13 7
927621145 726228520 467575435 951991046 850345123 688374161 476717740 626715893 75249886 804033693 875979068 75268579 301610425
16 3
127196756 133069798 816430858 177049334 841496979 250916600 412316449 655589415 191756803 687971483 652075202 42626817 811177039 278906838 671693316 949398330
7 7
607711698 116018405 558162560 674809715 87507220 242373750 859946201
12 11
651712352 119895 734817609 474018334 513969128 655406475 779033601 526511757 13329105 110089469 136345309 997778397
16 8
837212500 457432342 367643213 603988458 45657743 185377492 997648870 109050760 376603056 53071371 251082512 240596770 151696537 112749071 456599283 600125556
4 2
415252096 709074304 88407073 908447479
9 4
552454978 700614871 358897163 389909976 989954315 436457561 780229732 485833478 929130466
8 3
49134468 255049293 271189500 556234374 320247011 109480083 341659200 665548585
13 10
763340832 878792956 226779987 528705414 142200809 942593630 498293879 166800496 8050092 464895150 904311670 146788699 32184016
17 11
811487144 245938352 493820389 210824443 521347065 398610065 842497233 281931926 150137544 203042127 402523448 475163692 15322655 546893280 666745550 680287181 198810783
15 14
282969663 863154183 962313371 989541880 428761489 395114739 544240359 303990217 575416521 411657904 965257095 240163571 285407210 100846849 194651088
10 8
119191882 10192226 895967268 324361919 556630043 252280264 106342614 284351311 806661762 53026088
11 11
359993306 84380125 781147287 778002239 276163578 917363128 943712568 946706046 631769975 306994312 344121602
17 10
660409220 314175793 133839413 86855893 564588237 270109040 329542570 848518043 583531744 103276551 576762449 861251749 476626634 314440340 870696859 147519931 932968027
15 11
72648412 816037608 393803163 590805855 291427639 442436616 384437150 897229820 112193843 462320883 79821017 318133234 496546482 204244224 210619845
10 5
771207268 485116815 210242909 565126320 300207239 893921237 40642778 855220280 349905215 725833359
13 6
499421544 812423688 126894405 682416689 767553680 871338334 286414752 522509949 561957302 706587072 700689790 931583586 69448868
3 2
704607039 535023738 53609953
1 1
317944866
