155
9 1
870105323 905197666 706696140 299694398 31343606 993029515 193335985 553716224 363453275
17 6
282916255 851162624 743937734 64510148 433150537 516535318 453235470 624778835 775107568 186788385 379471769 394227230 276036966 370989031 423010943 100582848 172563150
2 2
554453613 872840245
15 11
165075917 373800547 971332722 479442725 156998146 233206256 632945605 803133694 6636268 356277452 844504290 219292659 559833068 247790527 698006053
13 13
980367325 239407678 899697070 272555438 613622145 275698119 473859125 476186231 577423780 187162872 860393781 516192434 22298537
6 2
508363572 449673160 754701898 109085157 980104737 609372030
5 4
853704061 773379704 233694813 450790666 723310926
11 6
825665936 284976856 184700522 566179711 14668144 755528849 551990854 393536973 14701391 822341872 876580125
19 4
23094065 225073120 346564514 629744514 762023634 753553907 909029079 260596023 919538971 82487079 504424108 38849396 156357434 229444981 127923546 381772737 810276268 9533407 732956519
12 7
27342141 645907663 532094988 725337209 134679753 914443163 55701052 111892155 916645251 589697754 699071895 625373060
3 1
190266247 498344566 316632144
19 3
482009063 539123929 899769246 458407364 400801504 984490507 164936446 63791332 715141013 554937512 775961475 701896019 603699466 674643497 976282071 505576627 84737943 912238235 882890048
9 1
845711313 447414809 534218204 920402741 593725479 851955519 626992090 511066179 721064803
11 2
678941461 35413937 219223475 612936739 759896379 790722687 969677105 928792990 860889292 48118476 130249538
12 1
104459677 817597306 353965289 929544714 142443585 930710169 324355573 709564930 31835 415677495 785919010 505692349
2 2
620472253 807388725
2 2
656672575 481119972
16 11
453201268 899907924 115334462 494845529 67659584 713542702 68816009 36262475 16333411 398015302 797948147 252195554 631216996 991931386 674608898 226411900
5 3
137640023 451349193 59351242 711494928 261397838
12 6
719893666 866337740 52415180 62763460 769230031 658851052 478071931 901130162 992066714 383530047 258607324 523863033
2 1
140723463 939897692
7 7
833129284 392457383 334437224 830393298 361098101 746952996 175347506
14 13
626943122 374456624 788185379 477870008 916829156 205200359 199109080 496738918 394995963 84403436 653255369 526138712 15656920 708361438
20 3
417473649 851422316 480143082 430230866 672114567 732678298 714477307 444622180 590330625 660156917 591822722 469203581 620848876 54615680 36271794 950039948 627967752 641383491 492389712 25763382
13 10
350106019 19539118 53705336 979981983 119473521 799215023 255422829 744460879 713565713 137203259 591171987 400221113 76892483
16 16
523622144 153486146 435511406 579722013 979890693 637712419 211843946 160209845 325153030 745806951 522052231 963865291 242673172 515300957 678885411 312312184
8 2
534846798 674155891 882765779 565453616 491700233 567428930 299234349 7815221
19 19
553563687 852293713 804786201 977865123 575227904 845313621 213184766 633768478 968274492 434842195 151517831 233767899 629017052 168364048 211693169 846460851 979612460 231093503 194491888
3 3
330846415 260411001 767891223
4 1
815111418 337506553 201359258 248814093
16 16
716571110 729409524 825652303 456996480 583046229 41599292 955413326 91954888 574654517 975828331 130929990 613070472 240701924 463574078 976365452 463275072
3 3
519066447 68602510 618514005
19 11
157444739 884990861 317310518 408381021 752454204 754339035 725424137 331697549 370436487 225061349 579790333 985580493 665612696 789891836 723059381 953448908 912180472 595170578 767504069
17 13
548480785 228170391 31061028 379945738 161229269 980810940 746295807 907702943 530420128 940031605 444035921 186537264 52974085 465792821 914990431 512794631 505533183
13 12
222929684 864835475 910226651 412996295 178682624 799262975 840175244 455152104 922699544 919556044 379319880 254576182 5166091
1 1
795983398
9 6
675582668 35760815 397890126 44915507 699451778 328511973 951453705 834914197 804873853
19 18
669707935 582399854 246724136 835071699 686908258 302874469 134868420 159354940 871911452 857479927 102207856 918687045 884834237 270294544 754644295 662524381 991398857 111032934 789316738
1 1
158121349
9 8
341498996 384565002 354238472 92741706 846230077 193784787 160244408 877265047 735260582
5 4
209556009 194504403 884561697 135402181 460783125
13 12
691179636 485048482 106262262 722008556 948374856 471212021 477854320 907430980 551788188 60766279 504389298 11690309 436139071
15 13
255710666 2731136 429793005 689461184 297252457 326415233 594511020 959186800 139150854 905469906 709667486 514991238 349839367 136334932 829000965
9 1
261619561 449148243 816863133 431359274 456627368 902453304 280931596 140758666 479999783
9 3
404561652 117952889 230561622 278230285 563530336 819670666 407474696 553498736 575069711
8 7
715022695 235280025 829788304 137154200 948888524 533951674 918512655 705870318
18 18
954043752 62129987 441322731 2098375 748736054 752617806 508263278 744912639 793853878 257557968 312114479 950412053 62927163 800442314 101254078 85772236 760856351 537600962
10 5
571114837 283289486 829312184 131590091 282611536 341129067 476330284 392632325 346152480 926061597
20 18
614530663 993689730 193419809 789795871 2434279 458308233 175103395 272700532 155604889 215292426 301124603 734094004 645960617 276089013 16848596 3569147 766820501 828585651 680127525 881803782
2 2
469185243 997213205
6 1
200484149 319876899 568237388 753698376 491494272 570667278
8 4
625294458 437837544 317702042 995720821 609801413 505736582 781417285 972333789
20 10
355426727 17274439 346391653 262157078 537700419 181368808 869896398 82414979 986925571 364298633 30142154 404465718 462281426 763652924 624069294 829612045 490983115 333917476 531561403 26263322
1 1
191133905
2 2
249804722 482799801
15 4
700278480 560704052 618299540 880875144 33224092 235922324 828596782 23117651 919193490 280253153 364281905 874000807 22730196 817554253 376692290
10 3
885252202 948198610 389387728 157493807 395647836 293231202 670782751 665401957 349790695 92153893
10 6
960868019 31221033 931378358 477595717 901299980 859221385 66854815 867221153 433801588 146331741
1 1
630621676
9 6
431397609 212030635 531999292 315897478 242376169 493205456 370555757 846546137 436410070
15 15
872731590 974717238 244065807 760677613 939264932 427613186 92748580 980694468 792147858 441656459 998875108 734332339 67601170 867904477 862873611
5 5
15577585 820648355 963698712 581515296 562375867
17 15
651607493 394069198 855228480 752151597 467171019 594379908 291890028 697926041 464087297 744973065 107644774 353253690 620412375 943562183 806890178 782372135 352365873
5 3
227847566 986380755 20413747 77071835 911298287
13 2
639682897 647750433 971098886 240324936 371998606 204416349 827981814 327997517 111380064 568357513 741980888 652642799 618597431
1 1
196584734
4 2
327325952 113205630 360593950 452233887
15 15
676873661 15268516 926724817 687567236 371130436 283095928 675580798 145323605 80020376 396410942 998236905 575352227 960912339 46528793 761008753
14 3
418603896 773934682 930149403 4172729 370445395 330378733 928638871 26025850 667770755 875540306 571355540 514890846 789679357 765556952
1 1
481692757
18 12
768626310 783891448 921135686 117623125 958778286 939691897 400083208 67657031 466036584 760391942 525597227 796474812 258012418 983441624 591520396 657215989 72271554 13690317
4 4
771090650 467769078 155474901 688445019
16 6
603759722 667606111 66992055 294895538 152078457 48267283 468262664 545825465 278653152 436019 685152413 311998190 779777892 142928434 193956804 450418197
8 7
250340423 555548789 548757178 649286088 608144329 478942446 131673101 63110936
19 16
289536746 656168906 804874053 852128186 552412101 274964389 365526605 143842902 896855274 714740990 464021019 873347669 200848248 879309525 795078151 318633154 625956789 144344349 813987724
16 14
818855940 193521993 195724135 319222282 486548071 118648895 307744782 662969610 56659023 77317259 247386836 454265028 306875457 67917199 896080813 643959121
9 7
427746402 758354720 593867983 798343727 527169955 876897410 880073919 302541372 643472547
10 10
639806990 907194463 458135743 869312602 140628434 678826466 926832428 729220383 843518776 32780502
11 8
413278030 680952466 275902903 697005324 374834262 816757855 146949527 427630954 424009766 399570672 641144036
4 2
822059290 489938232 349253822 779945122
3 3
150613807 506767917 471231097
11 2
16764856 566172174 948434769 159208007 717331340 505293193 867300390 548372790 242414955 709428668 781880424
13 4
781846985 434433291 751332782 591850556 323786775 634209104 312554646 196224970 391483359 505641631 455587485 384704854 255544395
13 6
920210053 341892514 876397966 660109698 872274045 277479295 380803528 365232228 213882858 411304095 137497459 716320268 418526529
10 4
560031302 874166199 412571560 188481724 866032443 999236521 865460994 987708381 228583948 825879962
8 1
894728295 222892884 865950746 1882565 119315614 711176761 560058427 735927963
16 11
449668610 338818462 364000817 654228626 270625245 802208035 105009057 972755195 544358675 762751617 136966718 366612869 516281734 423461923 486431213 569409781
19 4
480281673 642916993 653534931 494047875 445889114 2667477 22879277 654061404 833502929 189055637 543889799 303222401 983807770 324117712 199589993 367017447 987685545 424484076 10826164
10 4
914636512 452265940 750390511 66457309 418997661 416257932 992384497 905515098 796537913 289397070
15 11
738224432 43803698 781206915 109239019 838119735 125439960 518011709 628494802 909227394 262281079 753072980 36726878 72745586 352492434 212687002
13 12
954995508 791817989 563830378 781847240 381380212 634508606 361521577 134323261 966239146 554497165 382522106 152330504 879634856
19 10
304377266 331521157 378454803 898977141 506860190 207376672 429184748 846989693 739991154 166985276 998843890 968501433 409366024 347246521 920581800 284029513 701914286 271592187 726465547
14 4
983382890 582340018 822297213 527614992 642853203 20280640 637011233 622476077 351418981 709080315 329959789 556574540 536031180 708369486
3 1
661855375 616928748 614715137
18 6
257823373 181018500 846067092 780803776 992339432 353940594 646805481 441261505 472145988 234761435 101434542 450979242 94810869 537472771 538361475 274986662 879439409 783386900
2 1
401910945 164826738
20 16
393638419 551875971 992745981 764574925 106543899 599476871 207919731 361474778 394227816 475731204 573489023 358077211 309691176 650602812 946256113 506263953 828562627 376058285 159203516 652071589
8 5
533633432 201391522 540724679 441142118 116026187 417469993 5552646 561611312
9 7
519391941 582651445 586139894 582200795 146281558 299334331 440392576 501375717 562346941
11 4
742109754 394709726 597113477 133630400 650910513 83798095 652302806 967158772 778154465 478696054 578606972
3 2
123442944 112831054 369433803
13 3
958568055 19814520 770688330 628261858 260014098 951288304 199946273 937767142 893665570 202995809 130323723 32360765 295017629
20 2
720892670 13103393 712052905 933095144 472433383 340431330 837202867 244516900 795296999 399050009 799137407 803232871 116243261 470109800 579844120 270872334 633678320 486897021 590582383 702008868
4 2
996236336 628925640 47788227 967873549
18 8
444130406 520389974 331560357 746773693 150549397 830800846 435011690 696301030 550413080 996588567 334860841 104701864 778920274 548976343 199215611 627214172 378148912 587651765
11 10
221195078 502389287 966609940 490770622 859252858 425019103 632319052 735651624 97044140 282761182 391083885
13 9
111839174 780876773 216565584 977630466 472646604 756688883 542284706 375961775 694983680 131915712 911860583 364175879 208333618
6 3
878671079 922949135 943838021 82963557 970441897 698707605
5 1
320331069 940965030 774885079 168906791 407701626
4 4
685570227 651027595 790218010 679597063
1 1
301413822
3 1
995988983 521374031 111869217
15 15
492145057 299398279 876651235 900905913 131231743 59255254 586095568 21080492 303048686 600217362 235524360 386409899 764707981 73751556 936535300
11 7
358442952 819598109 931404603 340351456 437690501 519936908 584196722 679330455 307514433 206844979 98753517
3 2
962210655 869345730 106803573
13 8
957654827 286569228 507932124 468761344 2656236 532171339 686188527 985659578 205778078 448858069 575826172 861456674 493049919
17 13
537579783 483484172 350960002 70803241 958637728 549166744 710126691 330392506 321742553 815476575 356739019 830484856 987729460 941965554 440292575 222592203 649837934
9 6
284637057 246694401 94013308 920958259 438689829 740063557 118473019 440339316 511268657
16 3
189231895 953161595 683958760 503995410 400767942 637952188 875392176 536730777 528229597 337159390 247508803 491020486 88605710 395474528 203946707 258993816
16 16
649865545 670538740 227901918 249301943 506156985 244647593 684360355 174209208 204531056 274641603 200188787 940111824 388552088 923915108 400684612 572901252
4 1
412004878 729518446 448571185 721514641
6 4
144150455 959284565 851352286 605891974 724507047 335920490
15 9
278767791 616586908 132686224 304144796 382058586 499865140 494272909 32798183 385672506 134328099 269150813 971064803 875537070 98405316 565967127
18 18
689495919 972897510 225078989 289687703 986521976 722581623 491471831 592719487 328865876 163874497 315332328 838614252 228705487 903032919 82371107 34965060 980968063 685270514
11 6
158995087 215659855 480464183 420649001 838476580 646333345 104433291 968357043 789733454 80130854 933220412
1 1
393195348
4 2
549331999 158858541 651414071 979926447
11 1
197536877 934116238 41631494 27859018 757168504 383259262 720551710 87409167 512236910 598005755 348824594
10 5
53814010 142156582 571719836 443698823 635509155 172210846 932507357 564346008 922525658 159598862
19 3
202524459 69048947 559730032 488586138 955378620 342980275 966307761 826063982 561119454 266365519 131043869 105791720 906985996 492980939 499627574 918847349 17230131 719263944 99655676
7 1
731168998 744706365 845187914 66961255 195819945 740822210 160743295
14 1
257668653 326509654 519612173 714319822 252981920 754161799 588634092 191651188 129161060 881035482 994500607 80727542 895238041 821656454
1 1
381959971
17 13
369118019 941995924 187557000 408893506 725495136 62344085 664244346 699703080 336034630 900913104 637029504 424152091 580613243 809570560 566169689 102066789 186435944
10 4
40833771 558483046 578837234 20136203 590224020 121804145 96677068 960445370 167382440 888010699
9 9
806623913 505457788 249474727 868533739 872477972 276197428 925218114 714713131 301409948
15 12
191944627 670125969 958233842 740046175 418752126 282222615 461536300 424548618 54665392 315898756 94094869 795485812 67732195 389574646 864017298
15 1
430434403 453908242 829573400 938904384 707084617 927278752 331627120 131349744 361767199 621615542 138193234 999879647 861346253 568276209 882242691
14 8
977676790 103831621 333260111 334065963 585903160 37352776 570652037 946998743 708730150 954496672 859344806 496305171 449739490 519664254
8 1
564057651 623306239 393519009 143757143 198699826 714775255 838394323 711033550
17 2
601972453 573413417 951192835 11636771 522586898 820799421 108359902 996634170 284591572 317502343 311852296 933813296 839577558 428673750 202670846 729810971 813846553
2 1
908080039 954525985
6 1
52167755 833930674 644118083 22820305 24510578 4628056
19 10
527187192 145344446 811779897 841774663 177224780 954911788 757099287 63523242 187197862 724921361 208658385 24625455 668918327 804978595 529043848 660595567 914827369 341815050 477223973
19 11
767821450 469884658 49733146 526730470 902333074 862971360 709473290 873692184 321699913 987744502 430379588 163300771 964902195 674674418 75222626 267523674 221119909 237448648 613701550
19 9
885523145 730729668 189950184 367464564 201785162 370094795 220057316 77606260 615917736 58901336 771721414 76698558 971981206 777091057 176006386 288767409 801361811 337517621 408543302
7 6
355821078 377901998 886726310 631272568 615451519 528056233 187663786
20 14
422902665 475974531 88449923 843717047 987985833 872882193 401684174 672936983 107819073 283715893 311683577 849961019 271893337 676754363 129401749 117926582 270690226 546784538 302245710 863637808
14 11
174839152 712583610 909753365 61976436 902884832 944149937 812744670 661333790 157562606 291076662 374756945 656341163 572315768 936804139
5 5
546532251 699956614 60336361 207566087 342009204
3 3
985261783 859684735 362350585
12 12
503084837 939140406 726177997 787546936 566580711 518470374 789322253 44719294 248701031 672334027 597562 2758250
19 4
670547789 535860525 482426580 747199364 180799798 812273291 726104917 808106628 483700527 687423164 728431324 75477972 695953274 936552940 2592340 472813132 246577440 21341937 595344528
3 2
737853147 786001260 455156898
2 1
27356795 189767415
