186
9 2
875287569 270093720 576697979 58344808 587308101 86234733 148453947 469637617 354789181
1 1
891113326
18 8
542192462 475528761 595564619 326943947 978587902 353422777 656947979 525580783 255885280 293520729 203197762 608997248 29759172 74497030 122190225 49298405 90767177 90532542
17 11
342258915 39982955 153933736 401650534 236230064 982069202 506425697 378603090 766098578 518746087 515181537 684554970 657721679 473814158 512049150 742316870 43675623
16 9
463310843 192397678 779468005 216244201 288060165 890639143 708068655 83871625 907114723 484193488 874091952 432574892 641146880 801930168 177335703 957229732
5 5
574441660 954567839 344368561 773678351 243528279
16 12
516379724 469043214 174539066 759704481 817099144 963995482 446692740 802693985 746873579 875860785 60435824 134916038 459186655 408888058 348996740 866859100
7 7
585474531 128252107 505384635 554185949 246125614 376194643 954874807
2 1
882306694 779473986
7 3
183639526 939102115 726949794 65015763 336304578 519061991 594471434
8 1
999375578 875259114 900919036 882634944 817835482 576299729 691341061 908425797
18 6
696313709 393416249 614039616 869997616 332875780 286590577 281885112 507728259 383894784 597614241 180627868 19598392 801448051 670411821 307578826 881352582 414887388 398275096
3 3
799745848 139269859 694446151
11 9
150862327 761495407 204372822 506710626 240756375 64170958 284293307 551179923 864872754 844973005 531011716
12 11
999450369 433981452 343201861 177635229 219662986 738819440 955196213 106295353 491769425 755185381 878429356 359436166
15 12
350002125 139135338 845762508 860694926 383922070 552199697 688936496 713242316 450019104 333016583 177908468 422387361 582881017 578722477 639677403
8 8
797192887 999929338 14094508 103391787 618636341 458864318 508933625 893098170
8 1
778481975 18401010 963510600 668221158 878948021 566860206 737189150 599553978
7 4
902791292 937985716 651849149 575964637 464963660 974619952 139427916
16 5
136609974 952079362 395306735 117790461 38482553 821293377 968326635 580819802 761231070 626362084 481544887 964314307 619106564 528320850 811956986 705389256
14 4
128554665 147984471 842710476 830366923 926022010 978677492 952951680 244037450 315330210 32252737 463803963 175902949 170428496 398832826
15 11
877314294 994313332 782264289 715063630 276561023 607918087 63011408 512534698 181407741 927678918 465820814 544534400 428348904 974301390 614815538
18 17
887527440 135806431 651781654 131193695 257815604 1088598 598899810 382895953 579448670 987044694 992909217 738901987 739976808 494771676 482659279 175990685 577788525 582366491
20 11
170291567 893912336 774895844 974059902 212294597 479596672 374829 93295317 773245173 647724420 237920128 216869641 328741111 408211697 114319713 874318191 182063430 617985003 820786148 818337299
20 10
920755681 495318826 564379726 716814506 182010249 79459631 315973944 674358424 291481020 232617122 861147107 163047097 614816330 669078339 522294243 481958147 868290107 562825865 115274094 122665811
18 11
170965261 627557524 545152085 803332391 4856576 849137295 928984275 211808713 506857097 577670360 990809270 292095876 730986609 276121168 282784689 107802860 2525043 390779329
2 2
699121205 367017964
13 11
508244071 999326852 413394697 863114678 194314753 733285033 574106457 681637481 741256688 435369438 601269157 753404989 139933036
5 2
319822495 54800017 951077475 309090928 772638275
18 2
780639424 57502098 660001474 804120695 284074592 447556445 586932335 3122834 614657276 322291049 518309957 129031305 978664757 884302141 411861100 832531949 735898003 520699802
9 1
274386718 444642512 293934901 216072155 568089614 774680212 422403880 228014904 568027795
11 1
741080716 194277694 707424179 32511186 1703852 509480106 751121512 179450374 593632843 447875966 241422334
6 3
111014379 981376472 971713340 702454454 644591199 586939524
10 3
870657811 386763168 202807647 373791771 130636360 731903728 386445301 171288155 364404815 215558121
20 1
312364507 905805424 104165805 849672165 703494958 536531727 86655410 691150914 874431212 676875042 387433577 839785287 15240174 515954854 586160010 805074729 835711429 728473165 516423260 729670466
4 4
481575077 871327818 300132292 627900635
7 4
779449514 88100545 560333014 121029659 370881410 925558430 360594023
12 6
317881741 407352335 587387336 921779935 820533591 628231967 813552808 631520737 766352227 149690609 672036961 201914508
5 5
798627196 739016093 729598674 929814033 438842625
1 1
415917667
19 11
688455631 119478250 295544757 688734327 461764464 277707112 483915364 625787597 307654256 480422434 907151127 224506368 957078846 801636317 61250894 74045643 190740124 67633171 323803810
19 10
670631730 287902192 694451078 418001985 621859509 464564667 79787794 582348570 20622020 293360636 684514525 227589005 355202031 517020243 624389899 415010460 948045084 618317362 426853064
12 12
232200463 547946685 920696069 677707528 446482119 313410964 660167094 828517932 102657878 580629150 750845414 337111940
3 2
993429162 608146815 938855938
7 2
184459886 267539144 2075144 944401102 430997317 888243775 801245798
11 9
916996554 687891548 248810598 583818546 172224568 64559371 568075524 960264564 936459003 521685624 301588151
1 1
558008122
8 1
793011082 669126556 878522190 208828719 125099023 75880153 166491652 884727660
5 2
513135870 886979052 300369248 814664689 709509478
10 3
843480223 327586071 241026129 303653566 169958831 48440089 715899396 787524224 743555000 426662480
15 12
96997381 894739151 413184417 337067607 752923707 782974694 258002586 642757751 53460192 503889944 85275557 541922798 521813733 783547132 329097963
12 2
230507421 507382514 292408705 323529849 120831874 488549523 968734185 487547845 822059711 758515284 376556363 81557011
20 14
344329034 224847534 290044346 29400415 316638298 948316138 16051490 742438733 969939315 369001736 689370264 32513076 366152036 194791036 628037531 709110963 866178392 385308123 372798012 587060036
10 7
672736257 643206347 994389673 455734709 783586194 116216298 566789418 260310675 473585010 403379006
2 1
883257231 143286710
2 1
491101252 440264470
20 12
959584564 877978288 832911212 144493786 785632239 174227212 44479715 769031816 935325719 698456156 835729466 124105395 322972601 170726958 378454319 583602925 193814829 821111200 474160215 722464975
6 4
231530601 466890638 975913678 2828992 749505704 221466538
11 7
917593699 249604105 369466952 796533109 711866384 537666123 97441167 751576766 971584594 947667667 500288911
4 3
121272952 919797462 353336562 367843879
3 2
447875955 252411631 517890829
5 2
365212951 480052578 633474417 399095074 708210365
13 1
422458933 341604355 907032240 866753830 500610470 948344971 510180641 823569791 183993943 663847495 266507635 371592527 724388989
13 4
720847743 921845215 51857848 279125315 772532723 312324179 988475744 809924901 172573404 48574895 349970519 80130925 464889250
18 2
728445340 862786599 371271950 6882186 203909964 796893420 825453730 386085045 919929099 348905848 999289413 132557296 953184949 880092567 282683874 331357855 475981104 81762419
18 14
772993212 17696629 684039707 281684688 14367775 340224849 538146119 738983543 41981908 121164424 777707932 173863921 24884640 698415487 196925450 286216863 494724401 923564462
2 2
285314511 975021557
6 1
261976143 592897839 461657666 250750414 209421127 737275774
17 2
416819504 591174193 407896531 286460471 229445993 195792715 303804403 389069695 50356526 893219256 229739719 14706005 683695834 175989269 768759111 149322890 990175763
3 2
562508773 774263854 348768125
17 16
332906162 949319617 427060135 717990722 250781519 561611457 749638276 334429295 944936820 673355622 488506225 241367501 336218702 593224335 541807185 750406582 923823325
4 2
886723276 298177478 337445916 821374610
15 2
317504102 919519460 80832597 792740535 675002740 508380589 961148340 526315788 386417751 789474620 986028523 970051225 583296265 956193279 799947769
16 3
653046844 864127673 733309727 648088812 563212627 606081388 91689452 800911299 986634852 208672022 600363061 3639096 405187491 257397385 119908787 213579001
17 2
453613567 579421254 162089556 807025615 347220902 735201451 791572584 935726846 244673204 139116429 564110095 589815143 684126401 514421349 723488585 921090982 12096245
9 5
491192330 395791711 330986572 547424466 365348778 834377201 703292664 329911800 886035577
2 2
407952837 640619880
13 5
614798041 763517663 756622291 659819156 628951536 593790000 426856026 639539200 785183358 349754863 543056985 546847382 550773760
11 4
634305628 31693838 152557125 829388831 228333396 537018090 872991258 29584307 831079324 239911073 720029090
20 8
541927284 334566335 803632336 22104685 851762752 435769009 310828990 662610065 400195255 557721619 332116680 317550700 176003551 370180211 543185530 175821071 275092771 378394500 830110568 598800977
7 7
909107884 43943267 92708695 914008562 800385789 576023157 324672306
3 1
319357063 271240363 494233093
18 3
164276521 817523261 595549665 901985894 108284193 519603932 149771249 195582529 589130439 231938942 644235402 398096568 555113623 205180408 320285883 913514440 796767609 259813126
4 4
353995306 12789490 929399849 932204716
14 3
296196767 310727874 395399650 341215341 375445590 363912210 295637780 166172991 462959701 515004018 415928131 476783064 597574740 457468246
14 9
272206704 213100473 330202762 576344278 819357360 918178723 539732557 830042941 388072595 609726238 150602111 462729745 800216742 315414976
1 1
827374592
2 2
87503574 330661845
12 12
158335991 326258149 884048581 390285000 43512940 443791358 89798856 261815977 577481152 952980980 701577403 693142865
4 2
310271878 4154276 2308677 311478145
20 2
227776941 517103237 974009467 662133311 782237849 856809311 197558710 91001853 127685858 889484912 455280234 949677644 799564721 602999667 73824202 373505248 196869628 87343773 279389314 411461894
7 4
29644741 714762061 298470882 386636754 627903257 782224847 95845010
3 2
138853760 883830645 39511338
17 9
151067315 905417799 973548277 730799356 591772598 312679199 6242842 312927888 998811191 32561065 11757722 510893071 837514655 558206999 494731366 242935228 627372376
20 9
708133084 410737048 495328317 186729917 235033184 231759755 31394225 559470264 400178888 40234957 409187221 750376889 109069321 960046386 690305708 465659714 723744122 501787751 335697766 153988420
10 7
692618471 241243512 808093805 162587370 477092694 604867062 294047496 528404137 305329218 641176775
12 6
251123579 216318394 167961596 610535475 425806744 130734695 151688590 844915769 994730513 44566319 789600150 165758822
13 4
838300573 234906728 27038129 1116504 951378689 79332558 985459134 639331653 525277648 790210741 182316400 997436528 867155873
4 4
649973782 523926148 380294955 453662312
19 14
927954753 584646215 832778154 512921891 458477033 646366139 166932555 191037621 53647763 724819805 743208729 302927626 190225352 116615833 555232415 97696845 464815458 369366666 705162375
6 5
205828713 803561467 723225543 68634991 552103133 709877354
10 4
481321117 136660536 158879230 747300723 364151876 19385579 79266113 778623485 58635177 301121012
8 3
273664049 538798279 794771676 623710617 87360159 571051282 546984634 803130439
12 12
500389898 538377090 213606272 356813792 933533185 71451861 868952377 861656381 343183973 648695616 338378053 477353335
3 2
923245848 379416850 953592180
9 4
881593879 119142410 796783743 675712747 607698094 137871714 209781167 423038079 789507311
17 2
176772176 546227441 942668679 761559809 387465445 987760733 900147575 290334378 980498214 467121448 529643794 112328756 274728223 262868728 412973285 461252790 468229678
5 5
245926483 585788767 849084828 738477468 147062977
17 15
294572056 820917587 930128597 236350454 704356504 712893796 535799988 884619843 558101971 914546751 679202179 428592643 88982721 960902069 763706283 852081745 995843984
12 12
809658577 134037379 705960757 846386470 683109461 784681182 183406159 495087361 588212780 189968208 903594465 255475214
1 1
239515165
20 6
590476797 473636959 354854981 180034858 638042816 579371968 999549883 480136545 545058608 266044943 911537416 916533584 90056658 122400424 438084249 600813931 407053383 813536381 610440694 96319444
8 7
746424170 358110211 341578627 688826050 707447176 403124112 703463881 43691553
7 6
849660291 272993591 844458380 751881642 194199963 522281981 755911060
5 5
766476961 358531737 716580750 894741282 252110663
2 1
414174799 701243423
4 3
722330364 182133752 393072666 802199820
15 13
264993395 490378339 545705605 850249427 725152558 28161776 510893995 399619959 398501684 564766266 217936268 115464156 976336960 382606651 387745558
14 8
788552411 377215428 160952393 270601378 81503660 266701843 405939988 149373221 238985588 348024152 308323323 808245606 210385485 234017024
6 1
430752600 95782295 635548026 830973021 891217708 171784662
14 7
754197802 26776939 480105090 661112276 467170269 222057233 333497456 768273387 408397835 615745888 947697180 846714350 355755432 305830292
12 11
662071946 210502130 245082556 330423151 389264782 151324133 744225162 339204927 995515594 750523953 291347485 255986142
6 2
963349341 394792617 3526811 943214907 885155043 788302816
16 15
951597801 627616997 4855482 121318494 150219554 702739188 751179306 850822044 393085847 352346868 437957458 653194057 207771990 130821049 469131208 474409951
14 2
543907401 732719294 503719628 946897334 178093944 724163591 215775020 64938496 289334217 138069346 950213446 851483786 553916536 876397462
16 6
32623152 881861854 347819878 341722015 163157408 890450239 828067684 960771796 590028811 261239462 764899981 554472168 764357534 666974606 901497991 975953407
11 2
580472437 244552873 25651544 764909744 404232131 838567416 617500303 869144710 539185907 75868899 297168133
16 2
23417995 575919544 85598502 897710235 722565200 263306785 360423378 218281903 805154960 824559809 528736154 6475199 131659251 407190508 294371290 715996230
15 10
390830941 533213344 656630967 15590702 544488380 995064911 40848881 470105073 306584360 176897546 995501981 23278611 696316099 260029198 250524746
17 17
597891907 285972206 978728404 680331248 500543353 872831345 397709087 764327272 522507512 426876180 558553843 144493356 919090488 344350508 294943751 991927850 76117913
1 1
878504560
8 1
651178885 175600677 558235557 305235705 217149727 115567969 497889936 809917649
7 7
935433026 614832351 713995054 362092926 32965095 259802135 481388394
7 3
715333105 773334111 155480037 919021238 480114806 553303921 501404539
8 8
557931031 314581820 250250111 791445840 988899597 1865366 67238436 895415505
6 1
170893533 436928160 856279551 431753575 637220991 480327213
2 2
888921569 308405968
1 1
78493775
11 9
981404514 122350367 840023310 69209660 188513333 600698660 888320973 741939549 294106774 154173678 718227578
17 2
854460456 365763050 329475504 461242228 251257833 878786104 151237065 652081462 80763725 995145860 973877981 71283611 138887522 880265646 476802009 333041640 343015213
7 3
684643644 734815219 593974201 40593651 30222975 372792207 376080760
12 2
85712224 156014022 609376357 707324057 742944493 422238737 49091232 720026845 577885517 168022269 88110426 358012784
16 10
655430077 156216661 599278101 656764753 501656266 436249989 465599833 706031756 412864165 172011699 788782700 982788129 39719359 546196135 370631774 509310855
3 1
166646215 145831771 675354099
11 6
991147596 843179082 853700705 10867667 99156406 296069344 220061867 941091402 885208077 370343890 387050305
3 3
831540074 135797658 249238023
8 4
344067845 271454419 225957005 332532263 12738984 773834005 892563145 732294438
13 11
148908904 746258414 814793508 16289983 729739564 609760125 866048670 860440483 40598625 97529553 585421898 37866674 430690834
19 6
725576209 652185596 638834969 937697414 796815213 227392717 684157610 353322014 149130392 266044917 433308009 705771727 922912599 349184356 559968127 509710859 761001780 236269645 790352031
4 3
835940142 210044128 740297490 151726367
9 5
923540925 875897196 570502234 57821602 428751633 475197386 361951589 876378877 415174972
13 11
698863984 109408437 902389882 859171683 667537188 412520919 457364689 740736975 313872153 865885007 483496658 255735280 262028755
3 3
337369851 301553443 214845442
18 14
441084253 796527888 137469240 360004717 401732486 10406189 164120237 545540872 274030116 122003553 220292635 611073220 240267860 885651159 149315791 633932892 147953065 813650729
19 11
712233212 63000505 661266657 694105747 779367813 500480832 914180057 345319133 228138612 105887291 780311013 153523398 702967768 365044112 386808563 82127297 593357085 55276818 745847239
19 8
567204271 566093748 122014791 84229882 156974421 138371278 561655178 346465789 332494815 836158480 847805303 257304832 871688441 488712859 458137611 930954676 635327650 823047413 908962248
17 2
474222104 544801297 249666903 20155880 175976091 583328130 60570896 11375080 768835440 797207818 435584914 36898398 471857882 301943093 325469876 527845421 723743242
8 3
537423924 496729976 614083581 898963644 553794600 947948245 540330003 476362654
10 7
834765785 531758143 612064329 210513823 779619961 123254531 858853501 501208381 807885812 193930588
8 3
683530387 541848038 346021900 384992625 139523215 469547125 905649230 981470372
20 7
533402755 445926410 280990177 287944935 714760937 140473017 300878373 172648689 384089481 386664292 148267172 66419598 688770143 576931573 105629628 489582169 626195942 171717299 998112865 95669847
8 8
547192506 550179673 110569330 874326406 232457294 972286973 457230748 79993747
6 2
96956143 916959991 447660797 755996941 191878904 984795416
17 4
621425429 770713869 895704472 186540695 69662262 928645078 225401449 324503562 613089748 112845659 836337857 406941591 512281547 427494727 273888000 3118618 691105872
20 9
577216539 360629201 734773221 321994587 259429239 969247658 331486518 693018927 918724514 76309322 378058235 9673471 878830653 360565781 383698040 695063442 484867608 92282869 961173096 69296716
14 9
855900900 398389788 417446941 678883661 907801373 155759684 184658416 372604733 283386432 769736215 299529952 525310745 413886321 865672647
20 10
415338885 30885734 112997293 961730855 160103359 993429254 756677465 649085793 650803030 460562382 698814242 893538536 250036425 541615221 257944761 511645517 876525511 447777690 205284499 164808916
9 8
607013281 670083704 464300592 956841404 696299549 808800556 492192175 76366037 290098620
15 3
380344807 625637832 79143046 107662672 211453884 866217121 69227560 950465587 952660661 793615945 374214020 756920989 550672848 871267772 707186276
17 2
825468721 325176922 92041489 630293336 184815795 920284047 147607037 589766051 532351060 299398843 410259051 574884581 973205143 698562161 705267579 476370455 45400196
10 1
134800767 13709528 781417254 35411719 993672607 966754994 601887747 455084649 914619949 75350889
17 11
194145485 249496149 439273180 143891586 535116829 444466340 312218706 714415342 926698771 515567833 363397163 573923961 835659133 344789602 698796619 602009432 521241166
10 6
818135821 520500674 962694637 249818568 939183853 733902208 118348892 897343037 770094346 243730881
7 4
901193153 219964166 782420426 665547483 320687455 720385212 630930847
4 4
37955012 957846445 502979279 108763086
17 6
615553894 99387815 254231 582093133 606861647 104478441 119579266 537724449 682197012 380370872 285177810 295780489 733195589 26897175 684538242 132851727 572099779
8 6
368770888 508027693 175416334 964726761 829480270 409493455 770457599 810184414
14 13
646294168 735460502 919008463 96732752 2912475 925020124 462522699 603030521 153028436 900184804 756779365 237954839 663184889 710550916
8 4
597897112 494655938 997457358 977406329 435467953 874749562 193750256 246302768
17 15
242855597 423800192 464258836 727161979 742228761 596234363 206983880 46570849 272232286 201259692 380965979 43218767 378367310 842076867 370930891 885317585 223539019
14 9
423071664 299546085 196398772 444457041 132054402 838042481 618166209 337835863 266895362 702375388 694909793 878174046 353594127 868845901
18 18
845528666 406384773 655467652 805943955 214633679 764525545 395579460 256033057 582675155 818653166 867907661 980011745 850233983 501091627 669970289 538046159 725387405 614522053
7 1
437606734 947444411 970899487 992830242 506407015 201187053 834847327
13 13
837426312 366367093 559337943 513236053 689781179 336055203 542209226 128627103 411863933 233880214 44543524 975473938 93107128
17 10
978380351 612073639 574116878 685720054 592164741 180984965 483006577 626068867 245109141 889141223 869570754 266915087 32886465 780036913 438488946 178147279 481307127
3 1
699554696 477167432 561123449
