38
8 8
998018013 733913553 244402129 487428132 396635871 679896571 165019300 785594681
16 14
861798356 769667645 597989282 998645051 922031747 347526022 89270410 745437631 699755601 967952337 867842841 441131083 373216595 45283574 18602993 465814133
9 1
424151064 516855251 992078082 380013574 742502691 301348625 694863719 272427242 647602900
13 6
319265172 254601272 678700550 196781474 864391673 463503251 983357525 65805788 442086033 932431157 416998622 695535595 915168313
2 2
524747655 468934209
1 1
263039148
3 1
76275107 543179655 991734457
1 1
132521458
20 14
240985651 220358902 666941593 3865590 659760116 766759104 506466867 530041824 832750207 973727680 687827609 517944605 50027432 687955272 152883843 257914437 575906036 345199016 668816554 656862033
4 2
764394883 924697960 638346315 361202893
3 2
754610202 734152996 480013942
13 9
113823532 946467507 886979218 200814414 917355176 628581319 639055784 506424369 371935043 36139528 623665674 61935601 777172823
16 10
374449083 280476427 579125711 383658191 813587114 541015259 394099887 585775611 29756391 688882286 483318200 239867032 683360535 175627979 8205821 721269386
14 3
384634198 2738804 546455888 955266603 947275779 598350476 383786112 307061676 333316314 351106722 270239113 441574281 717044357 438722674
18 12
485061599 780992757 562101410 17557947 410535268 183265317 436728763 629961397 822260581 297819810 873887642 579857715 948425609 490850173 222265557 40281580 496026468 950454224
3 3
519500956 350730595 710874917
13 11
630621957 84447235 58646817 69525955 884007909 64340255 955430103 108478603 7768618 7139422 498408752 624603762 271026425
13 10
395118326 167690665 204157481 53958584 830605958 857438444 66660648 118029722 243542425 360807100 711821374 321625424 892631365
8 5
664037682 42332205 54789653 314001448 444489457 459370231 735056069 683615382
12 7
460515341 870124981 55899577 671235563 610266949 230588213 315608343 452583254 383219612 278031029 932556696 180746648
4 2
547705305 586431417 130746947 398138759
3 1
319509308 76764381 467085829
11 9
845555230 82060852 475812364 524708262 579620219 781640573 904689144 824287803 988118026 948051984 281925229
4 3
136537365 282428100 431162588 84143821
13 7
616672910 159710959 338172107 6994284 497365845 522091699 769023594 893608600 355709136 421642225 336284705 168317289 866427699
4 3
659596889 638570019 805288520 364255518
20 17
603765681 550135066 561009316 503492587 881893710 803220739 898155264 685333848 371502629 910816509 635670564 95656329 282232765 908386760 510492909 407991526 654417311 921018046 776399199 828046754
10 10
469092467 337169241 216508553 675334157 840516295 871204259 71136356 278335865 205276580 738529494
19 18
251399667 293884924 227085240 165472341 233073742 363564665 396963317 965108147 152506828 203814346 387538156 152848543 820724210 73344959 476141925 337031406 367033631 685160117 986408872
14 14
324139632 624755552 469618411 318358372 432837530 847870302 292710508 673344348 545893818 141973122 951826847 778388389 744597621 827868759
2 2
517948510 583271881
19 12
688774924 711922381 985625334 941602211 141963188 780627468 593581780 992908215 192113278 642420042 767263825 907855339 755616739 116207311 837423707 13534894 748069736 990432085 780313865
18 16
794021878 18976269 120341200 804805874 488380104 708810731 892048995 60825878 57512248 142088317 677243023 835943986 541079150 922246385 149458728 660147979 75533019 933309991
3 1
169395840 375336082 888652239
16 16
212730260 477227279 472135886 589681154 171020561 439695779 459788090 708490452 823060180 691308694 279968431 6921131 885889532 917712286 248235662 78280014
17 15
583781498 129629722 521364063 566778116 397570068 719611373 728299861 369813482 520887776 633522781 465278304 489391930 191205648 783280310 840529347 783024607 828457326
12 3
718627963 881760688 516508672 665926639 585751295 562905312 80199392 37001882 900717063 283855768 471145918 477337721
5 2
592262306 194523813 267351422 591290952 870485577
