177
12 9
563913439 795692160 934812474 710414088 582556356 152817976 83475851 176434141 311559800 522112775 436951923 479225394
13 7
266467424 882032273 520008566 138441698 226886041 566810556 812074330 453425694 714375753 648641322 48562194 737725730 858083749
2 2
449275399 646942838
9 1
136532063 24930309 809227868 570986162 520595787 409204344 879237814 583274239 891672427
13 4
27171403 767047289 840371878 314311963 597790639 14670646 583701419 368022922 738162263 6261615 276096390 414514845 984619960
7 5
167252801 191468288 652084512 64339217 654600086 425757808 275915412
7 1
109575090 106396706 527335030 742746731 643284042 197410414 752392770
18 5
928651919 618449164 988246763 485230900 345744296 234048640 772587638 749174389 796768467 276788114 264746056 650262430 550941391 376334819 577843685 453293625 632563438 411738657
14 14
97790348 10366452 433774861 318314879 725398874 950171369 803395189 726887536 550080242 579509351 813886589 770571443 582553535 907774601
14 7
400427302 622370929 353416908 8785941 221672120 550965509 130275917 837685978 252806998 521075589 902066114 416040048 597120836 841607656
12 6
239564276 708886886 582327534 658933745 711325517 292683296 76544555 698341865 260685207 278427524 824641691 319018995
9 3
988640038 63530271 156885854 223028303 543318012 585455158 626202848 783865925 832627034
17 16
163301499 722416539 670876432 701993008 235486271 329748467 509691011 998537853 910481563 135478000 974736182 248220600 824445284 776166257 568712026 47383917 356934580
2 2
867629766 245519817
10 6
481694186 229600160 798963617 995411164 193022864 296030127 884120139 263316105 382610591 385637270
9 6
21670732 240891302 384355641 296309059 277759677 638876506 340820633 551489988 357444009
13 9
63267581 116887692 705503149 330432133 428963433 67697919 833607844 601683845 548125313 215602330 785806365 880632972 409471646
16 8
450247540 91781287 213161275 504907546 67573616 315854146 374257882 23788396 113188441 454717671 609166766 277540277 747859778 583712543 994905141 522394609
1 1
70945593
15 6
841335618 68332526 56998282 206378236 195137232 558958209 825290460 626888302 841265909 69329237 144425401 351054760 1945390 92625389 87928644
8 6
703362767 283662860 910154071 536256710 321539799 745458517 258625842 51862058
1 1
467805252
10 1
731942667 873732620 625536909 437334894 429903887 554220444 693313795 623432714 100429375 373361534
18 8
877715837 168269952 444079171 349053462 339478344 435975740 863306158 260175449 900325982 148887942 211284878 235518313 368143967 828263066 194394652 162722145 185247279 549724545
12 7
491773752 599754177 962955453 692454201 844817594 868204502 891105040 527735087 736647172 321421196 523179850 476301109
10 10
324135461 7998570 774028492 218046280 217958493 640863480 783400166 605881752 803764975 65400778
16 11
77454390 609999919 30751555 935227871 216991843 653251226 102884421 182150779 813595023 804675912 492136407 421461940 37288217 139712528 177702994 58468839
15 1
291602565 139853483 320906288 132152719 257334593 700667961 116030164 181046217 580867139 492003175 640057497 76629926 274771944 334387166 332401255
5 4
31620280 595764612 325795288 809970611 484449824
20 20
508288637 948653308 100386853 153370252 701406178 854975226 3412464 745910443 742260252 115616960 159021416 131010220 461690330 435681663 126138623 842697094 972045055 705150754 390003806 583966153
7 2
292760387 85366911 432670926 20811632 482294781 154554210 355542022
5 1
793361304 479562380 390378049 857154520 894210655
10 5
235076739 897106663 667980546 659543626 241033291 352795247 487055703 733138871 356610155 344347516
18 6
548305581 250583298 222703805 993101077 743155516 463482251 466835074 770175169 630877734 987218551 669060950 528664206 929016896 458680418 125545497 224619416 897806137 384429095
5 2
921852441 186734033 499347704 663505466 997008984
10 4
696659077 939097962 773131129 435363409 853180230 541956114 894974478 881020254 88666185 592243157
1 1
295763135
6 2
613318865 536760287 560138817 502929517 721426262 741329456
14 9
971948334 870573032 958157057 331961381 148816709 421606223 716936470 61304126 857909044 791367589 644695812 878158586 550257323 722660895
11 1
829468786 105056494 591464510 881040567 458269172 104794805 425012802 620706208 382522038 896509352 92724066
10 10
930491825 598008732 378316235 565102404 26481425 231967490 425213436 841035168 180300182 79102444
3 1
800276342 114757881 944370859
6 6
364954323 652343056 402668697 527550724 362805977 758750474
20 17
201226896 926555796 848620220 467901293 932638503 302934321 779937278 741820830 484834985 536281656 94000061 668757783 178766002 325417705 948515661 413188958 223098181 213270025 858067607 619562227
2 1
708793861 456480545
17 3
457919088 133722436 822113948 204063937 172832195 73227733 461247398 3327285 131457315 862723361 897167024 288451565 758713673 866610158 350474899 769213602 476493020
10 7
337323259 725682343 855989944 726296710 635680297 275212581 862685325 529392987 300834499 872280800
11 9
587623384 486967792 513105807 345749271 946403411 158248757 67662866 147040290 418390335 580115578 659178545
3 1
224969656 163136024 31271386
6 6
802749862 820059261 510807597 476397846 999083101 500015816
1 1
793606735
4 4
551116655 845171979 623460083 876683926
9 3
456403184 571818966 707656334 69650768 708843591 749255690 507164606 400973777 788488022
5 5
533422386 298504762 764117914 55935960 815399613
19 15
545493548 467313806 226349670 532608588 845086555 365200264 907310341 267538486 357996975 257591383 837413610 902600472 545289556 88437667 596637701 347753471 809798784 487236474 129911952
15 6
774351966 857872477 685768561 375972231 184178321 314939682 16694851 726769274 820240025 16600659 618364678 7987451 616983899 381273579 51714130
3 2
844655238 272305768 83719651
20 12
742522738 999306493 162763287 425615703 897680627 654730114 418099317 518337587 741237782 398231601 583407758 703995327 554886984 634024970 835460083 711833020 227999579 639028322 650337504 259248676
3 3
316384235 880099097 611829591
11 8
768031089 456129834 461753062 862170425 176104069 640532337 506429750 709539721 554624148 240937161 261207548
2 1
458349806 965954455
9 6
969887264 467719169 588197757 672688877 379671600 244597976 600153667 724796223 279411449
18 9
558933024 711620903 6185128 838116111 301870439 196515113 517243128 680580995 511604960 695921620 803440246 342112501 845210624 540064491 839923039 314727927 929720525 84227500
12 10
696677097 887027273 570555026 54968024 994908072 840061070 3097277 152961771 696618902 458945587 654632580 358358304
7 3
911032706 689501275 447764014 64652586 252203876 191072075 938605319
15 5
569282138 844473490 550179840 16796192 991525569 561502995 537124548 599878982 245764856 69724155 508228833 595890748 464730108 688642854 256198721
12 2
579187520 31483968 298024993 992213386 501505885 593508727 361716663 521269646 808231533 760793995 207590097 160201095
7 5
808408110 380069889 405594851 273133882 19307013 192931644 916929054
19 16
948534927 174998268 362458397 203662289 511031759 575837410 671424204 612420442 841879750 156273671 325185908 380840300 94156998 438368639 192882104 402768582 287241869 567264946 917045406
11 6
466711515 334535025 202423402 170604594 614535773 536698825 619132540 845291211 276118531 990545404 353530895
7 5
256558315 706731269 919663 188483306 742706468 475982782 555646683
10 2
12895042 775861059 473517069 981792076 510629941 830387609 597109667 495666652 559643925 704962199
6 3
861055249 483507886 234547089 850746276 639338435 937337266
10 7
953533885 692719180 247734907 773163023 612456844 244143808 397325904 22390991 118508074 435001257
1 1
873914105
10 4
109244959 35193157 961964667 814373326 140938458 434573013 874581452 805791679 959641600 68933924
19 13
452078506 887780245 981835651 205228342 617550523 273699506 985877594 941986960 392561943 324396412 822391554 526808626 154673403 488245409 97027658 611981706 315818248 846282174 163621457
1 1
782206279
17 8
432308510 20732841 680927957 158081789 117909035 329851066 918116909 310816331 501974851 704148007 410240332 806191875 633529654 738897907 7108459 377175721 657210878
8 1
774329209 848281884 36688791 44696024 203162131 898553564 872707619 956184991
10 6
66201512 192790326 673420268 812733843 832703103 246497468 26978528 82639612 752490795 319579800
12 4
462699798 30735024 746587253 222436843 560199738 224133027 778980285 738281812 631785182 843106162 289106947 251949546
20 13
741846179 583842378 33544498 128798844 384989520 585512166 546496514 404046867 979538558 538906492 376745601 765734338 150134471 541665003 940339408 559632133 307237653 336827149 394488841 856422084
2 1
805491558 701026418
16 11
759560521 691701544 154803428 927889267 374273057 450450789 838964469 955320250 904339978 304265919 586796826 255359695 689978519 268271439 677179104 907623702
7 2
503555921 860776 298427853 140185324 569892584 872968507 550555439
5 1
200304929 539952148 362512788 940875073 489499999
9 9
205404819 982323594 217402940 337014875 912531158 218724650 544492812 707397684 610793768
10 2
93394412 808953456 257846328 201885634 142168558 786595329 743461500 838968183 247726785 943870979
17 6
509183548 81565407 805290432 805799926 701374097 816673606 217228085 790647806 432160036 453834961 5356996 389524552 909055437 94623320 747998546 217861462 371772107
4 2
764360443 567984090 568883345 718649981
10 10
908440660 116979259 65196354 999385779 838210853 5653160 305946998 487342217 704744069 868904158
8 2
464995341 42609352 948938107 274214050 169687298 861060385 59969653 124738998
9 2
926286960 710090961 376904669 305334222 631688445 858970881 22313926 28220718 196644003
16 10
962333970 842273862 599612670 814842265 922587135 59673946 650411709 315639975 624216332 662220235 31152824 712524124 917964746 484613246 967854509 353382624
17 2
983733874 111292439 30829668 931908935 385432837 863264247 604056883 8365572 489086464 236059309 878201341 566555123 385608450 224836791 956179530 118533581 351547855
12 8
249555539 770622239 266167670 493915044 139012006 821261227 777851384 466009412 556919541 194739738 109390730 554337861
6 5
489884455 379645725 46427525 283656360 822697984 933950397
20 9
582247145 569382071 895937585 83635434 63334996 664429429 104542793 636162814 946416956 134334547 500657002 56764793 386682391 428301345 466219125 488059282 650992558 997695509 918401159 524455976
1 1
448514490
20 9
181760492 499997020 441890522 565393156 121339853 858040629 323398306 557343476 22452162 264147986 699581310 834887868 857620642 802592220 470240585 483288283 142159744 6292078 971162018 202749163
7 6
536568943 875022260 62779078 505096873 868021185 526877545 657408634
12 8
717897797 54069859 734687917 509027120 243184248 403067742 869718957 36708206 607532225 987140326 454363383 945437969
13 1
734049211 96247355 436975882 905749895 667983781 165771367 448942521 656148611 15745251 587896776 792524049 759376688 597402839
13 3
524723666 23795979 710994576 114723320 815045922 937666172 608935710 829537356 745797208 353676645 764827040 128727435 796509270
20 15
53385529 68467157 142206404 856590694 907186191 850556807 295975464 215436348 26797373 825461506 511980146 431135832 688658449 547164490 565685254 34623353 865441794 210310869 200999186 563198147
19 6
326478368 238052797 926585796 325072955 68100234 485640897 553097823 707262730 346308458 730058563 46311709 718210645 600131495 952493623 23189088 920826505 913271364 951108733 87076963
14 4
772907287 906802805 530697868 304945477 844130291 971206062 913028620 441026260 125718296 410810420 459734904 260052123 169335005 256618314
10 2
640098256 705363420 220249101 386082404 743123835 653098000 731651579 855351378 740253188 821653188
1 1
389732092
17 15
954589742 322319980 16492922 926123847 822860285 429257842 479690002 627370685 357666044 736827684 378017154 516878172 202683342 39729875 50234360 724214046 854653002
14 6
296030310 417543734 270128812 934986046 22339176 769780622 865829253 911054664 73905667 813589098 500033374 928959731 634455589 199510233
8 7
391627436 82570164 466601738 393830465 651957963 377444646 75149529 716397439
19 7
829225285 871008798 732100841 475833506 227869290 99692058 218061821 579301271 375276080 432282739 44789228 638817682 106173177 565312253 258341276 853414689 479559720 115448116 755255750
16 5
191699312 22948959 963306457 655698008 795923353 179606860 503611341 759413346 406730581 309446654 582283713 470416410 175669987 184923655 851812314 800425979
4 3
689441202 465299514 766753290 930732200
19 4
680969951 148462043 61220083 408090416 844445992 807766401 857123746 96668667 361479714 254479190 59515127 774915934 956739251 314090381 785342046 619858650 397361798 879180175 241329099
9 8
30442264 932129236 508931856 414893048 121422323 884272096 895249837 785671275 711045548
8 8
483089992 895300811 840502912 86480194 273079683 561625295 433529104 590561519
17 9
884266601 957965462 238719712 334411825 412999449 668245792 484973788 309989125 839980032 838248313 160668576 829329618 448596753 763527127 967751222 303070832 226063625
4 2
857970447 214744918 716040665 826896710
7 4
940757319 576877455 518750704 663121848 617823105 870205809 348565294
12 12
878364749 44478817 971449809 767112545 913516970 168184534 604784499 607688043 562987132 393632800 288433703 396894757
2 1
920345696 510060302
13 13
662409878 216378632 99780830 951573182 801805963 907073425 614098835 113929989 763034002 653987094 617916951 5305146 354936732
19 14
469268121 946278221 84033924 650369333 245957244 12665717 22418519 955550753 467450198 287136119 20225891 483569050 453703770 151662282 972814736 809553827 198085450 121798073 45816590
4 3
678509569 458196344 58058770 486501411
20 14
509800660 346153740 652115577 253453209 317646128 265885513 318960719 95548583 147893608 190928395 550762497 385174347 760061922 987859452 847280100 571806925 188112171 477539666 211075873 543576340
4 1
213186926 574062086 560822949 881336925
20 7
394150627 307769180 208985081 686273702 756207521 215775098 553600365 344274007 985978429 556692196 243953636 938789647 219690221 258785370 361053659 127649395 702844737 910489651 666579140 289845890
15 3
202395235 846598947 625790978 633611298 223619987 672623279 54913022 692473013 271215817 537733362 316331326 408128011 919754519 859385253 872302792
2 2
859054288 375880736
16 12
986414877 236833025 214703711 729036941 373768263 391442544 908199046 943094949 172726962 582033518 422545400 24298183 358709091 342793810 745671368 445515612
4 2
379242535 712739958 915797750 165108
14 8
87138001 770418830 52363467 309254943 176395451 900630615 124796538 961318075 158516110 523924846 584840909 745640333 359407655 358125182
3 2
491782117 773705550 4663234
7 6
815743350 291927513 50878020 907256432 982098008 613633576 413002518
18 12
613891227 105807930 416256669 187172202 502386889 228233430 279328603 393603319 419428523 640313223 824873055 49916390 675201395 187230943 605921403 53080359 730896377 790259973
10 7
941733921 245215833 866240926 547178765 92404758 975542832 920861595 845210461 559071396 15060913
3 2
217195389 75694281 355232529
19 11
594601229 840291274 412987504 701881783 563007516 304925922 563453285 690968704 37821104 19143431 421653432 698431848 114738240 312989036 537806507 366137040 606704247 650425202 786613784
15 5
1383865 244475460 268070985 20521817 94529801 402444721 640542460 551679487 942523974 787896161 155391611 286775476 131585130 735606990 898094666
12 10
287938863 456413777 809453631 88045432 994150042 998770401 145338649 777885302 110517030 282670174 834786475 803170670
16 16
59119525 617024851 814140446 886013913 420177070 247625425 73563776 557339778 429778661 932851901 972529580 862989637 215696458 951865627 699649916 228283369
16 14
565126834 458530088 972337052 121321005 876737054 986861655 183884145 844649191 212166834 158068566 60767087 430466382 276272232 183391057 480436758 580455450
9 5
453812204 686159546 362299971 28307266 822115379 907441757 698468856 269489662 877204599
2 1
260205233 717738765
4 2
257197290 736808680 533357576 385857459
9 4
268134226 254977108 634393281 279412844 323229544 278197164 122818108 900208142 484861052
13 10
225048169 990310352 800398749 434493093 424112167 997258083 43241441 602350872 734354367 272493617 39963517 327929986 58527164
15 10
129640128 820020089 4866709 246267090 40191413 89591524 835929572 995339449 914646831 707511907 359383638 351245424 716169076 371731869 596163987
2 2
853328903 448063182
11 3
575690029 71412025 859729620 963963385 228721670 326831516 128257759 629683530 328784238 301748864 568244261
5 4
546282340 618137682 324829534 49704419 557870337
3 1
130085508 214931546 107591668
8 2
850956954 631814717 497970682 831098356 415306880 863957652 48682156 164148955
7 5
620124158 698754132 855651729 450983126 995374250 50976824 458428723
13 13
162456386 563843043 767899578 734826839 853683134 142611138 963038040 427298183 694058362 49989154 208229617 218614414 806972196
3 1
888857102 795077797 332726052
15 3
417369801 311949997 388188430 238852516 116259058 842774346 992225573 178897614 987309337 446013215 532419301 469231986 606003965 534138973 917248843
1 1
14716602
9 7
125788895 467605930 300577302 492083604 305458066 930484293 965563362 125227450 53218273
5 3
944195333 190029810 934253005 560630393 172308585
9 7
281106938 779928850 246893551 638670390 376306439 929321111 541261281 218208210 193887849
8 3
182336654 757590698 863498604 718793118 2824037 703364925 418852762 396340290
16 9
409113397 484234806 704354917 5033172 716614619 17646071 402043653 914294681 61711864 790740416 536209531 308662755 485082344 804685880 763980301 977253598
2 1
807882155 992632626
1 1
279332227
9 6
136689779 198373917 586700328 294329368 57599353 506346282 154322633 368352596 457938465
20 16
827510426 637168573 317767421 608042504 198475848 528003009 258730557 74609567 957470189 540722193 844222994 407146027 390089318 879043594 839797314 474430250 550025724 682009104 204727630 625867151
12 9
215905529 154960518 707665788 174270121 460694365 260224362 687817321 91535645 259807997 555635353 714266600 669751464
19 14
999325942 195065729 336591666 167698794 286764714 121328968 731296443 257668667 822227496 748388416 771684416 853273638 852779712 829237226 752587566 936999097 265142143 161861945 330824521
15 14
931455829 118281993 338475654 409796351 298679742 815882579 294179064 698552611 713546943 889507359 188794244 286028729 270077963 837484105 237325758
15 9
341775977 16639594 398261369 447274323 291496225 816684098 166367564 277762735 71674462 858351187 670278800 994406106 768710917 797432575 330089599
3 1
445351213 964867977 204097284
15 8
65494755 196423582 465534659 396600882 245905136 780887664 202445447 904560816 732384830 990806146 441006588 644358478 374649283 533373339 628720225
2 1
604053921 947986936
