151
1 1
938885055
4 4
56255245 227301389 615863803 49876093
6 1
740846798 924349710 361161672 701306249 955133253 261950803
19 3
668770595 736627497 38077015 744535667 567687746 829877445 543355300 638802276 362523316 12708031 352209395 297219694 679118988 181576762 129339631 862649135 123730283 315306603 627186113
3 1
471101089 390697308 889823615
20 7
68191849 274017055 719255964 1293665 795032110 641103638 187013147 387402098 354798410 598285862 671260197 255376938 429216327 707630191 532318490 305269164 892116023 63059994 429198371 160688332
17 7
51853172 438102750 55188432 303650769 121570034 504492219 510911362 35235653 366134065 870008525 503711301 312197908 585332890 960058730 181037891 490641315 475293754
5 2
554168445 659665291 946803941 72542331 962498039
11 5
204163335 977926533 715491808 222198320 616537920 933375104 397835567 760298568 34670083 759075234 805005436
6 2
974544093 330707505 308228813 805886056 834104528 806613358
5 2
365110810 151810036 955810895 889559603 173068634
11 1
24041804 93474739 356555389 870120096 981086358 80701546 655034739 714719095 684424484 364607315 250618315
7 5
343188840 289043934 620809935 118776698 546909442 640681328 432014335
8 5
232426247 829570677 298843372 179053808 282911360 449654173 981626863 558099088
10 1
78571621 314940574 177760595 294375337 849548274 337552876 98076517 743012442 392576670 490676448
19 16
522023257 911448006 110049586 417646257 803595015 933212579 323551181 182316771 72265284 64114079 24988057 329390800 136439875 417086554 70578557 284696827 417954360 692452144 301968597
12 2
624957722 676449082 764040909 159212385 123774375 427723349 799826638 42483194 44377520 506841940 568832777 356298114
2 1
915437779 511183084
18 14
510750883 660547961 603354801 680982622 458596713 504677191 682831700 45617495 297976910 877532930 541774511 175063960 464915169 435949519 31226252 622539650 427859941 490607339
6 5
522167445 849353087 376130367 768402230 815049123 57103498
20 5
115426879 905390885 2431849 606751281 860926285 466283926 387306122 302119112 378189890 127802775 786244149 598459218 666113370 117860967 311462843 84962831 111313077 75518611 559779660 791124280
4 2
183768967 568993026 922216505 367363604
16 2
62818798 215863091 888634548 244346400 80488499 79729252 621147214 131963367 372128504 461091151 564232028 330576011 866248296 163476073 561449156 14604823
12 5
107982008 497486367 659169614 890347934 930596164 310958808 728852722 617432749 619392187 740212398 493850287 232378584
8 5
74330980 970352613 473342517 471243571 678924114 132907456 311919266 722328173
19 19
813214732 503872186 767211872 419312874 903078089 900704955 516100850 825983835 455414953 514826035 438462328 211793973 511704120 693383042 909797908 170066673 385253534 362942725 730439377
1 1
776034968
6 4
495689087 467074068 743474699 144300319 786264393 364162433
7 4
984075596 966329558 670619818 431703165 382964554 762950576 22225785
18 15
265793247 822209236 789986858 425999314 718985056 792161609 599101975 847464742 609680999 44755466 372990449 285739909 144139879 712402793 829963371 69060028 15769686 560060847
18 4
633539479 803629459 378486288 362210643 690039760 370165981 650883919 913349384 274323198 590448615 884820652 920081702 358267820 343658257 960679404 250791732 656152151 879371061
12 4
346383733 536150428 108718547 360030957 568711829 664935308 7883721 648799092 835576593 936194338 900335632 487943507
15 1
345643144 43402647 884398997 139969636 890058400 662707579 977949938 70971649 52677491 310833127 915282648 18212081 476165535 1165298 830085699
9 8
749093161 271002557 714183147 872410635 164185461 40853746 227975252 771923858 578950776
7 2
24106279 788072901 335282366 883719549 918583739 674217924 130059129
19 13
945367219 213013812 162873127 898924522 115684053 93159786 290591485 909190420 992082695 363556174 309500797 988289641 148048288 483457798 610132727 211201954 265839278 490102555 520777400
12 7
99510025 493174333 227579267 247932516 156267908 76403816 452361171 53733572 350869441 29384363 290685716 92858019
15 7
669098291 25091067 604712434 960035388 655343946 120090063 491613873 36998113 763185256 713045438 497587973 100224728 616768677 306481381 348604065
20 18
354995267 989144976 530479898 262340680 435191072 548428725 105592344 884801426 381710644 593369656 874706938 962289844 803762661 50330753 961468748 970576005 177581482 972069575 846096609 23005748
14 10
853024624 385197568 789041786 232438028 791976023 256561699 765860747 460130171 984295222 335582635 681326322 987583394 830551320 755508750
10 9
170525061 249807946 92920701 410945672 776449239 686197308 898293948 572584371 585016001 959625638
20 12
274779945 622987464 342493187 507393942 296395918 803308129 682895535 959043649 332791301 120175047 558826663 633923794 408062762 173327577 872348082 646976579 906630960 628681903 8833948 247336152
7 7
436387245 544323707 112547481 27291103 735505416 526115313 64069943
19 1
543126597 789114383 962893345 633766778 759829531 212357608 657667548 712712625 468593538 31654519 773538307 230402573 169953352 656364032 872354518 47998438 533186512 986508612 320489394
8 8
305083234 885076361 444750330 560114644 163155958 942563065 251494062 620646551
19 13
491527526 155851566 879035367 158778992 913420223 887449945 595118690 862822792 724192887 767842818 857802026 619545649 336261028 74333791 204652954 449583643 673014541 616335482 247896944
7 6
877946122 579023487 331638097 451759400 639220049 241344751 666428273
14 12
740551159 667473119 303968747 451388213 396704742 20632843 880863968 215241689 233968201 898741968 475320382 890699948 910584767 522787021
20 2
719381961 225534029 489488432 745068532 948859785 434919823 131426861 550232483 638588195 691586612 302415796 492793426 927399288 456616320 779292011 809468892 591428073 630647318 375894263 452175167
8 7
980009756 138746796 965534977 241425331 880332191 585657853 889249313 338019081
16 8
481753952 897858547 114296427 964793999 680008024 138842550 785899407 180581074 176183578 89651451 715169228 123376782 566980177 149891864 447358401 484415400
10 1
430727814 458978378 576769066 472289376 202643786 358557484 509899266 896393213 172464465 943592852
15 6
972899834 340570875 464759378 944808946 715782849 598469089 234159408 247990169 87191155 874492615 995974984 486004006 71795405 826200264 590280594
12 3
221109547 674376642 953408740 65968374 706551414 739761791 382740313 336273606 338796092 780361809 630689097 272325307
2 1
704354006 723719266
6 3
101476038 995900824 728316340 1967603 612011630 996177355
10 7
37789621 356887171 514911655 559026913 266763083 488836537 411373724 659507942 913384202 533297860
11 9
659361094 22261087 576581686 307701587 172509202 875813864 156995872 227123779 413956543 424051081 885276704
16 11
895213736 518764751 862674723 782835387 263998561 278774597 313797733 954682116 227953225 80650998 641612080 225621798 992659293 25411040 530442312 690384343
16 14
767047503 876424978 550820553 597106583 293025663 798968440 930950659 311536603 315229109 77022495 103047063 846780331 618247843 387076545 990205668 215401785
12 5
37265558 271565224 113542937 42853587 637743134 361024885 975144629 919803843 344479647 906971354 713551870 553982867
8 4
395547417 225304819 246910472 826648591 891686460 289894939 832480446 939111299
11 3
995502476 873060826 577301858 735603237 661684172 21504643 85513423 391513047 859249663 858248597 434532710
15 10
409160862 27679669 520884213 226197335 513637657 340672239 234457116 939583487 733179480 319683413 569617136 383516811 374883934 45225626 261519423
2 2
444740930 661240854
16 4
793559662 380494003 110088068 651601036 444222568 936300853 994964248 779036225 617759806 363057481 159211325 123386650 226322416 756963781 512065053 842332024
5 2
42247512 89809789 522873532 100866042 631796257
19 13
201934765 559129291 810145638 960108519 878915813 76233932 378578146 175924452 337514919 552371155 403962329 360121063 226871509 76563681 919206427 610013910 640543655 836309025 670459807
16 6
130323965 71877353 774387925 762077066 81168303 644639467 905179170 200335401 94746905 481795227 675027291 483982212 792300779 560697056 440918315 695241969
14 5
961103134 823446490 711677151 10106491 642118788 639650745 173450542 92935519 661758245 598054913 19952642 392275416 860245829 465726539
5 4
820961151 188554604 481743031 747289333 976647441
19 7
574035007 631961608 855951041 54786884 243397276 792773646 733090814 140643113 349040156 486716702 16567697 866393612 262816992 331448472 956457409 26042634 533623671 398787416 511921859
7 7
927031285 524803651 319362628 839652491 339351097 89711241 517085575
7 7
284447371 375252714 771949691 590825812 412480461 286336540 10064449
7 7
574083583 642058423 497498959 591753653 213735548 853949972 943732311
14 8
501107665 179068222 197876802 127145545 265479762 60813554 904317414 278376746 984513453 770022483 675855132 637009944 858940900 791777061
13 5
22886381 32645472 162815005 628488971 146983007 746111903 823425923 894903420 726539440 796917485 407112661 608708123 281543852
5 4
749908443 835889785 218361101 907188983 541501900
8 7
921399424 752458806 6248614 839972153 215499924 984888154 378628321 395907619
1 1
847063838
3 3
91303988 183494808 171738037
17 9
404122145 981057544 685714352 462209435 409499810 272840099 713038377 114191160 492876380 549720529 766013534 117875953 602292544 902444486 943674663 333904016 895100259
9 3
763744398 740458113 487789739 579084128 142844115 130858062 794505087 601881329 840222491
16 13
27234976 863762027 904683650 373713515 166231942 981904906 208551982 866069383 412615975 809861057 435859556 597790218 914144357 452397960 18904156 288556130
16 1
233987873 416691360 903410743 721848544 390996374 409726930 605943171 605946695 831252281 887246792 9159256 802546362 940483534 13717228 65209380 579788692
16 9
471717038 392503150 453200449 112441224 461166575 272151731 505491973 418373701 127680389 688084038 228843866 280669230 981780393 387805789 120455895 764028190
6 1
505603219 344879579 798685376 863328346 418994136 267901934
13 12
27126512 177177765 376127988 454504576 9758653 887798197 228759298 208279437 748565670 894897542 694315936 345156998 472619975
9 4
50817153 659268220 611183030 368377265 206265321 787451871 392758552 447570941 594778970
13 11
162082662 63190135 156605369 183943701 638795437 408134517 156568521 440933072 53935282 502492074 936121753 37844113 649087158
5 5
356775710 813155768 224485321 274308032 869678080
17 1
864454102 475491012 871588804 314332617 715485712 813721945 829958065 171293213 167663035 350366400 600681500 687879998 767410789 208624169 549188660 715863846 903616691
5 2
273605240 27986257 674797123 333964991 570378064
2 1
46398977 162705136
3 3
937375351 762695378 667768331
13 11
268403472 856684518 189681443 130542439 496628976 71399294 485144480 442282387 49839162 596939607 430457023 820412005 382389884
6 4
645069871 841930867 15396886 736289604 832065857 325673905
18 12
726312145 428241364 124161237 949526135 583898174 891467792 450560451 7357612 978997308 461047634 321458057 803794839 335708707 333839615 374584983 55680281 632458535 458873872
12 4
114772062 754979577 444631468 452271200 592242086 278686549 876039667 10166763 69892157 933989487 790917434 390153080
5 4
300046493 786509266 489155544 236874753 219627405
6 6
413015433 57126371 504253202 443117664 549089687 107768511
7 2
474091100 439022042 151860861 803328587 223233934 742855464 714376540
5 2
716109537 169402358 258024595 92285332 734600854
5 3
673163858 294486664 710407812 181563657 622436517
8 2
852467409 235719505 986812952 795626361 368330395 106246856 847430953 267511540
18 17
798712091 497924600 38062193 695875494 583765125 862440305 834854788 618258526 14373652 411628690 816441305 315443703 273824855 193328959 15502993 943532411 422084414 880433716
17 14
995792482 536088953 481912555 100410765 193239290 329758099 321530288 855070654 958357329 739975892 139296817 478996924 86635257 104780546 91988364 842719367 700923729
6 1
62196932 942364814 317936377 596522912 252765096 612948032
20 16
903185166 916354470 338992718 200134692 392944532 643442022 684408551 90039854 515554115 84686404 60611193 152147211 326631597 569622912 159705567 132805251 851958905 84069923 97940924 745303559
15 9
351172704 412503833 6624410 127661362 564834414 647834508 752629410 81180985 291262038 827478833 79259278 198185662 737631993 168106188 179144118
10 2
778548459 149041789 892002147 326181094 215714216 869266768 735334794 934769353 994124445 819965525
15 9
424931078 697016126 705409681 923902997 688140808 890944295 55674936 667834883 186272875 602827313 362393682 125745439 676840460 803948484 760386367
8 1
969150586 377325596 332691081 751896627 353206453 81117750 207391804 138590334
6 2
594371842 835502119 403072175 589964995 202459197 10793816
16 9
545186089 879447419 85619358 169197651 923595382 994612141 966370110 3313611 330149650 353136403 482730142 502079450 466169635 502096904 400402043 408461778
11 2
170841995 552058005 6158154 170493936 87139899 213553264 324270656 743222975 719995132 568929605 656776303
6 5
359333784 547538029 916856105 215986668 788545828 93494694
6 4
635009782 905397393 221152316 223408203 275870590 540016819
13 4
331184070 881456938 734367480 733320420 962777960 941740776 640080123 492325830 500129716 469317516 29766399 260742340 183267374
5 1
932440640 679857139 243534606 129356432 893025474
12 11
285765698 19846580 789122305 23914225 297438985 47750526 444579200 530205010 579926190 980566961 544324599 929885909
2 1
306025125 915354592
7 4
410944599 661311073 604041404 704292123 716405041 490318268 101822625
16 14
61199607 133968833 175861441 760950594 727534678 422938612 347505571 616580178 631752507 949057500 638311514 884592976 701087571 791448640 302020317 557301726
7 4
519115843 423776312 287041014 573499147 44520020 690942849 309765773
20 4
386884716 694887941 799998253 60997313 252790271 862000064 382191836 973757679 442368623 471295408 701738105 490751735 426925566 646485285 412798908 696343388 200253714 204455909 992420066 190489716
3 2
792949458 119310576 323094595
6 1
778044635 710598515 694889318 148518787 397216211 271308005
5 1
69715164 769625318 216696087 649500766 754532727
15 9
967830910 925357852 677624875 601915126 318237459 556064768 119245739 302200497 523921091 674512164 637657769 624750834 472437985 276838795 83570375
19 13
22509398 502382211 922644801 793020464 480723659 649812372 900200442 434527490 626397552 537991333 421265589 427373387 184580541 794024017 455461462 72466322 672783536 979760839 989799214
5 4
393144214 490899188 60294192 587176321 102355482
18 17
576224699 264579932 401391413 49341435 713646530 578358896 365243773 145752465 805774958 838349233 841713425 140667656 70345628 697602497 626572527 57520132 570609845 473316731
19 12
255075539 79970150 31113247 165350660 354127442 569804415 344739782 88111482 532751838 819016458 89499521 911262630 87798623 746210671 382470252 578802049 459121571 821578420 721056619
10 6
311969729 151663449 955855535 353323165 493690496 102726300 914537474 739604595 567585835 694159829
19 14
14477812 218266946 343120678 354876890 523617749 890267404 817770431 995696845 616760595 880484017 70563341 102450364 219503447 84818890 815858656 261782997 516921703 882760829 886832277
20 10
989082022 314176416 685066298 949604422 811186324 520977431 679789220 386090878 101224558 164519654 434405434 656831534 603913170 276960209 233696023 87277130 171582005 496928460 816253857 48230685
15 8
96503998 398523702 886123502 102997626 204341090 813931851 196079368 554060323 750992898 515664188 550572309 541200138 564256189 356818128 482322750
5 2
299165711 293954357 321573662 717613000 947829887
18 2
359780675 44798215 747362906 444134989 791985564 561453571 504316443 967979244 942215039 13760647 390001057 436288821 971117790 737543352 453521876 629772085 895815187 155410663
3 2
680746921 202581005 25404047
20 19
865672920 248099035 957210362 74704997 635303581 752579542 278704286 418527327 344489501 215612854 621572397 658253221 443543976 122551172 256306225 423108848 698525161 941044248 59199587 180277999
17 1
311269940 521856587 456269134 688769443 385794870 772083402 641101004 672554476 745809201 673148436 596632410 455484647 275742422 740554456 28133077 482613675 173741378
5 5
429426664 901013372 362354339 730175580 992902622
14 11
273900257 695756758 883447058 342208859 307615633 955752063 565818717 528073226 16865176 300721569 245339833 209318318 899957502 644531244
10 10
752121258 253398266 12429500 779153189 857140921 823286250 897747182 411347988 981494255 474745348
15 11
830809318 467132991 726293140 64836679 116324341 163325480 537366374 109858186 393875535 423979748 615350981 942142586 482028786 864879751 559182698
10 5
602937450 188702702 620647996 746091298 471046868 322633121 103574301 851155182 253411216 7671266
15 4
447879325 734052053 271421390 407756848 340178604 3539410 971582457 458198591 731093172 709059874 117590171 404048186 291375114 614857113 746694486
9 1
615286798 500510992 541196241 413201433 232179038 31210198 402041690 49780016 731421064
17 12
501395779 637893629 243724865 204896191 545375436 600704367 662318508 789760526 774166444 490362416 144709973 717110503 496044298 673267166 629325831 765145850 522059077
