15
15 6
989254668 757906245 751321271 242388501 686129302 853968133 490070348 55232188 220593298 646325658 647593150 229088728 15500186 885513210 532924936
9 2
905179534 25400032 552754893 542640779 916754943 932110773 8209608 822027791 665186290
3 3
203866229 133533554 408179994
7 1
45195960 576393571 649975256 255121060 150309354 114223462 312197977
14 11
970573815 267126973 332693605 532518184 681794052 786504025 350738178 247035717 418637552 574857561 524488447 193762627 338145801 130004344
9 6
119859423 369794946 354418604 118759533 705828851 578358539 265007804 251280492 220805231
3 2
784437608 181675329 563905518
6 4
173144831 179405732 239438273 533830850 941473525 543967546
9 9
965950547 793429028 764798686 122840438 904329106 774273858 271988683 385244504 135788707
1 1
557449034
12 5
545076399 899769448 89096922 623549815 85070522 994001330 890874316 580328041 862015261 186633772 831350649 704178495
6 4
392042333 327600417 630583600 944579706 361024079 470239649
10 2
374958864 888378034 550252599 499360610 39544609 97601664 760356781 794887541 882050093 405221149
17 2
713551218 387158275 849842480 782913566 448600175 926968434 681108264 519222332 201237294 412886132 542115496 476189432 986581915 359726585 845818163 433733552 655954995
17 17
499320595 98783118 958025070 144781629 147049301 826453851 800436562 956826538 397038661 774098625 767457466 789137835 987863528 313945630 242000668 223813870 4778671
