190
5 2
319405401 281771856 464293486 838045052 972487703
15 7
819319024 381147948 293167172 504210382 292597177 103230117 687943124 182123675 791099034 443205071 348897407 172738066 629926929 426599468 471128535
18 3
821611277 134092014 912506213 118040429 566466026 991589616 432904837 973020394 682533068 788272538 158334271 839947479 576117748 100922659 32358685 75894459 191830243 311379726
12 9
512651270 41112525 616474985 865378041 878838413 958797726 704747215 802425438 657087713 723392450 198334103 658110969
18 12
254558590 874376680 131549192 631594930 810420212 276291098 791217264 427321154 435639381 456552973 612670324 361518712 993192608 117151838 322286811 166638720 174842515 256761419
11 8
592747163 49897477 807951321 273005770 900157764 69545312 736263675 235818454 573327823 260785165 420965444
16 2
772885415 839096744 624039599 814601646 370376440 392793332 560149414 211652267 902852551 137860902 91323392 622862024 929281423 692881740 342622720 761449146
3 3
62624379 988100009 266886544
9 4
441652245 335174713 878448187 200463953 523745694 697270888 200781248 431951590 700655081
3 1
119625163 786429166 661793279
16 9
258837022 245771576 123426249 885364108 152648703 462751041 127875014 442335619 722950005 477354833 38027038 413973993 125591475 59090700 892292757 50407480
3 2
672584098 450665298 475113875
12 5
812013304 995590331 145865792 132272389 365762006 718949542 795228733 931720355 786734863 945133921 346721735 77980074
8 5
922379281 180777621 149746173 317691946 91227697 214290801 689257351 745136309
16 3
191999799 802197086 330373641 737985454 887593497 247826509 261713580 516290492 712703751 840852489 982547089 887765905 7597287 913553076 960180219 127026885
9 6
254893163 709827452 519471726 373205615 219540716 632920789 962663775 619615316 933206268
13 7
205893023 361428694 23037199 587595095 999040063 101586941 449940899 513435238 260898174 382395216 887696565 56481177 774421462
9 1
370224176 604507220 675304824 143558056 631337525 963666878 514958388 548768350 179718387
14 6
213528770 967646972 903294928 484906204 697249807 567088428 488644395 471456823 921154127 59965318 373891103 672422987 168982028 766714572
12 7
106666288 742212619 662468833 103730847 2072243 404162836 776483433 211014792 28724246 138776929 945255866 275509556
3 1
122060954 636207986 621535984
2 1
794294476 400136107
10 2
155096532 215523478 631252767 713393306 573389824 876948920 517898370 318427649 845781226 760245780
13 9
162481897 288403560 111108170 147948181 213484901 647158946 989400419 644823859 143177538 219260834 793990590 108683493 452144938
12 12
765582564 739851810 759335323 180528650 826185494 667172940 267374567 571537927 403681874 17766747 310976051 481720491
13 5
992361719 101627910 289314170 879586879 20380683 156721125 375164570 298609523 383774185 309476723 734013170 855664771 680581037
3 1
365743348 72238125 302780853
18 2
808913058 632107355 236737755 875697306 520126410 559462849 129353532 892546778 179414716 802660936 291106984 906170613 837683966 64062792 957611680 743265288 589701216 432705427
7 2
126447482 415392393 902634054 612422413 842721214 48389905 224072503
6 1
458299272 159375983 19092966 378488683 172307659 249693869
6 3
234149021 911020473 556295808 236474106 374504536 779554656
7 3
710003923 579113344 400338625 125969194 60436653 568629816 90667413
13 1
713884125 48730274 361341163 539077739 260243248 303111858 222923574 508683145 387826407 159638421 64941187 869879415 594590942
9 1
580448886 37895201 797694150 234005390 868024995 520555410 814654504 149214778 286032145
18 17
833772147 73620872 279845252 452038423 152471516 948957734 755001712 586017151 230632144 986423644 856395706 279217276 813101891 237804841 869343262 158277419 182923272 850749894
8 6
947261618 111565450 67238296 830650548 195193222 80804614 624516427 319962564
1 1
921491625
14 11
483496463 299119110 476197256 88743057 888733765 621869112 192223920 638059428 213122328 36047237 105472834 3809987 427634125 212651440
9 4
474131612 362517229 548827517 7724753 833037482 916515443 12054429 916477985 939351379
7 1
372573553 912283239 835021681 763280140 56097402 297695693 55093933
18 15
317167160 859908850 450365926 641510474 807619947 116142769 851826873 657037947 636569066 901920018 251320399 859528931 309034832 121439413 188370303 8359384 343698023 336073324
8 6
601767196 888281170 931329484 952309021 178397642 233920622 232626034 459625903
4 4
123377762 363790820 545195720 326115007
15 5
529870310 239988242 24873874 569672410 108494905 908139305 915857737 430319008 280318912 713187648 247363159 121022391 943007447 744569562 781027692
1 1
684582475
8 2
274692749 179138637 160952715 125904416 733276250 869620147 568616231 817361432
14 12
244640447 871626865 599626346 119172914 912775520 236061386 483636521 543769730 773837954 465879607 685519023 940021801 669765569 352345305
2 2
60610775 332355613
13 2
856777355 162888077 919460468 568205824 113630254 534196972 198303868 346742333 154791197 700132873 981354188 809708101 526470666
9 4
615537954 224751183 583091124 130997138 357187535 216172928 674437283 439215731 218755214
13 13
587463343 309506703 864982555 805600350 21138144 548019322 587787830 390306017 478416933 250058996 735352774 357565798 545177513
3 2
493701962 550168841 520688516
16 16
653399319 745182708 734360629 829420969 717173654 191191794 5816449 341204123 178413284 279575522 631462524 600488734 190118894 939642169 836421719 654770887
16 3
516499479 571696188 469830195 770045306 661261725 96560049 855976235 556524695 699024450 526841067 835922108 284637126 549558700 69381563 691204432 369632183
19 5
637433282 141749200 1915003 553863299 822995297 25660873 723434060 100931780 941041836 364378364 812036692 197351578 441071804 463900532 609148959 109307019 419878414 792748356 845587794
17 12
553239231 21434177 685592231 314577939 190204260 236454935 500612363 699811308 235008755 815905581 641417161 1636307 995265187 463992930 329456936 741075545 460383665
5 3
972271248 300457825 635087839 447482587 444638675
20 15
470263672 723196533 762380414 785890184 880443225 630454670 309308278 473375758 296779403 743441289 188930333 826987742 961868845 362327875 334137995 254977682 632802452 729503378 903747983 710232670
13 7
374517617 596422385 856179523 141046947 954291196 96462004 183120199 962963443 393028630 242737301 84580599 82475972 217942966
5 2
925385753 308997410 871747931 611126555 855587269
18 4
405390046 427167844 833711081 78385429 103901059 178467052 748366027 939694091 36410100 386653589 59053918 583389827 357565790 830467920 411402844 732959486 692304783 905801000
15 9
738973735 173404545 142184909 678961102 267076007 588396662 916843897 806440164 537104939 626414902 478826911 31561171 772649383 375239516 281311225
6 3
605571980 309849774 117150019 829410096 94580616 805652009
11 8
721887758 492928975 321921054 765024460 912801298 59494000 331139149 856789862 798144734 969067483 323097326
12 4
884292445 303841932 163033802 72792707 729862865 375943528 935023792 969655415 267684648 583527614 117984012 616369481
17 1
709816220 8270173 674612490 555446643 971138939 307783787 539828218 669824534 937853524 121111297 96599323 26940354 516514702 287289382 863759888 674236521 256125652
13 6
98966341 582521516 560274559 161960134 118925204 573809181 861457006 682143438 814296180 943959122 87597728 383628476 920368760
8 2
163880344 2889013 33001293 170531103 802273847 255264626 222687614 681574893
11 9
727245497 37939589 21412425 478901171 940826410 731110880 737849679 511435793 258481266 394216633 759310974
6 3
694773193 481802384 626151143 359714391 646902018 705052063
8 6
25067474 476481985 919410179 214118750 867857961 683411505 311252127 422189606
4 3
91614715 103068328 608676496 743033684
4 4
543129352 796281844 566718170 985240316
9 5
326180033 822632652 361018943 280990472 244183125 410733634 241579998 787813131 781347554
2 2
301144294 948355592
13 8
458221627 690787069 646339260 73725779 232854590 346596650 288123707 51385943 599699756 961766362 728754321 924535442 402000726
3 1
984682098 847106704 785096937
4 3
783257552 40313523 138067567 157141399
18 14
79790075 370398447 806006986 353774462 319571715 393144832 699380396 874543143 242928014 942740424 790316372 720468464 418414502 540282197 29576256 372356442 524197387 213500547
14 2
673720784 443201914 571366369 894659963 912235200 294936040 11897295 441875581 424252180 968704439 662394134 309753777 686312025 260741796
16 7
583636926 335427696 6634556 633845430 979603339 199243090 528243234 593201324 605940180 439397944 672063400 148268322 834768563 909819641 370820661 333553566
6 6
330217830 877985997 92130227 201694270 999817428 78802489
16 2
344187757 690166027 907741823 972778318 110855700 251928614 622132075 215109934 787035586 625334832 511848811 825748218 746473893 658921523 519801494 134025221
13 10
531600732 167532982 705263363 778320686 286675758 64824326 106679623 262912407 232266829 208534648 747113000 378473760 816361829
20 13
68384456 856829784 485389591 453287383 169147441 61751826 170181705 391233145 702641351 767430773 911873312 149681148 63351626 188194594 727564252 393738501 690334827 309236989 969650436 393187334
13 1
994704101 778318717 982448461 200583751 876114967 209178204 146784138 546084715 394246673 241097607 601826545 988062480 83690290
5 3
162230897 605286928 367142891 498266569 254745524
2 1
69439932 888876135
4 2
455382512 735569026 216496879 445303583
16 7
682032159 676839655 768864312 703379609 352721806 818672341 965103502 573412481 826781652 314799415 226579498 226997760 970275030 509044820 167753171 686463847
10 6
715414864 789101855 400484412 460011693 403577315 930412715 655302823 909632171 773534285 25587538
14 13
954839464 632018145 56880202 575647707 413349004 559245651 270532431 496771022 114582930 554744437 177413410 754906237 304101383 842196915
18 16
211338269 366729691 7405661 792480410 225072677 851877719 574547017 556415 520047849 370225845 882722563 694423101 992104095 205956558 107512101 803208033 883820395 467414928
14 11
179348713 308400601 334889476 641343500 531035085 492445983 175129545 931435748 132356683 748276827 792428084 251962175 285984536 619365757
10 2
88260258 593672595 3817117 755801725 674434939 56703084 801273111 144760558 528009316 513326280
7 2
678536729 937698278 803046981 78759895 186654157 478840753 274673607
15 12
593928533 405925909 349505192 482668385 439469351 844527429 123027395 29403168 234009538 651377264 352718836 520856812 713340918 10964603 878978782
2 2
859549492 202725874
19 11
616403779 395896010 244017231 484895419 343880557 948493880 498775529 120921244 139050324 13231227 222916780 751833549 381941014 74461660 519757026 407934121 101047989 145604963 221412638
14 14
346076478 505488805 713195599 814501778 351830805 32610188 332157419 321517313 419946857 289959684 7358537 71046472 238026099 823364523
9 3
454148853 668306272 821860680 882041539 187482029 836310454 364804774 471388039 992119676
8 4
148972251 957863849 477888403 989524075 998170973 496435630 471068106 308267145
3 2
493147570 943899689 302273599
5 5
646372228 244966425 421552535 257326125 372663647
18 5
927954945 217056920 110780252 513001777 839522063 542308184 976941393 932823634 975849957 680247060 907309784 804491757 868799278 851329463 636831408 228434 191799246 801477476
20 6
588785440 45422900 444656843 608983611 982960234 699003977 758158724 893209721 942558840 895408090 60907864 489648862 159330725 412143033 513177025 529678354 764462663 331850965 771417984 838517262
5 3
500990275 999936392 363371696 72032722 12523522
11 5
714195507 882053978 702741131 594208120 626743797 823328723 729316486 861748547 993849167 93151674 185379441
7 4
572365242 803806748 425414739 355084400 880939673 743852650 652490004
9 7
998891598 321861544 39929765 954470743 926654199 716915963 901690238 422612297 535427131
13 10
981133916 216002920 269938129 955251449 184139552 252891040 842783715 497621048 212360997 99383616 732720986 567041640 224900904
9 1
401531273 761611216 917522527 867337356 273556363 898075166 317490918 903110286 877632534
11 5
78376172 37394962 698126558 711480045 338214835 411581737 773536791 814848886 756002069 302928803 481934425
3 1
884752134 994148485 673525125
2 2
943160564 840214126
1 1
338931117
4 3
667811368 910076652 244774058 392320398
3 3
622536310 158441483 146407661
1 1
320259778
9 8
962741319 232159184 927880629 915887543 892428290 950976991 944766572 848982202 698212527
9 2
215266597 312383494 910994941 329314003 819453518 984213695 848324439 143758193 928207420
17 11
523618456 390101823 38978997 3134026 794463841 842147471 63149375 725965176 387727946 463795264 734677896 546547249 336698304 810542347 914896572 749322048 58435067
9 3
946070779 885241369 487074424 774440710 948732691 863925459 448984294 701205857 942412816
8 3
857002985 278080548 730337449 5646033 614548360 488892238 549011721 948447898
18 11
301092666 815017134 855132813 602190758 365674694 204618483 408954889 238913158 467079290 378022443 585289221 298326468 136375087 591714356 98536199 405393232 252787927 995896106
17 8
830675680 385226860 953866181 246681129 362711700 899263634 146586000 825760129 847205547 967584727 537952722 931819990 722738728 632124171 698005258 528203880 365946427
8 4
167669307 949757636 500471086 224209318 779151029 713404715 315809374 560538237
18 3
838285581 12296081 154995926 171652679 248536191 478431239 330241542 159626380 147867169 686867297 775800765 542097371 22615637 456714870 740472436 158570561 673491266 327004333
12 5
814120792 568309533 840990132 583465012 273753612 465468568 364848582 255409398 826937058 881888099 412821337 67629845
12 2
279108829 655098236 431281177 628148086 522447451 941882944 83411122 18827576 2281782 309235485 414943980 482486601
15 5
310169170 105221880 506905614 126923345 694082617 75664742 69621775 121065940 751512149 286662728 181435937 369816173 214439920 533824733 262594537
3 1
507568409 45411454 508410057
12 8
72070894 769398585 964946145 113771833 248716794 208989146 12777701 610798000 301699057 20512836 393140271 505651042
16 2
2110229 646921048 60334859 510284547 966286197 152340689 101706717 480237191 956144157 83688880 747321792 173676497 77101173 376666468 733441569 489776615
11 3
890238265 749062731 876968718 282017982 316290522 958978878 748211468 41255235 706515424 802116669 788485597
7 2
437422346 262668225 916957574 784242731 991722394 945395835 859762071
2 1
480775094 174097160
1 1
111751606
6 3
506102246 463071578 675431724 197492808 770292565 855244381
4 4
326056278 219174357 408058545 326645155
15 5
44106826 60063399 972408672 494373905 455796984 531157046 365976784 934655580 302155607 910545099 602139498 129530983 566353041 280049825 805343138
2 2
963897005 432441075
19 4
424141904 138895846 870380251 993657416 866099619 294305009 374990986 24104729 739756845 133745803 690511360 858588608 334706142 206034131 62871364 584259694 189065994 163032125 717402390
18 6
167941559 790809953 656563087 768298994 975882819 700617636 51461787 433728883 348117045 119780844 688137760 875735333 687831988 896924521 13626824 207374013 265331214 353540518
7 2
324095558 411118850 323965607 376666588 233375465 580477730 192724597
8 5
819697447 859680550 227015201 940981340 572238787 11106708 461589750 463611897
13 5
62687561 55133877 911529499 652731823 439914086 904704310 467449761 159981497 75872622 319504309 356465574 613630454 39318898
18 17
216043159 477831369 770068810 140329305 829237163 61691924 632321296 392220411 740472497 902302991 722586053 834712097 722060506 276797502 394644991 777683268 572448533 927613822
11 9
564344919 618377057 928923656 819334425 211631723 460723542 919706402 961803315 27845367 800740666 832192799
9 9
68371241 509951854 754695652 184593619 899039236 321783635 238351152 288768607 849391258
7 3
806787312 472337406 738849227 841823335 182732948 742522942 531995120
17 14
355306935 668563425 64301929 190583922 435935923 967796449 642140385 499236638 751461831 53837191 685372130 809298635 55906626 947725172 71659482 568528727 242284785
19 13
239364912 598915785 530073629 249371688 951030802 275736244 828598539 246319926 297340419 896648552 992633898 290582532 173506481 312821434 761274612 403312102 372917546 884937083 258858275
16 4
484274205 828711464 382445070 470554008 904588896 420028134 958351954 773787061 824296196 798174805 478010633 962117755 791731211 147511343 586410182 462860809
2 1
851163699 759787791
11 6
854362867 867133606 59067194 861947387 891912659 363435450 791010432 184245989 853591008 149566485 755770064
12 4
677524885 958336241 637906779 72615657 330853330 494546790 79455711 597101084 223043014 703624553 593460780 691622357
15 12
380895722 104437380 785664402 418359079 824021815 447304398 403091096 631660560 854013496 929657487 633527420 587745144 639867420 408139853 495152967
17 14
528411101 520273815 717705631 211082333 790226930 20782082 159795607 938017779 254221347 518913843 372249419 288442315 872929558 329374706 660714912 257067328 929169780
10 8
616450525 932421263 306380914 431385223 197196756 992822308 575427504 435963211 424395084 599496158
14 9
693504238 48932637 245757521 721624850 462008253 892395306 412478374 347942226 951695123 776464782 793531672 447359218 4575777 367204058
19 9
458872099 141643905 121921320 120844230 826162936 862526658 27899875 928552588 85559079 940768095 993095483 778188187 406383943 725614094 631615766 586048486 856678747 737208284 46555116
11 11
640110771 701533669 477107 80292888 507359566 673406160 561820649 719116759 498448093 207780408 700120640
17 6
799867107 420200126 410369805 915650335 220280526 904658884 881748126 399014605 20009435 703056194 66223678 316635918 290339878 544000033 211397690 165690960 789875868
6 3
436941511 345697194 92394521 167863728 379233940 807384554
1 1
796878818
3 2
575496995 232911591 752767117
18 13
774940662 817842569 510344956 42291608 586839577 258168182 958335874 452425702 598256973 173721246 114739938 489291072 467455362 678019493 522958898 188084363 234730658 364142903
10 6
954976619 457680556 38224706 238821024 374641968 97366351 356714317 506678956 17248099 239712463
16 2
961014172 456479728 827739786 211363135 544394006 631311041 227584746 451439551 29572136 340398698 398884729 645319399 78982024 674078263 205220968 679063161
8 1
49609108 819747300 932317105 738222557 249267875 700453895 830251430 791280666
18 7
418603472 384774762 458156052 802490798 139653454 296386406 211922613 829816539 589000978 890893969 394732965 286293231 982384326 867817276 734262073 220649657 71394334 500183184
4 4
173876252 517625694 4855784 411336218
10 3
218758493 881566721 175087039 429683167 424036164 101057563 343711867 509558679 415259947 560085384
14 11
685545553 340431845 476082722 875442271 721812196 728990173 334971231 918391650 237052642 149918320 880032941 788450354 680142163 119695767
16 10
392934967 6567866 516480493 961099874 10932088 515689456 731577309 507868943 475068712 270164969 960255166 566535034 169837069 91037507 538729553 220178846
7 2
452370031 277548180 489109132 14567239 687169417 340874082 349142864
6 6
52218041 73631457 652288028 892115724 950146506 594740048
1 1
500181091
3 2
201115988 324920099 180204292
18 6
468557510 754812529 512137373 530857088 938618091 565144111 24529457 43951032 161097519 278512387 606198644 618541410 875013891 385495827 466184475 958697783 544800923 467431057
3 2
233461069 514038349 349371765
16 1
187343541 362932734 578678288 451138600 865647055 664698256 132550581 804393524 576375785 688161697 719005962 866443766 563040995 489486380 647001839 583453246
4 2
69273847 623318558 149094461 531837093
19 1
130968362 961815316 16777885 961218136 724597157 549772146 256887733 848520578 111329273 105448795 586659460 988606246 589853321 307895981 606923503 638829847 286444193 511711949 207480494
19 16
538220351 536999815 561310836 517352356 972051739 348919453 114814715 744954347 359190246 37836030 243963548 854092537 786812064 96798232 315485978 783720837 384825118 649946640 885799075
3 1
271828132 155508995 74950855
18 5
432026610 11228395 401597352 543452843 881223484 956367623 63659126 153524969 448811288 591989767 291678628 883531480 972455190 753090290 842732950 169390828 719294644 601700372
7 1
273714569 883918592 205659859 848077730 102180302 754404610 72809642
10 10
314449506 28675156 585335834 238046208 725965836 262884793 217806621 703602295 998051420 993449971
