125
6 2
44114989 967080058 201251164 236874280 11775279 780930817
1 1
680203191
2 2
49243100 849857370
15 5
442172640 785657700 27051290 937546364 993635066 772810170 341637412 366327667 82768061 956042713 218944396 397855095 981189087 813312185 582982470
16 13
952121738 793136235 59368537 569829480 122107740 779087288 813975272 532834023 473368279 510516165 70865223 13352665 451062053 760648837 48852770 150724211
1 1
913630876
2 1
390647996 716128401
19 16
600860813 909601378 284125706 78246102 396889593 151470542 738471505 900889223 296237156 327798797 656750769 770018548 179274188 877702816 143066879 162711659 528957847 109802304 766494744
16 15
316130170 477666752 69668299 968476385 200574944 889812241 459865961 255842135 994670929 659223617 668485784 954364370 642876194 891464803 524760901 74081138
17 8
291262744 713791733 164905961 420504654 612054715 384431098 870832124 844533750 284617861 309366490 910724359 332085951 72635597 43232126 333079425 127701027 58189532
17 12
811505647 77357829 741249470 535267425 315263707 239701328 268906010 974226820 463049206 201811203 663194922 889541830 945081443 889435978 852251580 46144883 11710193
6 5
553473849 982627368 163977807 974715254 449071101 482085165
13 5
444648742 696101664 326921756 105247259 810710589 302613451 487300458 27349981 571042108 492567641 876348612 176999828 123868802
4 2
375832195 955876507 2535495 376211812
3 1
495181811 860384434 911266057
7 4
773254596 314876377 652535188 157038367 565578375 229095461 502827275
8 2
327077038 162021899 774128015 154550760 970048086 969133064 860746448 577685385
10 4
463716878 317325162 384826812 996439623 371505860 771097872 285001795 61687527 773788168 193096005
2 2
283905082 509838179
20 18
118997091 286575134 588940722 379988879 360888989 657562272 93421554 363077590 991819440 282859286 217108624 680074352 965821612 93361043 948891398 381663687 381545009 508010862 680998077 919739211
20 2
10622597 258500852 985843962 372879147 872795543 249219855 764334415 392737440 594967325 255247940 668696137 156035386 733878316 853606925 1363253 187834264 743057023 528894339 194517314 161815500
17 15
638754155 12218095 171607008 659780288 711619588 846519317 616386223 119056745 972851810 366216413 670926775 430223358 282793254 609005454 440080036 27203142 113149160
17 15
456289012 176115544 160991900 743688610 760191959 338636200 983561192 20113043 943461542 212611598 811325329 195135835 878567623 658129495 620377910 306503608 875595674
16 8
197806266 914876191 744058419 566229897 159126416 891281823 203056261 484735090 434232992 343150249 943749721 983440447 288099122 508480590 296507880 985705801
5 2
967002703 633762104 127511452 699888377 401641351
19 13
757369102 239998329 794429286 262073282 680625179 768586859 876919777 151291694 99123594 167668206 747960013 314070344 764170910 912374404 370524352 817598824 578202264 439644907 36821021
4 4
487393785 883526766 824271159 829714824
7 6
121390454 955995076 940445038 383971927 158689125 361092350 445608121
6 5
29984930 254731034 397891599 914134024 882641926 101056807
11 9
732876502 378173853 542004073 904784490 594593914 111431524 447131660 233631384 496514601 93581453 162760352
16 15
713614922 963685117 909210488 366851006 344703342 309231221 705339830 418855875 699655888 554529612 645148799 313311261 215949163 384623102 89285967 621742893
1 1
702911134
16 15
734789989 391642817 777267441 597041146 165416549 408847057 240483220 750491121 621906176 456319900 925910005 282060662 474134503 90638755 742381326 731459279
10 9
956691801 76816311 190279582 177154920 467872606 43436100 184750710 972691644 105045272 919585009
20 5
650033273 738911563 737008713 906815083 504393498 151384558 240266353 747895319 654803891 951067428 601114387 547552794 257989234 241045061 405949673 484511216 768788697 894660531 274666082 407398061
6 3
476354656 682418771 500644154 979057622 17074141 724788393
7 6
894599567 486086842 499502385 979015735 672911362 833020526 888220236
16 2
189895956 159349760 819830689 663647086 141674074 358954663 953788285 616862514 442078288 898782299 235385720 304203514 834992026 296168889 16968293 264934432
6 4
780129763 885130089 260428788 592283711 630018161 129404100
18 16
200780153 49471751 615038101 31551802 652078983 79741664 375868821 674993996 35191207 443965464 593328377 665370742 825349613 492753708 984174557 18307055 682363366 163612252
7 4
500128133 262904669 637725588 925442169 862012947 750084913 291971861
14 4
969167669 964369923 668340888 132794816 512051063 544374668 533462980 935347283 156308135 54331722 591895005 155660125 58180504 750670710
13 4
767262917 277605248 384976021 270095077 267429837 979118123 656160072 28614240 776248076 419883769 351954557 494970525 91073785
7 1
851649141 168745449 227528309 534202581 596517531 259655659 881481126
15 6
865459080 14853937 628229167 17079695 688241889 97452903 179897375 208399812 488171897 783415242 301887778 359038559 920951392 530621243 361302377
15 3
829867303 55000226 847312257 850426822 807740354 827607767 797532301 875871737 851761652 773062668 774012493 985683561 893903041 437927107 25200070
8 7
669324477 178464242 504523109 420166544 642757146 418205059 987105387 900778076
4 1
739814880 758931912 743240515 902371189
15 9
91399996 557996433 621642471 385002406 912901188 512417951 633025131 935251845 198350380 33388152 904146112 526272140 195355059 590909835 869996711
3 3
691671991 171879178 932995699
19 10
27112965 524844126 206532977 780141342 864353848 4256263 541747849 594667244 216284073 702636012 249596496 129574129 71728094 955052388 610172220 320582732 43518279 268710584 354437204
7 3
951335505 108162231 95076416 912996211 603139240 32786044 893911378
18 5
891171078 381478976 391727095 317150876 405054026 285138354 889837748 876177350 438342350 23953058 403422472 857003543 80927497 181542380 254750122 725934635 661480452 11992322
5 3
862478793 665459427 50534920 561948671 576190356
12 12
811824471 301135966 591027268 253411481 590719430 485153200 458503090 613428962 793743412 277237807 725539981 20397996
13 9
620774871 298990713 726668933 626754321 949785220 919940804 115711927 51608231 117838909 548113579 581605684 356085943 597558642
1 1
162644496
15 6
502757065 418082908 197828875 25428006 915829177 904279464 699330259 807780095 190067574 38078365 676035763 287011102 693074307 474992422 545349209
7 6
242604553 767909723 505828025 629575243 422740266 626968468 704445025
1 1
183572531
9 2
950976254 642228941 113514948 825864528 453549021 72920275 94217184 965304618 754347138
5 4
997159902 862609475 491300047 504383421 58814765
5 5
810789187 46866142 857518259 906851016 187639244
11 5
576976248 991534576 108396860 624802088 73256606 704729227 952744297 189963005 741082311 667410008 98619990
20 12
913620534 249450147 55103694 117460137 148850739 65563584 969686901 197813950 239478322 911329601 948335158 75465051 380072933 787319969 687532726 12122189 441256694 464261621 823534734 509105543
5 2
864399830 906934337 625739014 692514396 552501687
13 5
801737975 824785925 684539514 288929730 866442216 737842483 829106797 69900722 710771185 764013847 147210351 946354294 835039743
8 7
108760567 692594545 229936970 383364891 275195618 990807260 577475550 853878594
19 16
791761348 462801860 366692720 649339864 244059473 757292739 38983299 21658406 897659453 822663187 598796397 773833653 307316176 800445490 689306173 576259346 480429312 405083441 879681545
6 1
673248175 569714411 739259075 414782248 916520591 973960799
15 7
878077782 256808817 523831243 743625717 728535599 321802331 461432489 532545106 701749357 492289172 195253888 87211466 53249434 173451058 250970924
4 3
944450869 49890990 814887939 11583423
6 1
797659511 935558086 838892581 439686293 386271872 980779957
15 13
455197907 153103444 796350712 715632779 520136914 860436059 239403497 352441281 346145762 146602225 475802584 863983182 617062177 354632175 283037747
3 1
998265860 901076635 968946889
18 11
970783100 690031691 91996565 134335956 418604230 693673374 730657869 440292572 679525076 2386247 324921324 957466988 73073944 561712071 69221494 386308435 222839376 796219967
8 2
383910818 979398355 636950187 6851974 593569023 838659172 667874453 126098358
3 2
32394329 662882672 43625241
6 5
546432969 169709986 890422509 847726678 514766163 85646365
16 7
10800967 587890588 399586453 920449186 702200188 44840396 948141790 765595568 522166929 627445877 969987169 609717782 346501883 589430008 552978615 58697441
17 9
202514839 367200029 269700341 105341441 793871973 317642089 380963014 903223849 892334027 422669762 667313130 454781235 671857221 714256187 738584959 29693653 428635750
1 1
946578692
2 2
846316277 166378977
7 1
937651687 35690515 203748116 215102060 74952216 221998673 633662269
12 5
285957256 594884424 425777743 885158959 273077188 806193640 951176780 560258574 505070985 427019787 909784417 747740279
7 6
579759648 77477109 907520126 682880577 8442512 457672468 796467213
15 11
340004213 476463059 68098936 163555431 829105502 60773807 92384588 286902830 113359612 17446138 121311229 970718090 536379873 149923536 214009663
2 1
609711046 641663124
15 7
152927361 807239023 266724068 418784430 907912736 845913192 430730377 672078741 550375283 493910944 147476419 464576973 425435035 373640726 775566847
18 12
490197317 474286189 511523682 84293005 142273684 661592715 354028282 963759152 884426779 332699421 91948779 846422548 662008796 927001951 259461679 983202427 559035010 49411424
3 2
103015108 512207078 967713794
10 10
796943987 730372143 319031388 30845602 805445719 704990036 934477402 626145921 125988456 660296455
17 2
456423212 284105311 323204126 675883812 760051740 246223332 476032855 845996898 275409115 118893596 67997469 323197749 350911846 455130423 947906417 594855004 717018820
16 11
673150258 918198215 470430445 933370941 538298134 25550794 189368856 729085963 405644388 760491594 394479544 552328226 251554443 309139219 786151128 307884539
1 1
170833318
16 5
392959699 671434329 278307288 673247425 130361401 73040788 298891316 72322265 923520547 102910968 797530727 219360698 609199590 203293004 910326434 431640273
15 7
682112850 607584480 327000259 548750643 582854613 563233572 458836328 983124274 647133236 73859607 382989761 912443471 177424905 760156626 680079419
14 5
978274964 944919004 488480754 431277054 582644284 465261120 754372535 823929896 684461317 416110748 420326741 18182742 929555150 705476186
18 7
5635970 207571151 768966549 59679693 856456843 792072087 777973019 622823369 88352051 536252764 450590177 877654867 67809668 576073389 49027038 951337398 833045703 107845043
7 7
917240531 414849353 468114030 176873676 966281755 211421758 372986714
10 4
458607587 401366259 362061549 439453073 10906622 393394499 726613041 458974654 464171230 36343665
19 10
496577481 993007321 36670956 573431645 932643776 18307846 315219407 153353764 502624456 961429944 942615727 175972220 408739535 427221273 886142657 822930413 221400283 785546783 303217754
10 7
817636154 332322337 815168621 786398554 310604419 118548781 489862717 693761696 922794998 993849301
10 3
503847411 463544600 714208663 969699372 671364213 863419906 859896551 84141068 50155355 801297805
5 3
504255730 199669148 141859775 545056460 838592606
20 13
85664225 406049766 440952117 186435803 165335836 79805140 935171670 618295301 609796001 139317054 941217724 916490580 82613352 623722661 715366764 708016892 80822167 230611886 914744359 117711083
3 1
869498657 545907380 932546477
8 5
67076046 276405976 85787910 347196585 891425697 380917781 827462530 27377537
12 3
457482297 956439484 121373983 982413238 804888624 798948041 4609058 863258741 955277598 458677444 856238273 990297540
4 1
73226257 917470680 737686878 197398679
20 2
297668953 215748528 733041899 812225639 146558225 817941850 807311880 830517901 107780869 554665787 741343722 41568184 541281598 566813286 80559045 660296104 243382261 602202302 149911606 753634372
7 4
985262519 124489624 980104144 88285648 443193261 142228430 886619489
20 20
569568330 897608823 610765349 809862770 5814388 960823853 645295278 242378131 494509214 505473944 353882780 445196570 186685144 941427186 336619346 273427773 441726203 438418769 710442771 453433382
11 2
593772756 760347470 873114909 285674695 227896578 610857510 403436266 578011108 298123891 771493178 62059097
17 11
865910579 448984097 857260721 824511886 420340238 621125767 667596295 659024026 947986252 538479082 315104894 763512593 11891835 809005996 99517187 786141725 717308410
15 14
210468756 946428989 928952076 411648779 454683765 726383164 665854986 829840433 804086886 75114487 388727603 273096050 868386248 702643722 380105866
7 2
611384828 263902804 174570828 217343572 900850495 468516940 611138034
11 11
837257384 495572825 76421006 423131340 675474070 773932573 164373784 382525672 711218918 371751383 542835487
7 3
915459413 685110170 936360739 599617741 815757679 935560532 149160301
10 1
22126479 918888072 835903058 517085340 856731233 964511492 958307705 999088875 958067646 326603527
13 8
349606779 861838231 788295722 352850496 888490400 874430281 778024256 885474804 833410887 455824184 538238564 218770023 51267511
4 4
284211505 153077313 286922620 63848896
16 3
273858071 109893524 993312126 64214372 774285004 805545215 386677923 8127656 605919098 507349199 180571764 186255668 281102308 438967253 579414506 578288985
10 6
830086127 552451446 511443673 284960713 505076772 308538559 740717301 624722993 59148124 546757570
4 3
165565891 793170165 271477351 726984945
