109
15 15
829064059 475722774 167304917 717527107 710542397 113657474 487418026 404192319 537532179 456605171 739957793 95377580 516961683 345108509 284234470
20 17
990060132 653666840 318062833 722971715 219353493 221984326 608750150 495700385 326302774 886977419 813662650 321473611 27646121 951272788 752326158 16180181 4870045 682758901 436797916 612176838
14 6
611617686 282547206 766696919 821637079 627344071 165449900 372214223 855537470 860142800 903392945 506515376 351141107 664819307 386001429
3 3
238261762 220600435 243845927
10 2
368039839 227263849 127454647 446405193 884246411 495101041 349719901 352131919 57979649 162160106
19 12
426814673 195944594 619015857 403198106 577845304 717345846 690607131 929180706 633936418 693517855 110323157 309344236 600378415 737120949 677416187 680113153 581459295 720316466 355861613
17 8
521636254 651998521 556549208 250271679 943219242 514030760 637375526 558410131 513584149 952537478 399989477 923813656 917242139 727493490 886248140 2541813 819904197
2 1
771589170 445995957
15 1
12556229 663080146 12562457 37467735 502641647 230368651 989467784 591856909 586250640 235700624 939638311 441832823 33048404 369092251 15887780
16 4
309270863 406128897 326131496 527071827 213074356 662148970 42274077 436015144 850707092 772124883 993240702 400132297 306258996 578418029 570254558 187290172
12 4
227060719 946521671 914889304 271870792 797888386 275918107 508081123 378950734 748572418 142400847 789007232 959766952
17 15
419399140 307591389 62888715 249735303 346174724 79530728 705236473 332932018 47727124 909998487 357583872 610700154 978736510 973216038 476798217 93236353 525470422
1 1
993489430
19 2
904884318 506443166 62732050 807795821 28140878 85814496 109487298 784844409 635439150 387995794 96994562 776025667 776378303 981640409 58501416 140095263 616452359 886748140 345233240
14 11
826380322 121106494 738533938 466187977 313287135 293821339 582553430 361808117 373419322 237469839 576990857 487422657 35658031 103945267
19 18
408224521 966586605 921019152 781327841 199716205 897592072 710621799 981399203 296658171 233932394 183492534 886882197 54547708 958585563 117294550 525268407 544456709 179130288 257923485
2 1
769773142 153144008
3 2
945816011 265196858 61917720
19 19
572356477 902904591 383846079 955050148 419834075 280477888 913294245 556363784 294836295 674149230 675571462 972224771 59160417 152233481 492555182 905674466 473419863 58160501 499989961
8 3
75118003 399657360 641773033 615919625 60771658 337799 974772613 202381694
19 13
81171794 175312256 854008898 824511944 457257922 848259281 811352285 178882333 860311958 698224520 13638136 89098421 208743907 209918873 185957420 248504905 318382440 846539374 959092766
6 5
741634158 847857265 605312738 743360422 383653433 391496903
18 10
568331310 542990841 539926134 694059902 114270869 951766065 512709129 37921753 13543672 908551197 118321396 910422982 26153422 189768053 144097511 984770757 976467291 181517907
10 1
927673964 580330821 876294584 940794702 786587594 712150348 140596533 206777583 105812354 868434790
15 13
367755560 44232600 260690728 306078945 749345336 170504955 807638127 334935377 626191144 582670847 650541310 880990035 366084462 505687968 83080204
1 1
616705054
2 1
880567742 668267672
3 1
804173357 250450954 535132206
3 1
812976784 378103149 279312774
3 3
978573169 91804806 212932050
20 16
431672198 817125614 508050972 328396822 89868669 431460650 229704761 837069238 794084650 813370816 66991313 290882386 451128020 242529068 225794892 639565578 813422034 779286960 356094981 133843188
18 8
472515039 510482946 165203517 624902757 366240540 660419540 809906012 447361808 443174371 641530667 982144293 721243501 607146896 938108352 326395580 122636821 358984367 351203438
12 7
219043600 86434964 895885572 656932136 376704477 652444466 992667864 137658558 327079933 493050655 270052721 722985741
10 9
533856713 121106372 472759508 559916001 472641508 361490512 695172884 58555068 651074019 57146466
20 2
821757157 894383260 310907528 10935915 325463112 490047421 857747945 692722498 400941700 361768259 38942734 467769569 319630772 957885097 653248077 271763282 33764629 382413387 144813178 103606090
4 4
814576585 833447752 98649179 230681170
18 10
640096088 499559603 339388877 396661044 779918059 616493887 198302116 317709906 464736324 440846789 964579220 826166233 116591524 217087200 305594043 830873733 253884347 811450439
15 6
846322892 258566427 405658327 201832828 710542846 846393722 989017699 373629407 976360860 687190645 155659319 76094915 910172977 470196411 69512719
20 3
915220534 402551335 777341995 209193433 107646398 606719866 278209446 995928339 264211906 563962377 788201788 807762081 53083488 328159335 683579281 7868801 586214293 831570060 798948303 14054830
7 2
477624399 423064865 383542417 793647482 739970343 987333484 30706212
18 5
682403659 463339842 523800121 833762719 921637159 558689016 430280184 228623575 829181293 268420838 980656910 747611813 71573569 417649423 86928495 314160012 616920544 115382576
16 4
813231747 285692568 858605490 16519054 366931512 150615112 990096373 510037290 661147809 560164660 812561573 856801314 151956035 860375796 596347988 260675654
2 2
119492474 951710798
6 3
472453619 320240229 366471332 702927820 324493172 884621520
18 10
465583035 262951455 328719558 819321185 899504572 519882311 150978260 397368995 881551582 526063262 412350079 94578493 145320796 225056027 250448757 67691368 919164230 202043033
17 5
202801266 476321528 61381727 295070842 673950823 882779749 982329074 811302056 878318409 510125804 779940092 272301689 29159256 657046030 834394182 236085219 475471361
16 4
195262706 734513162 480728996 446699808 859060960 660278911 476823100 981013987 116631418 951854224 110272168 350731308 816516635 660211319 357174262 682133818
17 5
638128553 751646980 615318241 775536930 778189502 858944610 58825574 437815131 894461732 722053886 730657925 876658076 477509875 415291740 505528747 67219519 409598665
5 1
207650399 155543881 683013366 370535018 22824164
2 2
615958630 750016532
18 9
737380585 313751550 306165008 497899484 119530634 991203619 858907037 596269971 180287171 950082785 1600219 235648195 389229549 474311743 993228846 861421560 636864885 810199320
17 2
568353988 317248423 473014255 268045443 957848277 568978556 322407703 513506771 344610545 488425819 129481843 225817836 84755536 634924763 880756700 593080527 89320622
9 2
481301279 556652798 490985074 356672571 111340333 438110180 882770726 126034599 943064225
6 6
947252648 261759673 401689565 56522590 580980606 783071079
11 8
85240485 449864432 716645696 885255594 617562332 332830900 597982254 922933782 108426408 756012554 222860340
18 17
579230085 632449200 256343187 640244990 862483977 843587228 257017829 884626378 828830598 43841266 21914245 313382269 601897703 548050616 810939758 418222943 982283328 996791179
3 2
288203965 59433510 265619780
2 2
739450097 724204208
11 11
209033943 379369795 994253199 786608196 459688677 41852395 526600126 596152247 217601761 144486967 749778008
20 15
918450135 293072809 453730819 27976141 251799052 972196445 249430815 886846459 268839836 445966986 806990963 121144397 235032158 35602941 936345662 538246795 829611236 180118963 35373385 684958478
5 2
548641485 455018853 896203952 616172919 263875752
15 2
684752083 385104582 76631402 603936362 600794193 326908252 995202470 381564550 602178716 355600988 48048258 76996578 230198661 478874509 26542415
18 8
64800979 406014772 844793768 265470395 436022319 680725280 71864599 314876754 695872078 680541371 253309573 85806774 737442477 891791218 905433748 852068417 510144763 300760413
20 1
965947590 675410149 534092460 448073451 145460401 392675360 153353083 215188670 510488642 498969012 196308527 811440068 932190749 270189131 541142668 369441352 714822225 806421159 384817323 532085376
15 1
792911839 663801413 727117914 929470528 807901869 291176904 482995533 688947149 704663279 53596024 750048342 287382862 722996118 77287607 560116801
20 6
365291543 345086156 319539116 407536682 967113314 793286372 926663239 582171495 17396860 84237119 298825391 818819890 443500140 858488278 813571312 398684085 322256779 285410324 366607756 956682087
11 1
223749838 328090284 952084737 430347288 701144665 10178193 20728807 817062859 603429302 644924106 147081979
8 6
141198573 592285534 903103772 934278187 947615279 510690281 478572326 110428329
14 3
908758804 93778246 850975811 254858190 24608034 470613337 987461297 655736814 126557655 923695181 777676071 712419299 618502677 816158072
18 2
549281978 427549156 352940051 281821497 78112162 524877440 901038318 930836162 463326288 585933680 897051719 267456335 965629134 798871712 857713725 926554392 52527154 783697826
5 2
487318100 842270340 377399016 441167083 460085063
7 6
305661153 940625470 689907782 156121380 535832515 487797245 824890117
13 12
633921096 191584572 472596428 215989183 500712954 330311889 433044814 4903725 100859949 400440671 177788556 478542416 129761985
11 3
672330054 92377104 781319774 162377305 227489678 824553432 114677841 126767637 804009643 316489053 615275370
20 18
672983910 535144308 757877014 158521920 789350469 824218791 856378629 125380847 275006800 226060280 86551478 271047587 989276317 466157367 365954477 454161771 518726020 240869316 262176562 792190889
8 4
40265655 95462791 221381006 719948669 451847968 596308049 575319592 178570895
15 9
378700478 652985053 13834950 74250127 432181150 499193972 526302733 944836123 975650104 804568456 612900857 187655145 125512218 983431844 243808569
12 11
490981745 907256802 619758275 563878124 439751123 57328210 791739736 870839782 473491606 493312480 420074197 935370514
8 1
6652365 202929162 641862056 26781010 386702913 904495159 116105088 748404276
1 1
936651636
5 2
789322840 381440391 574678066 772174975 192774956
17 15
280983975 768885057 742374855 11508249 865083264 709586756 54091965 889946010 653057608 932520238 568664228 810361094 977388413 216069584 430539620 832501366 53762530
7 1
651967030 660919583 88774624 580127971 215746836 589833776 391785054
12 1
486758507 989582071 752174880 363672950 875016664 360258340 388543090 981759820 109029966 588085348 318968816 660312087
15 13
819463462 66204756 319407598 277999814 437042563 247682555 885949261 474499181 86099030 285957392 916257542 880888098 700324918 611957046 770041469
17 15
960852727 487969586 740914607 535480972 534426991 732637008 115741894 19718884 875553695 347875812 657185359 589838282 81945602 715009571 688757709 200350037 652913379
17 14
557546605 750039636 14363226 784262903 549502350 78489724 258706351 272627777 702478068 326891744 297400573 385798142 943890970 969867692 955609529 831112530 847912918
18 13
282493569 308506645 877586848 801682571 517519044 441660678 486247175 702193022 409414019 49375000 127225237 805574904 528445532 669823986 279475974 651563697 171091923 693881319
5 4
862561391 424539321 903028916 651634052 701056866
17 14
208822659 973904982 908576113 945404339 730335606 219898432 391199725 846973521 783064649 962526285 398003343 544550361 138300054 989146036 84888279 148428606 390245367
5 1
629474930 953654316 999894131 124381666 463004029
10 10
50698732 812199039 910704141 482610075 72819724 163686718 87621575 716277250 973800259 720797396
4 4
405526407 897328591 286171970 95515753
16 1
631746345 98695049 590237888 251681231 274809543 917676967 202459572 670919074 936839733 776220776 321275818 495917310 502712274 514006611 323623152 687764874
8 7
98043372 567632712 609606429 69981294 581408101 590333752 786170044 997814372
19 6
738962580 316991825 3968118 917652689 653233856 751643755 111131611 253127719 291492151 332184119 648038110 259778219 359064342 900773644 972283946 905964811 239744759 59342934 68000761
6 1
325073961 565372734 345244362 534009275 692409217 870668667
2 1
122421121 449854698
17 17
235147659 742901995 704455745 901859915 851121189 10615535 458359647 146771253 895679895 729965187 811770793 191136819 728343007 910232370 874661098 339323080 680438974
6 6
975843281 697776926 870890263 642123810 677747990 501038634
8 6
949638935 60673826 618916205 530898233 802043807 37433333 362271873 686555053
19 2
332883076 527198107 891018999 372782102 40275056 658840245 323485758 534040979 728387799 576069354 420621750 225183305 516119425 94874790 751741182 123554406 322725815 665697088 70569432
14 8
243204386 297616451 639494981 303636964 116865989 515754722 532304272 272624537 777665799 249634864 452953008 77633854 836973325 650848616
7 1
698781904 129840213 826968798 644550138 353223794 251813432 991149499
11 6
476613214 864111911 525021982 171672317 775024050 696043906 802885869 376821745 522430463 265745647 426937358
8 1
268450800 565562309 424807845 866412370 151126101 682597569 755370710 592250831
18 9
38896236 417795392 554299883 819317571 121713711 404958717 539302446 395835019 227604399 105145637 311150755 277263323 770826640 124847057 20445268 32223540 905324537 604877672
11 6
821873539 31322356 566238189 931011092 28226638 125293097 685614299 368013276 734150423 783451418 773410802
14 9
62638165 475231249 270991388 948110010 882369481 347402855 264699034 275831212 900291298 877975105 124203097 712975900 642088024 318167158
