122
17 9
520269104 308163937 64841811 405412208 555404982 796996144 190750121 912195891 678102183 174657241 624708452 211128695 321444743 606447616 261269534 259526679 364003813
19 13
714682540 39745898 49416789 34946125 168924458 229270081 752190910 465150187 606723756 730306484 743713756 119165996 915464785 352931666 251077850 691953510 826900771 583495566 662904014
2 1
326346476 928254285
11 2
484100695 630149991 38419591 752184385 433385536 10754967 385705924 210031221 891252223 906209338 340142196
2 2
896804346 602347485
14 12
662906655 989417036 835878482 226993377 362084088 854240250 849953994 892760616 892543224 804596848 614475975 344250918 690577257 499544330
5 2
549881296 176745188 137788031 478285840 185466416
15 2
867797917 98739186 863179781 788856066 296573995 94847109 417577174 557674429 963606960 738316370 857461832 21816624 879253645 125292751 754635236
7 1
390624931 275730870 768516731 992651781 767496107 954811992 907301180
10 10
920691686 485964611 38900187 627842758 739497037 384904170 414685354 399385172 970882318 125595337
4 1
115950888 184079456 953882033 508421113
12 11
85959144 176400842 224346491 17521242 321931923 561257465 504517416 235944093 539662823 110118213 218694235 13194509
1 1
933193373
3 3
147796200 549869229 74442154
19 5
472648375 307131529 590404011 314170205 869594400 458705350 827187254 491113720 241977392 583014843 758967149 911780042 517696272 728099227 199302883 385993945 92858093 461970032 390640539
12 2
413435901 83013739 661762059 20212346 556786762 713955244 2693090 136166487 253713305 767676506 754450151 382483730
16 11
176148042 544734063 564923764 234752159 801461056 489018606 939668785 212425144 801233315 718089448 445466816 366251399 12731136 989465577 77814448 407557608
18 3
454401898 793618768 890414243 834400882 137534798 393854407 583340225 820322207 375100664 923980911 342380023 461690456 185822429 832942380 541453632 151811716 213822289 543626664
8 6
558214424 692796362 634569927 236364297 950414960 838076256 592481129 503962392
14 10
144317162 617967099 241146904 63900954 932512092 602183221 991479448 726621377 560021203 112765741 258355132 397916498 145649654 459186563
17 2
561083597 979847651 449112630 808959571 346226972 993177392 686954918 118491467 611819021 788488214 480647248 654041169 903343101 556820601 475697336 777732240 847311454
10 7
832636468 998184153 301326446 684200934 340570816 732688783 221681855 534206217 518772812 671830218
5 5
910615018 745878574 101642147 286247826 924102908
5 2
638927641 577169063 97576994 995902625 796917388
7 3
127894568 631627893 377403102 736101706 802377616 576174136 897616837
13 3
984422737 158831107 784482034 200386586 332209132 924107675 464208391 157245185 532882997 154536438 63146870 571799329 724358848
15 2
719795653 462567788 747918742 290980618 663115996 26113383 941108208 902745504 693735744 476698989 667456992 905214059 427305731 230557707 919901630
7 3
688452123 845417864 802791322 485581741 718045111 14016234 716167301
12 10
717768800 690324650 208115969 856182795 185561762 937224831 705387819 639403740 142658208 105635337 764580257 660779431
17 15
678312065 286432753 473346205 863891770 496270661 262428813 751929656 968944639 565275886 792724498 157914346 284475192 897118562 801038515 364810257 971957240 207295355
19 19
302676775 443939414 690644615 401095233 392914799 70766718 970672944 798723907 34552281 677679779 936414797 244560104 52586229 501407757 836075586 175918586 432272257 420339911 322544401
6 1
711309029 867574919 790194474 155588484 539657358 640023526
1 1
80404186
19 8
358355085 19894590 735581381 686889064 147817140 132359550 105020230 252670997 655294587 945246081 492609298 243570854 213543683 678228692 528831233 636881872 957860852 587183338 206187528
12 4
163188870 341554857 918470059 610240747 400834642 167333068 581611127 155219663 35340470 213397982 870722367 535738050
8 4
151349532 306906378 79080288 995542535 270806487 367728271 906559652 342863850
13 8
133567606 707394399 885244235 767356210 576995839 474095853 179702095 219986408 879053616 554138282 281410683 824361585 646691727
11 6
406703407 148033708 323286377 569906858 230597738 609579474 600782395 341004687 567301646 499467559 798225962
9 7
355626392 753453220 790831201 55173913 809418866 356596007 465685582 120737458 7371595
12 1
128324581 430078370 609492211 774501330 287382768 222134382 244135871 768348236 126700366 442324070 278987547 27117716
19 11
474417085 694671383 880641239 235649153 453005285 48756975 759691091 739626169 303527940 981271006 403203853 416906767 308900130 605969262 944966422 60619074 727429701 103230679 309778493
15 6
191160756 358984360 398953065 412484462 660179002 405166396 512847609 171298861 430255373 162431946 448414772 73676817 345748476 552900861 34734241
17 2
15679568 669146142 661410321 218307547 870494122 503268603 585059858 878609277 516538672 170778015 626131757 224166653 896095025 256363107 213396177 115047603 579136559
20 6
74173418 915241677 433161165 506682716 58888238 909609249 346539252 898208315 418919743 330227151 171272977 638663486 799136798 607751156 624036246 821441870 178404229 590912762 96686038 938389350
15 4
418652409 989498015 98512933 156453743 573433417 742613440 100416941 859544790 230714132 966735747 12263501 172654939 156198883 909517307 623714713
18 5
848203000 642386271 603090102 466109010 560371386 411342437 338422444 708531214 886977223 215789721 272912043 929816348 611984880 967938168 490501721 862000494 972811159 343973776
12 11
850224600 744695334 766231609 190486776 625764088 180941348 93597256 965112098 404193112 51292351 158943544 344048992
3 2
195616118 730725256 144652865
10 10
351376827 889526521 640405935 434123368 569084941 343940617 972152361 461729332 284849300 326128148
1 1
912248720
3 3
509249822 602276093 860825579
15 3
928536030 288911943 512933296 430236092 80920985 109565285 153622108 68552965 328381863 930636918 398302135 282879465 665925392 860246624 37823660
12 3
287883615 652010253 527126867 768738218 551736869 250529534 188960757 68267092 915058692 109964841 147398088 916396900
16 6
362758041 834454079 186936039 467822938 128509870 545558627 550118316 683071213 352922358 401373472 811892556 79738464 457187593 649965145 820647453 33682254
8 2
263660777 356864720 741141506 808756604 23073728 135283792 473066653 337446731
3 1
549830153 511870168 544594385
9 8
353312264 691053488 556643817 312989609 712210583 894468260 991659763 678009711 925959950
10 10
930174079 118410603 280575629 125823547 801960306 802346313 119452527 21681301 732602949 531253352
8 1
168407411 815725142 916390250 684899400 601550419 320500296 213182076 68037074
13 3
242313356 799468735 838954422 853660307 215406908 766430771 672529895 732150502 462403115 116936998 464549079 39087425 948064254
3 2
548601030 22206468 911129675
13 10
323020724 648600354 604921921 416638021 911573406 129755596 791758537 611746361 266606257 307277881 929706244 925922495 227123503
19 10
715294245 767503105 828078668 202467112 9159528 188626276 798689124 477310117 493809439 628315968 323439705 319426149 904462076 848617610 110484947 820505354 848577878 200753819 172247472
10 6
497751294 514373951 518362583 145688259 892085926 269162384 990201491 880354799 553213034 830152838
13 11
985931121 922592353 817812828 235048420 713334934 918647720 871079567 453574935 784114988 862634754 947949071 123426047 610157200
2 2
900340070 156345320
5 1
433696098 646215821 24440528 967548817 839212422
1 1
547338790
6 3
359802004 412616908 466812799 748235648 41818811 461779062
19 17
675344037 541265064 268635818 165158113 60585943 208108147 272171548 215873914 937105845 201133051 196742457 112163152 938574037 75954139 300691372 111733444 881322690 279490225 705393745
12 8
168477790 420108879 252186903 428939113 917183407 59726883 845588826 999442676 643658160 606459682 839870125 958790167
3 1
490312767 511842542 257611273
17 16
672715150 742234922 799671502 959186270 694364818 127796542 896511354 505697545 463442492 253116388 112545078 54140407 967311309 463674009 566389542 770532146 429621687
2 2
470135419 778295163
12 7
946615516 318912460 156500034 126357197 518172304 333852842 144441201 24204726 331131983 675634627 139030480 494993522
8 2
394224847 687934105 335841320 190163981 724928638 236390133 66776559 230717812
20 5
923755367 676078025 213215210 260674638 145982716 269708482 742268590 264150962 656997152 573778223 458774484 472258114 917985788 306175701 872511346 945571664 74638375 365603634 679815731 827385780
7 3
845884934 991284652 73150402 426609672 642235496 342490444 161757757
20 1
762620146 582313646 927929607 18842347 389626329 149775657 623114655 285852722 762487156 837199950 591326727 770607199 191032035 795797083 130233287 782681829 604418286 207163330 425542933 332538593
18 8
408313460 121085270 612698125 721176980 200867282 365732853 422763577 639109585 588474216 988552416 733075645 397463270 158796184 729467255 973414805 356782761 901643839 392991937
11 8
688541321 821773395 975280908 180026183 435613062 281379349 437893344 186330325 980827094 2614097 947538500
2 2
355327310 421274100
6 1
448737254 10026887 377387057 917289053 599000873 452929782
15 9
76392955 932723534 3207538 291729783 240066895 897620433 477820148 954604133 795627308 967182259 281946896 554061003 509800732 31508134 290615212
6 1
177574222 430565163 938286179 161962784 301072604 683834823
14 5
13130070 487386880 163152315 274305974 15286702 653441125 282691180 698785340 592279654 105979380 297960682 109343321 820860676 173482942
8 6
683437970 385395903 640526348 122248315 217976527 736038992 381226725 650019425
2 1
724376266 518460585
8 2
701536293 33769963 778554095 140360263 643361687 397343417 443221102 456132111
17 4
738309962 696294275 897771778 347628342 264373559 790431451 544169822 420085991 515851207 168659763 880464246 101246508 751858100 245450268 360198149 900258690 203375137
6 2
662923016 153690006 800354733 813397781 464950085 228729493
19 9
973419816 294479879 883278252 121814328 799854526 202487789 342203489 782528095 157296973 168598077 583760900 320151486 365891167 869181533 801026383 407855837 813812701 956922155 312533850
15 7
942863366 652990426 778704107 55889 806574650 215864445 102577962 770635507 253633194 602448970 322031241 397969639 424614658 37314557 26723933
3 2
107924748 471017459 300492808
2 2
137215423 848738340
7 3
185878037 984139920 310440271 371017907 261726085 161815046 897129431
9 4
959893052 125058190 446662199 786215218 608008573 289162465 174617757 831041417 792046821
13 3
858072468 734194910 965963473 625798680 971908084 939768005 790278594 474279147 408073235 798313578 224558449 53383349 973098898
14 6
445929246 771637432 382695696 51539337 870670807 634959048 605363981 1421127 770254863 79511050 495164323 506970897 570753700 235848771
1 1
833071155
13 6
141274002 467691698 887012414 452451652 121617657 715042356 549353291 474194472 673050342 631637325 818998308 908860479 225268497
11 6
784670443 425080186 146108387 747889565 753587157 640945235 216455242 688514922 496971089 882925047 748783099
8 3
763107678 840876911 150218932 726958464 973365183 869077984 921268281 966936322
6 5
915154088 328467533 841270974 618606282 681094136 2527848
18 15
535895958 489164248 258670315 77447605 622974231 446301243 495072365 571816406 221268745 959522277 751406140 996250430 940576351 311818304 466702694 37130332 133293443 279136080
2 2
557179843 862315066
7 1
802755517 743614990 379016695 621773396 266151732 219657983 981950470
17 8
525233771 377805868 208132814 78518011 881473184 277086920 874887976 883510113 859503978 902505185 169781122 990757484 569400332 392033709 862496368 550405009 298183117
16 14
244406356 993695468 33991301 693985141 447719799 326096984 504850106 843153466 446951001 835464084 516739368 933986995 662933922 439800263 377520449 642748966
10 3
390395525 860823711 144017017 313143392 825125199 968532995 820926377 615200747 287489774 109685360
4 2
166718000 232700071 782750148 231140836
9 8
655377229 476738582 564348679 12410006 162725633 749696934 511397855 195325497 288075144
10 5
195513288 716943230 423402503 205021460 632924849 947042002 629326012 281870082 162778965 965917861
16 8
760847573 321572259 942246450 244106994 205274519 249009201 74391631 733086716 319299459 214900083 861205150 812900736 88496908 635204043 530738723 376683091
11 11
685280951 809689452 415521147 102365393 691029652 135891050 299079844 84744718 435642277 219255706 143102080
9 8
300208718 744763731 548457720 888293451 689309144 614660965 1288993 446351503 401564148
9 3
358075225 142555741 899341936 975257202 735292730 752436146 622294918 214602852 450852369
10 9
757851772 429983430 346153604 744077106 155017449 5753111 853280937 718990723 370565437 88829084
16 6
752280566 542079335 963048962 733533010 169644336 303878026 534751477 761687526 96883633 939365082 796501390 737585845 100336579 806081579 614875917 832002491
4 1
490185891 570893132 245424109 299755246
18 6
72739012 790167412 570227328 461706916 693975134 800907832 446181692 386071134 321351278 647324226 914298432 192513941 99042196 281585150 715458072 304279058 305097022 160900419
19 1
284447475 42693498 692046305 786802707 518976720 539581460 948373707 943363414 751649705 115993490 456699755 540269627 863793834 706716987 430645970 300898881 991696536 955289940 35816576
