65
2 1
691642818 653109518
3 2
981475 362269264 755293558
10 1
188883890 475001549 644418100 769835114 901373971 993116619 782745241 936651764 549934622 153635362
15 4
213779173 920394343 506589353 157981072 13883865 363998690 894591815 585284040 867874592 130077460 438029634 302419642 395783698 376973352 577813235
13 9
393692085 926064077 630079725 944399452 13011713 714389159 409344811 956024946 449053137 171352797 690288690 235437888 636042874
17 15
620569923 951919196 208180298 261594203 79499128 275040639 122062330 73242163 487180950 713935416 873285025 784647949 328058577 584150579 126318735 826865459 254764817
6 3
529619719 737177640 622827610 220776282 751490732 119251159
4 3
281528620 487896281 65190150 396767222
19 10
77638175 626291911 685349393 952142960 429109906 735256716 954755202 471233696 310482039 424710647 198782940 736479956 248295536 53581284 1454261 3324377 592958333 249683013 282193911
4 2
198784941 779427584 181403903 658202475
1 1
181635043
16 2
864720382 593079255 379452915 718131142 897023564 531629702 626067466 829874796 957360391 833628606 530294211 396338306 5009988 489067901 483751409 999062584
14 12
22203381 848446337 776539517 310580081 837063384 330072615 566420821 191542626 842426109 825691231 599036100 716055667 181267435 293733153
2 2
232105405 717812779
6 1
736214442 732985845 221221192 827337580 950506773 12687385
4 1
322734974 603498723 402844272 490012766
7 3
106303935 279445400 21772689 891872501 601277032 343028283 184479696
9 2
670749542 10007324 909939785 320811709 620315560 934164642 512906729 777835231 712714475
8 8
745068382 101714054 502134594 113720672 474039254 297861329 150592021 870951138
9 7
151062455 630629446 133275976 787484228 519135470 415403747 535479170 179409018 441198385
11 9
922488783 122632777 736987127 482825889 393399673 540474550 418166690 268287706 544722507 278910114 135107785
2 2
539774359 993923619
7 4
48772299 930422767 263251054 40379215 900148855 781431752 95311087
11 3
141312870 578719922 657719245 462409519 90610938 182716395 654911969 26095256 317487167 292293749 892744605
19 12
922973690 851951493 329040950 973036817 231198125 74802179 860235195 454053008 751845380 917082513 550014246 318040831 739736288 561727706 662374790 564447591 467133152 370320112 984929186
13 6
936259758 230629563 66367677 667044960 397515515 151120358 188957601 794107438 585862973 574012426 879122424 449876081 982178363
20 5
732804047 342053740 539666266 424793404 598504956 529112610 660678809 328237790 894751489 735350859 748117430 700412254 554182108 733111602 919170551 684075738 805007308 849974805 705243599 782219579
17 8
560085781 683787580 280759401 452168841 903551460 890281878 130570538 72675198 816200623 452619955 802384535 408633243 89323147 667951941 359327363 911469501 556938237
1 1
505410835
2 1
978147646 991140986
5 5
103543468 374219356 799819126 919086091 737149226
13 1
488785510 435841914 627544348 414247808 588637334 871582705 846967895 575670113 618965724 281958895 331315254 155947516 177256939
9 9
42805862 556018789 526076281 928748879 404823192 758242456 835755074 764694458 852084011
13 4
489868686 568820341 1373061 903055355 499137741 964942257 392935736 406946398 443067581 756038904 877657545 752556190 725454006
2 2
279714422 319955767
2 1
792316102 217031108
9 8
169139619 556237422 682294141 165068074 33586174 927483479 611334895 114776689 587651868
8 4
476817194 666355615 399984717 22865793 297334189 97942426 28546578 316758920
12 10
531062981 696076995 354602621 792148377 145757525 731948013 675465247 722407548 288472063 776723929 21744825 451114545
2 1
643074732 858972020
19 4
47473406 553862906 56083079 369641696 954909540 274299111 372875835 275282435 814577110 280248043 132295619 252845429 304706746 428864028 196116707 829017550 978091386 849703525 147622013
8 8
897438474 915441055 412640507 627671458 761281684 342677821 319622377 649688327
20 4
686248657 738324198 499810393 360707588 174533504 352723256 264943092 710060408 701453107 187965504 231869811 914317354 252737440 142417603 525644986 907273405 925381527 473695527 481761743 469179106
19 19
238981782 628754205 112833570 566612672 409324348 659860995 829260720 528166417 28209281 300095681 7493323 414859581 823461405 30687142 170403736 28552558 583198254 435156769 17096740
19 13
1959880 717981132 523889110 318311240 545833718 939529973 644318158 511528611 557395485 1448562 300472319 468246585 697008511 989791686 818089487 565733055 481303645 856000938 898053792
14 6
965608432 12311000 408114794 630098421 314318423 339492978 708100219 794768920 636004851 255105560 719364804 781194879 140290840 897762301
2 2
476073353 821591597
20 3
336623533 145538793 122988460 130523015 635527295 559469577 445247571 652186947 586145661 61257182 916918782 201932805 809999955 835458205 186128332 861044755 676718649 123112777 748233939 360222864
4 4
107019570 379606090 686961770 357624200
1 1
392588529
2 2
262162850 721703249
18 12
181085926 634081955 505078920 865369292 854880606 670575998 150926524 158522889 68644494 26441204 910057485 397483776 852452528 422769662 15316096 416561020 771276141 144661690
6 2
991535043 455895804 866376480 117753243 341681484 831566058
12 9
449893333 473641814 269458904 853598444 981147527 501884478 339234720 479470378 51518134 283437476 374848466 450149871
18 7
314312038 589355933 370048934 462014468 787259012 141598110 748035437 965929099 667472779 575220947 119921214 656855216 711895657 606039335 418258886 547888843 792810335 147369335
13 3
389548538 542766953 247072186 384624063 396604773 131871287 881678473 442862800 407635738 957812278 350233090 704947166 568523076
17 12
877347146 148476936 41082860 988758157 11741566 232274007 589551456 161690000 516334583 201922396 26104404 879987822 450126830 881772796 448404670 822356644 541821540
15 10
660053197 952983173 950525412 251722065 273588257 74290398 127100285 635932578 22150439 920928745 112355190 919440950 23205254 746659698 989584751
1 1
969926952
19 1
585595503 715485580 388876866 340692315 882773677 858877162 709305995 201911514 342285800 14216866 180418759 243207565 339354694 234308574 361650557 558789579 122769754 472508165 757479143
16 11
938995301 704983658 242763493 723781408 692811987 415640883 321265324 12249624 990536344 207290104 243753808 998735562 1621571 658924552 140294477 344129513
8 1
49886975 852616162 556662028 39681667 661024984 456798479 382867619 224916560
3 3
837164747 815289578 253071989
19 2
849561521 209086810 113706982 254626090 124371382 724597758 714448908 176612787 969719721 40936994 926948964 108025428 833926951 123828507 503654114 490937514 734884527 848589082 603109627
1 1
947402520
