104
19 1
375836594 567052918 776598356 82143111 449805682 233072980 20851764 610180292 13447526 126705918 573035494 37330360 741206038 822808251 233738631 796030480 979090468 561877464 212689004
16 4
524622457 413626896 32650344 424156394 478354230 888928504 938552312 386579975 633191416 327642561 859627510 583033204 764492693 391556948 502573996 587542410
2 2
167572311 131958361
4 2
768803621 619147868 985823548 516415464
17 12
923054147 613068523 965202762 925788927 852132256 142599779 156007088 844764780 417828057 760524093 677784430 494422509 364770215 758973723 696209035 573939053 988459667
8 5
913178763 755969557 699489587 241380471 465434278 280645115 883341082 714544825
5 1
843808576 350263076 313493975 738774087 510830252
4 2
777614642 282033435 766562441 435737013
15 7
902565733 327068336 314622254 55071765 718102289 477309786 330797499 856552940 638712812 123788243 807289173 785748942 655780134 862810629 273937990
15 9
126247798 837118191 484480075 584746845 591897541 476302814 979777465 793950783 841332989 771400031 795415783 560554600 759313692 655285522 134821986
12 8
471715722 920213320 860242636 955700744 869654832 966551572 687470003 806293668 309458881 762136221 371849682 697065746
5 2
407671354 597285957 869613047 121184229 956918767
17 3
382968482 3637252 593071932 69925597 514132924 796356715 387782838 834167110 781839474 412722272 515962351 719705002 430354700 377327534 47583629 766717664 823062465
9 6
798069314 369942597 655086673 664465959 880680724 478565792 89403459 416725824 215228068
17 13
477712956 762337125 176426512 218163424 216357847 777145268 29970218 314415333 468463014 281471020 302934688 287032756 627194951 6809390 820684626 966562121 60877148
4 4
385662510 118659348 826687321 275056748
19 15
248413706 12309601 534809279 655159906 239555061 584258729 315947533 799909636 19835577 284781195 597113464 952195056 80041382 544854341 380321205 680592143 624623183 804070292 383669905
12 4
756647264 164325942 24090142 790536547 122634801 437497807 334184671 721980490 830283451 421069254 770476856 712338390
9 3
122716095 311703264 801473144 361359402 252181532 24198932 674955359 50847719 685348725
2 1
760565688 636091873
9 6
533643650 914015855 456234673 829916687 853510754 179490530 981843613 916793206 301397845
13 12
255433673 861438730 763058141 477026593 610827747 526078570 593445684 749042738 652690442 521050326 568859451 785808085 932268186
9 7
359874374 161145671 524335957 205783899 89612888 967480796 495675660 162628527 983247183
17 8
219376372 943362825 696597207 662178571 135551011 23316748 463352644 464762063 288154650 195244064 42897532 877710113 880297347 492448726 487329546 360838717 867461001
5 2
741525832 330381616 539960016 63221779 927321236
19 14
511569998 613164316 537439721 664816102 785739175 929508313 117978865 719941175 103136754 242851860 598768229 498494065 411117989 880484447 845166634 377121547 81848178 967180686 218980887
5 2
282126576 203346404 543463064 351766402 424523552
5 3
249635758 204628947 939884727 759619099 48349811
7 4
587359913 718945209 768505283 263900796 866133338 948418042 662224433
9 9
734965928 130086641 140049200 39338038 640073063 983275828 652374816 118629015 474118658
6 3
702084443 206322668 344509204 75116115 906756755 591941491
18 3
548203557 802326349 161250270 844603063 652465112 686570983 963260370 304925587 151626961 920522179 39726859 650951091 828725390 233553054 510187972 131948769 532139034 15397657
1 1
48564581
13 5
910312807 415892963 321443438 887579941 528458659 8092521 511191200 667821411 11807356 841038398 419995107 393368647 218832471
19 8
88988664 891903223 733111161 583556123 76943077 843103746 171732467 539689219 841937170 843999661 291376475 723527853 402168290 847252624 608759975 147552268 127249402 503059457 857071950
9 4
759839337 397038660 773702230 866391265 477052210 949942405 892917241 279130108 58275793
4 3
4436404 893805040 298618441 932203767
19 1
700065866 675546015 636997881 255128725 840000859 664359131 760285681 447435548 167035444 669662217 111349081 446830375 524979749 330690963 75439662 211300428 217281685 793172659 846018447
17 3
738896384 736841027 116898728 427986664 55036303 66720308 796948931 131573732 761268890 967035471 18548390 180262040 475116347 241763471 907114156 828613398 829387464
10 5
942920911 630711044 588593181 287917804 941999065 999557221 890038543 925597513 371476700 143089863
10 9
317211795 107227342 498872632 365298014 840798245 544439774 384625820 164465568 978535487 984367925
9 8
59646513 99135587 90122977 19079891 485252214 643474416 924055482 760120487 91297529
9 2
252808273 82679864 130377908 562807606 761768274 863589843 189523000 658702239 504671768
15 1
42137838 893816679 180400102 749001077 16150392 904272836 207447119 289782231 500984660 344148165 513060573 26966103 618158877 679807454 223461981
17 8
228160178 320415220 623587449 292215561 359097690 740108790 388022675 751907256 641235959 576673101 402231250 436273709 172981028 854466271 384705175 55660681 569901732
19 7
241444186 104986348 545330101 868154392 41290615 813373203 451332823 590859107 127883526 601748015 165144233 871805594 293167680 108668004 751485806 346112472 350765287 686540393 632361061
4 4
142717457 49999000 730409888 864271513
15 12
391616011 213592962 720463912 186019224 891049433 957822339 619537469 950842063 446749970 63488600 792190810 10800369 727821870 313174216 398623980
19 5
260278077 97336214 743147998 339413226 681765691 365985851 467870432 26567980 400641145 803766137 568165530 280666138 56480823 797528976 650260697 842938109 16515249 872464586 56820997
13 3
148516834 637519232 11165409 551620617 216539429 204202128 319263633 135205667 682074699 820047131 994122641 540206093 4143675
17 8
884288252 520690496 702893482 606886175 358439254 430151002 663805835 312091404 146888085 119009605 631876698 919102997 459918679 579884581 282863007 988216481 638567615
17 7
187459881 945700849 830422808 143716376 519999046 921742954 58871748 571501701 522307122 72420336 129029035 358578979 177224512 769019820 252086983 155111352 988112702
8 3
245787077 499107207 500243391 216678043 565443090 994727833 764711859 469866448
19 10
74422451 3522933 922035042 858586714 33196552 522446620 201075793 163279814 533465916 5648866 783970437 688299356 53506477 679725414 282648750 376880519 91651609 568345259 116888726
19 8
397325488 38681737 518841682 254227290 7174203 239573097 41995841 221780655 152594610 463442850 720256438 249832206 125288164 277432448 922531399 58032936 926972850 718891924 632493651
3 3
974105830 280043182 387292824
5 5
827547216 210888531 843796034 562506215 500862446
2 2
168717330 746121231
4 4
788969254 254219000 896951487 615658802
17 15
476898801 496722977 715546876 459176530 549991091 593364978 33041814 887682792 784075689 936998228 898998442 349863325 293754932 168528914 648708250 116790148 892929381
9 8
526469432 658660302 489676630 811494942 852284743 994396873 812249496 396175802 754470139
3 2
247357077 379976630 883164307
2 2
330551047 554439265
20 2
389110392 532731106 130579386 297377477 632064145 394143702 963032686 888734138 171686504 329778621 306295398 828736069 927360080 682669311 364887752 374389484 310327846 691721150 948917059 728406428
15 5
903212919 118913519 190031739 252149839 30439640 742845626 848453310 828623780 904483566 4680832 777021318 843136929 533589419 87116652 242510910
9 1
147438725 830574613 572134659 758058887 101618776 648353181 310726880 840629407 915691239
14 7
330918886 909974349 774078516 572159393 576120688 549325777 986859441 558655313 155321686 24797918 955135215 518830468 620612103 4254033
7 4
171205655 902444460 451757497 326469535 715798562 195260455 964693586
20 13
4192231 90693539 491088492 288691636 849570081 631020544 136690933 681894623 308241700 111224529 708699493 235013058 145587611 142620913 274387205 516251173 92691264 576112609 48096455 395966789
11 9
651225741 504134264 981991466 302069315 605266345 865334145 699613447 277730198 823178458 481911636 662039114
18 9
844740719 659854179 117084244 670957157 742671496 63100609 551404846 488938886 135866951 933397386 354276746 57036580 104515265 490150586 480370863 946810275 833348508 258201174
3 3
978571181 36325757 345836515
1 1
20733235
18 18
367616185 749137650 895057799 154564581 841226932 401802222 314030487 871741392 285011354 546580002 562096685 992486139 384167113 120114304 122305370 976768619 946869203 986720195
10 4
205022545 388490304 573864114 162464716 261261151 918091057 451495259 274235848 173363565 728924338
4 2
721818651 110990302 793125373 417321325
8 8
663729768 387176910 541750976 716395898 362697578 214081228 492851136 917449411
15 4
694117616 297761609 367921098 598559289 167752120 486438158 230277283 326092171 247021719 170405849 750353756 242872873 115307235 229932336 699539868
5 1
970759856 322316878 45320084 670094368 371235435
18 18
194236627 144535906 268656313 187170242 934559517 94165519 663765481 338947367 493265175 276139041 85841306 903138258 637707184 511454396 236884096 535249290 628872011 927057168
12 7
538080739 499256243 995010674 497656962 355987237 593090416 212158729 642743872 755400977 752493059 528827537 525758401
3 2
451687712 794104024 227323492
19 11
975796347 90554645 284669662 764082365 550028036 660596998 847554281 540510170 948426891 726770944 329565461 703033333 670678364 516717530 135069596 785991340 824966965 628356946 242594481
10 6
812618343 572334903 784964459 491114377 787865236 229976757 264558039 660644407 627420376 918620214
3 2
252577056 331415100 677822237
15 12
73938355 912156643 126246139 579560921 807970581 253643018 301543998 380778569 568952784 146275771 983387945 807797994 799691319 640968454 243071736
12 10
138399986 255834692 664046778 808492922 340030504 548571337 560869948 640181606 717884612 303242604 877744290 495632763
9 7
76861827 798595896 738467942 780060533 636778153 552406316 370216673 900929710 629216246
14 12
492403784 175404774 855565482 259291358 413380170 765269956 965264817 648206985 793929412 506508767 273609742 428274960 629900978 946863067
12 12
586996747 598478710 323835485 854552143 234764030 907839178 57851896 976509255 862461420 55932464 653881138 17973241
13 5
24367709 709551543 293021620 399044725 974921537 314052894 324468665 770088060 231710342 315291593 737142148 981411506 470016082
19 2
235431863 545277184 50196625 935316467 878624400 999001668 824707982 390791183 323568805 198676840 795367134 280813801 652038613 958654551 754457090 434637910 619224242 731193395 830554118
11 6
337646463 809667755 852266707 253226968 544104946 305563897 928431451 178208307 839379572 484791536 413776835
7 7
43933652 385224948 566228255 720269382 455763284 361199552 165300969
18 8
953391032 290890881 266531230 12254261 186483993 285157762 416998954 778333422 406217141 537684668 808287318 918037124 659976656 556865762 484646865 736629596 262620490 588413553
17 11
271267984 495799197 732398216 864145417 213873426 676268981 760445997 191220709 306849147 752701252 608134841 862490419 124639910 468774613 313925413 318695815 966404895
10 9
688574370 309678861 393161864 24465252 889482667 862487879 889158637 436606904 244907676 115793340
5 4
858423489 104139142 465571263 278497664 590221737
4 2
404461715 374838744 379002318 306359229
5 5
307039657 377612026 694394895 448209554 963302442
2 2
148131399 136853718
18 13
227605384 790255212 33255346 99812156 643595646 721291649 809661254 652020081 657518184 593309516 577552886 652769825 3652317 64591214 808802297 332310968 298540931 338837327
3 3
964098962 17214693 246546025
7 1
917691810 92746989 40385379 514082494 141477249 213035143 394242332
