99
12 5
256144793 636771224 473792202 361064120 903678600 708048166 676692959 117804299 248000758 834608851 851980741 465508792
17 12
725960202 171943164 175468418 88833115 273819974 658890367 306785376 293882849 883423654 366158512 363389447 357453612 688051851 797454469 559733654 102369647 463786116
4 1
662879742 797886872 820114290 815342606
4 2
988985385 690093525 625564316 865170517
15 12
877271705 225782889 937230633 924534321 396275103 266868027 751975365 492564136 221497726 567716408 435357315 947228239 106204201 515243314 291710240
11 11
551735108 427410603 40952588 195816958 341448591 593977909 416871820 57388709 462976462 123412218 346166779
20 9
898251821 460791913 935623674 348996833 202291319 212387649 852538627 590746712 823942923 380872089 589239420 572512057 448705268 841401092 316298087 75995091 69739544 133161020 419614650 509489207
12 11
995041901 594338018 9990318 105991902 357288688 272409782 384848619 351562953 793274311 157863179 4204958 363116824
10 10
519641049 613725373 360212419 646599863 427264415 487552244 198274483 308401538 696741560 958463752
17 15
556388659 218881498 268752250 512287079 265100297 352155586 10887890 333151300 291481386 636266685 183053051 952995661 39443898 15500469 50749917 670430389 827596535
2 1
107452046 920677202
19 19
648216645 882451383 842128474 681507317 797123068 543471182 52362901 219169893 334663596 874379210 350131072 926261118 826764876 361860667 813399232 430190884 780582025 75774517 38006761
4 1
42374984 307100573 545756682 979403245
16 7
161605277 452234014 271413988 579581921 169469580 740907805 78961349 661139032 960410972 42135171 272296933 394302298 643038573 869170142 320525277 344434507
4 2
838295330 858613743 445780472 647165543
13 10
864368136 589950340 851795806 252146089 955888528 624053316 388880267 929867919 560703654 831810007 756893196 444879468 906846218
9 2
74325031 980192701 969169385 466463761 121007535 885128983 223835753 943770558 922141488
2 2
541001898 223486479
10 9
579656489 8630784 278020427 773615917 443078043 85042245 251256386 951189975 475710074 629715885
20 18
255483598 902369180 495903705 648569955 851604833 830622819 667758786 968795669 608875744 596773951 74103846 719951368 803202672 466468478 727535978 393980057 140725690 147216590 253513437 745985547
3 2
228514631 162690868 493220823
11 7
227529962 293541882 785792305 944254088 271911764 706291250 864770905 389645076 474670360 575551452 564463637
9 7
877540666 163330587 337527487 813095831 946382062 524075323 340659852 575226196 641140886
13 12
119098120 678048457 310421827 230060013 701435342 462494634 878785255 690675120 232417770 679568375 364409154 789997523 966232193
16 16
401170846 405053245 261199187 719238150 590263003 434223876 390976023 151043884 603379214 71103363 593370186 655773307 544439876 859551362 911975885 349597004
5 2
977104548 82333161 304025636 5159772 365153043
10 7
499827208 320562581 361617762 932493871 392081684 573601900 642475471 74388519 749743510 450707403
8 1
812548344 148578356 93094284 484192339 27143166 846965604 727031040 272509932
14 4
867097673 449969287 590592055 238819161 66986471 614556476 710611218 597905478 225857971 691619853 525921389 238811541 385575106 873639321
13 4
119676599 948857252 856249373 473193270 159488855 405029585 704791174 700813607 599445533 864219757 920810987 229651792 184712495
4 4
408673378 877658346 883054403 479904565
13 7
57331527 333990049 421986466 323205835 618192082 837093796 848319929 440386069 928042549 96685070 417923105 634462556 168440212
4 2
735250589 559790481 611250612 503296393
9 4
187451297 540987421 334038541 114204885 607871242 742043197 662370745 924816466 15974086
7 3
344280276 614771633 173890874 397773424 364178696 975064978 26682044
4 4
917829033 31044214 629314358 466341310
15 10
394929692 293897500 568685247 280762763 56469606 889410744 497944459 363036419 112458424 911660236 350921354 78610184 884961758 184474563 756751583
7 4
81559940 542797967 291038649 196208516 609195979 422535808 168701471
8 3
276413565 575702809 666633240 533180449 718998219 901177315 634795405 748458813
9 2
727509917 641825799 387143915 231903533 573960856 561742215 429590471 136213988 587089393
1 1
426814108
10 8
860036545 338498830 918577823 642664202 370330987 453879130 427086366 124106667 968732211 512558980
6 4
351442190 780934084 48172164 614513838 503222227 639210642
14 10
74524123 893690277 947625858 583704804 915683908 336486075 52397660 979776048 108769089 87226493 802393706 331204097 542443672 59831400
5 1
833820718 761048470 873464503 830757445 930528341
3 2
430367223 168566207 68267617
1 1
233435453
8 6
530567554 984681653 714811099 561964667 878230440 500540551 44979509 32148437
17 8
22546338 19815974 447863527 244133672 656882295 91512432 860537187 28357381 512327861 162307017 213492605 740288365 756349491 722348927 185876969 859194736 224503037
10 4
581587509 122983370 662489211 315756361 699308371 156218592 59161071 981438523 628060849 189333716
15 4
32025673 354392582 529180505 926488973 666443468 204891924 489957374 661587666 562978264 534104111 201249235 522010813 947010936 516785437 924362199
17 7
120691783 870417350 345098547 631019566 635946538 89360175 387886472 921204708 493992144 26607011 249092939 568336238 618711929 439752616 709706259 309532639 737215246
7 3
116545830 168683054 485811557 783968999 418255939 79125401 193502332
11 11
238506828 206346490 826134050 629359879 829208088 529931172 732712129 875987206 517069098 103507602 992893879
1 1
751453638
15 6
134865598 22616231 553003672 998558814 546100753 599672223 805593049 266516012 267062205 866431462 114099866 2776977 57829328 395566794 269859142
18 17
134752272 781669731 421813672 402480539 747682923 592912141 400081751 592029728 327180259 450903203 3163662 692440314 641367581 343539393 619048166 34302121 721097682 5638145
7 5
695745328 735259812 764843413 757471965 430502155 17273427 710518130
7 2
344715688 947282075 226830239 41088518 425615743 625843939 599273588
3 2
812686675 879481878 686533132
1 1
991504871
4 1
881329492 210912876 797456386 331285520
8 1
392849108 732163580 804689417 469223107 533239964 643175567 244359768 164914258
20 9
861778643 596411135 699006929 887175582 931251081 393533943 130664038 194653205 706433522 955838932 368839036 189804185 411473066 204830993 446857367 516790843 310831239 360385898 624485214 759148093
4 4
299427717 207257723 364583840 9169194
6 5
246716593 507620651 927876335 87600011 445308327 153230325
8 3
742346117 968189961 445917693 936002637 404031125 919652548 149919464 129703124
12 4
200495120 55608311 406867467 648183906 734396170 620691201 337649262 804770499 865973983 307082095 181494760 313227054
19 15
939507702 47566420 979562161 231930109 705928422 793790248 250983824 845453373 803644071 318296594 723521115 27632687 861140677 851736324 19335624 951470452 863669924 11475060 86854594
13 6
95810945 77761175 239521092 285123631 221827135 777297364 333443298 739287143 43422266 632231866 393644013 553455327 639008827
12 5
444169129 923021374 520958212 373905618 865291133 414937094 150943391 796586781 54193290 590321104 832180610 370981325
12 10
183449924 829057359 585728297 427720068 325711666 303019070 615307466 453282614 505424523 158020810 85646606 931312506
13 10
309436078 50726830 634793937 367095418 501275831 814837548 314803382 963077961 10575286 322003637 782238355 453125952 660583400
13 5
838325557 690883953 53441976 860513931 158272993 843004316 30716530 67800127 368574797 526589266 986601558 639946412 98893136
10 1
102010778 574305480 860359552 204563384 74358765 156693556 251430168 241391873 672380151 169346786
13 2
93108218 752263252 512919145 785950368 841237572 925408510 384551645 65393272 329441590 715774470 471567211 427572054 921741563
13 9
805149154 55947245 627336351 962538774 26907350 438499870 395607976 830268308 171135387 784014654 174908934 789101124 795941534
1 1
193293466
16 16
13932104 538616375 391189387 386656553 927348445 594061018 294886322 846096734 902732344 699560245 651496754 293492465 321535711 379774337 569093242 922337226
18 8
352082612 282004149 172865764 902055240 417532720 581905993 541325895 35527837 384927301 795775231 474553896 840140140 707711342 618336942 907522214 361072764 69091710 481649077
19 8
612723915 263868321 670405373 417514739 121155697 633076297 523964934 437041876 245081236 323708754 67406964 585912909 403750729 763740073 716822335 715437127 327652500 184357998 480932658
3 2
798127097 613920111 923979985
5 2
811424923 557189284 243729305 705396522 252024792
10 1
746242565 779306918 274467052 514329165 273880882 720916826 172774619 901604215 153235319 410065651
2 2
783805178 668763850
2 2
70986251 892595633
17 13
742449177 353497329 706643379 767093699 283148698 813960266 650085199 937593353 972225327 296660097 208925746 590064688 760949347 110002586 267500238 50198178 328807102
14 3
185337160 436109186 130633244 264564865 921597016 406396368 52614280 188331512 209883264 522280987 319402437 335179168 444053611 268399497
2 1
436963909 805892378
20 5
866457076 688457953 142289548 137545340 128433512 877504146 164340948 803624037 38685074 182475453 472306597 77384864 69601459 657031384 601786520 105639255 948704488 877183029 355604256 496391201
7 5
739253888 821586644 249680016 52095765 472941054 580477087 858903256
3 1
756421379 25708079 44898312
3 3
407596265 808243931 127834563
18 4
586530976 710254579 944147490 813677229 119891035 540359387 677948320 65848671 882498960 88924656 150435580 337917240 942472673 813632699 737874356 486935831 89673912 127300758
2 1
85006887 766951889
8 1
864213268 523031990 317583087 35709872 262786006 267887440 700346259 623248992
4 4
954326279 930451886 45981064 560473241
4 2
967336594 437223660 794391037 909338788
15 5
649504307 110820980 290387358 675834828 31068822 303819255 404574792 732386945 813348459 506219112 237012619 292429895 524547728 721454978 110026801
