127
15 8
722206863 871555491 986824607 542961697 995542578 421585468 193738692 892151134 372461099 544957422 610902241 985438907 824177323 557634747 335391687
8 2
340250347 115748907 251982095 433646917 359114244 655132020 706741688 181854783
9 8
326850325 203477510 437612540 990048179 364648868 34331540 853705002 512026150 607734331
10 9
698254862 164848448 579397647 82010340 246964036 560721710 184350532 114419579 810695688 830388080
7 3
434870625 355673749 924257111 743510972 44876607 522160285 661478778
8 8
387569447 771747224 584095616 960778235 476570768 979210613 816818001 784840461
4 2
947062986 248902753 905101448 567731295
2 2
806203540 643709674
11 11
955819402 728328139 434069366 643460720 557229466 209895902 356328349 262679537 533383707 625840126 884804768
20 18
346732426 686437553 618076984 532093148 179402998 565291120 557883033 517327424 376130978 559126464 962432296 426973949 595804113 707498222 633473845 286887233 471063804 529599894 763229257 547222284
1 1
984596671
5 2
804701101 312931434 681029338 55172360 33951672
1 1
819476008
6 3
613762291 549896225 124008817 630976353 220390983 450949675
15 9
23092106 212372848 171974023 648978225 827896883 727823554 802003545 870108735 606119812 522795838 708856732 461838850 99606158 741723616 640731197
15 4
348557515 969038449 668287767 828100274 849435999 859512697 329922296 482295294 8962155 779914896 88405382 717548452 517847370 523738583 350657792
13 12
603995197 893970495 531118878 190312727 773111901 633671580 740468287 429116171 561378525 306382780 320280490 726409357 12158352
20 9
905856358 141487292 780151404 987679487 280162933 578946509 701306364 842051117 374418340 583194410 918508062 341860109 855463995 489140813 413760095 46101922 888030030 649198984 793945181 135433136
12 9
639432339 265694358 366956633 206448275 865386987 410010934 260043021 868534479 566277893 896735296 182750742 809580226
1 1
853509295
4 1
983315569 854702067 930757437 47397778
6 1
941125680 394097321 302055958 23245238 51209594 470894731
14 3
407765818 286578817 375675081 804413573 268154467 46225040 387323086 530497331 295526921 869489440 456957492 372811839 32180647 138442567
5 4
609828236 730332785 630319842 772169745 809514211
13 2
910233829 57204248 554901111 810678664 443261323 61720653 881092562 580476208 178257237 939929315 60131397 323340901 682133184
4 1
789269593 931021384 242510272 650458294
10 5
936975933 524828646 146424814 118625917 458257201 818570481 920315987 868662806 259975624 243059607
2 2
297318098 222315585
6 4
608292633 566966404 927086741 155905725 951645610 799649259
8 1
607270703 873444428 195772872 463611482 400525714 13513358 207068784 916549165
3 2
960126486 932551909 926784230
1 1
462170844
12 6
322991850 77552904 803975667 449459653 149546263 968100419 308151415 867028357 895729176 41928623 635173682 92130914
19 16
812279775 111406655 936469019 105063928 618088192 873065275 489415303 130224722 848269495 674664409 41779539 183803912 31361801 241178423 809466398 134638652 616163798 13085478 991893289
14 12
100347883 136065368 367223064 961465633 549507597 285875236 120927731 65194705 958348560 338944583 733835858 937021251 339365466 567833463
8 4
883055055 560673471 139561318 826419713 546516181 260933484 600849552 34734917
18 9
403816820 614315176 415235669 57428041 689112503 114042704 346304262 51498064 721812656 264079179 509779221 267412176 316472030 459961623 346037721 214493948 112505730 908057364
6 6
796777781 126483416 269353402 928558306 590063652 348566433
5 4
696443217 631145879 595071218 225653993 412149601
5 2
856186022 543635025 613935193 177623663 936365542
8 4
910882815 672303840 554870527 888276761 517590156 235286583 779576019 544158151
8 4
863898266 334381831 300497757 87263370 973334577 397121259 734486896 359747737
18 18
772562373 181402934 461007064 950536436 926083429 644227913 445035329 577319906 428212210 864207751 765841881 448372876 620319525 445885016 184899356 316366798 387851756 196356117
11 6
576514560 203263049 250301665 117726886 715822817 157434924 500235807 917835165 614728585 730184940 221734933
11 3
839908991 914612611 207133477 605508535 694313745 791907701 999961190 231411788 905639853 602018279 968686538
1 1
179336435
3 3
134163861 544053962 887647421
6 1
908014203 513724266 307992057 202704719 680090731 10513430
4 2
307924773 478837217 191906468 138629580
2 2
709175928 188440000
3 3
36700178 497675435 601617050
9 4
664464162 524684638 274049856 340399498 374855475 768353898 49727052 951409107 365747358
3 2
123992149 978588204 79749590
4 1
542477456 855540399 231035088 680191418
20 8
29467368 218823771 626283696 972909484 304155255 235567524 282102573 24432302 610804915 499541393 62734448 20362155 763961874 573881400 444228548 254626627 187419338 228806927 911992375 446832872
5 2
308683159 669626044 278655129 32904565 117328770
9 5
201080735 359366816 551324535 299471164 371486015 330859648 902855096 200014024 922728028
7 2
609571760 549333473 102123610 333802301 414698340 149295363 570619916
12 8
67641877 42576491 41156006 103281754 165351379 905638243 350119979 74273745 409667018 101275009 725835613 95552014
10 9
759101534 738547485 117613929 347748174 174810770 35544602 437852440 138905525 341193032 371986414
12 11
992732113 135903102 882679822 184122597 648782190 15729261 131561784 787783027 803388614 817970496 3266112 480981387
3 3
722113061 348366666 895386119
10 1
69542588 952919311 322521022 16667626 543642806 253464433 407082674 180082287 998466591 979987613
8 8
91705246 322145935 307713383 237419297 578011792 96411166 998171707 390411471
13 5
557301041 285143659 702308410 595521142 380579131 5569175 242148750 602361231 708014484 261672357 821040288 856115369 743648986
7 6
649142445 925380935 612450579 67844671 907931494 635071961 245600170
14 10
338866987 491471334 304267638 400545280 376877701 945529843 555397477 776276 125166427 171605219 542757348 28528181 756736243 305364999
15 15
387061506 323151152 18835847 332117580 734766275 231452055 618235138 93818686 447826512 762600725 423435204 142134514 864599226 724522966 402641240
12 4
390589223 627742609 270540095 163797049 672932519 123941565 547060276 577649846 532745928 885794167 31513798 704447268
17 2
175992409 108018922 284230888 725638949 142212220 764489785 660484999 790554300 95414913 544632629 468805381 488557221 812276849 686065584 442766157 937422158 125096506
8 5
900985171 956835711 185919279 238335887 225666765 19978483 983356130 837899930
8 3
462491345 375883606 619801443 868535413 448059365 835557814 901122554 684321449
13 6
672938543 678602215 928607594 317920180 717976326 523112723 129903759 16503396 574550598 342233818 40595482 335088339 753587169
11 3
347453663 757981521 263521789 648457921 152652985 831122218 369432623 362192 540533795 309930694 603140190
16 16
682182910 739701400 312094898 404515022 579694802 311879929 623414773 356765236 441001457 135226711 667568685 458978940 139996537 806164572 117875756 814060074
4 4
290621118 401595700 614720134 617338268
8 8
852698919 163993500 300346064 243688576 510541039 71033427 19023043 340099126
3 3
69971141 600245542 810932640
11 9
548328343 686051143 43343943 89409706 558712908 686540225 643606878 325324628 612312567 235317041 657400055
9 6
102786767 97136685 519872509 123718729 823275491 915165970 346844801 363340255 897027883
16 12
152477178 627055424 559525780 759459441 392728722 475598798 823816831 930012573 109856335 176078229 357572734 505274273 954650055 218367796 651278614 455303285
4 4
730306291 928559494 481703958 707772067
4 2
83583683 179634506 541482143 513919206
14 11
934397386 650913276 488290873 40605663 299603578 553094475 231097973 95630355 600379446 963354263 2921503 761719031 416315008 245581750
10 5
436462349 363906032 682752051 562215250 368542835 363371801 972390945 296574119 150312251 19802910
16 14
845835639 965165444 691620975 51542631 365676446 909348682 212259936 957709009 106449849 872751002 475218426 303184489 513728036 535528502 681927038 890766281
20 14
129289647 359641639 100031911 317278633 748282918 398889336 173206717 217298618 900056216 122985593 396614229 195599967 410226731 449264130 981976347 326621025 257819602 357419974 251108342 123792007
15 15
14696163 156802854 946900519 260381795 232053767 730238019 314466970 27396444 865864987 473543068 405054023 849853975 893541595 505891087 909805297
2 1
543568275 462520884
2 1
318243388 582947566
3 3
571607904 333558236 919693466
5 5
433370447 592694845 102866979 590374652 996583496
20 20
289472470 959772899 177366888 820012923 536308952 195496379 465288677 486285954 841386829 732151320 130503306 26109447 486629894 263845361 198824318 104492504 784846953 436732408 644810930 229929635
1 1
741403504
6 1
354113445 166684539 652999115 366519973 585337158 718142230
19 4
314637307 109797934 472473325 52415072 113757528 518280780 778899891 651542540 694898390 837846569 101410137 330219532 15284817 225185602 175412035 45828954 243187975 933686806 428256573
9 6
71384908 581033155 176793160 958592966 128670711 152962348 150990220 890791887 117028496
10 2
325757906 510318881 322513871 603662790 2582381 757011542 295043394 623404748 532253101 778649077
17 17
461547290 234206349 376884778 946756132 584754651 580004854 803249969 977384036 558673535 526892658 948050573 513000229 760487530 216290062 218429339 619944907 291382118
15 9
481055309 606394923 681487670 429213384 753781073 660744337 572461372 565118061 691392594 56508257 501678122 643112571 262759567 624308430 326550975
6 1
135889506 258418477 900967200 3947036 100354217 440674326
2 1
593588073 323795691
16 11
335462758 117730883 653526608 965179128 237542472 441803045 543310917 503399066 31852434 870707704 580392575 423598878 933239324 277216339 810209067 210551533
5 4
577837882 281071102 445508688 524052678 357351219
14 9
902773747 285874251 814069531 964786170 685518767 245062698 37147847 881094980 736609220 738608251 428655155 341672822 632936759 100681570
1 1
692387118
18 7
659039831 184727920 293722491 73495974 573144903 638852499 471248025 764596770 861695604 787892381 347807311 93460792 414219700 830317573 250584358 320197889 975268929 513883179
19 17
998041583 329920231 610152995 536559270 478471699 417349942 355844085 731628076 219798894 623039660 567233229 195761864 922530608 566165039 87498948 216428838 874492463 795344239 167362994
18 10
58529037 686311094 158415929 260855817 508563498 39925201 403124615 229095093 614518079 624032631 725688470 428579240 538078509 493682259 947046521 406627429 789246197 446764494
20 9
761131635 718452819 753744147 529114962 731400945 453483030 727230609 857757481 441265845 617283039 89212231 4784357 9029151 439436585 891895604 748518111 587687695 401470049 948218043 203247649
4 4
642506452 787758502 321653993 94170239
19 1
436680525 768570200 431797673 569772493 337619206 282541904 46020916 991283867 127685685 196469022 394526935 400930881 841423332 380186816 642237158 419863933 356606457 180617182 516876737
7 7
846920951 481820857 376591658 594249788 8591510 76272378 201439544
2 2
557908290 374286406
17 15
618941249 838867739 374737750 329272992 888881235 675173685 623800978 457056872 619395552 524576360 960971018 441825321 943215893 51176389 92979279 355274982 719737582
6 4
715714429 536371934 468469461 697089494 430832533 826695252
18 14
998239118 83761675 685027120 423890190 568478634 987863917 441410406 491952927 294207777 549200157 583835276 970421451 628452417 215084494 281210213 304203527 207309064 678261503
13 4
41699010 345724376 245240203 55982184 36589078 200746875 924466011 108844629 933158109 532360004 681160761 338558615 6179301
19 14
821010224 863232993 236007435 770891613 761711532 630633182 846172202 352698742 325903491 831113683 482018095 224508294 757030454 320878799 272388562 372731543 84850986 301438604 93647303
10 3
471565253 366349695 516797512 505812305 4734996 821281603 32692969 634527529 394520856 1721499
9 5
962897015 488901055 39236736 808620091 566791572 335661598 498277732 395348522 851501540
3 2
950197621 883354933 389906642
12 11
613705185 725924932 549816768 970170384 88307073 688772605 91653873 429063884 928954469 473518394 854611632 918272367
15 11
625415804 948731520 534931806 518425148 675604972 88134915 777463793 745168011 825343113 817005449 713730012 440821723 59127786 316532684 366801
1 1
908454960
12 1
93408290 230701321 348269246 45310851 750197674 562982039 549585456 800204254 790768349 358285217 463293315 459415810
13 9
790661531 839071206 230840520 761939348 990786378 644235699 123530111 312326136 16137519 746094238 977546758 537478140 58682982
