84
18 16
358951046 207996352 733150323 283877684 270460068 976081791 425246007 685797386 555649537 956344920 356129988 810109843 746655278 23423391 685987132 287858554 907656348 961106937
2 1
10777118 852148687
8 4
427386089 694977192 39896835 929565193 775936579 921365615 70984123 475871152
5 4
919978474 593250368 429116178 459062857 293828668
18 8
17059911 1568428 257016044 83493855 190494145 572502400 141484732 835916176 956955514 586534765 472222460 224520827 874139041 989891219 928577030 780999373 795166237 465451740
5 1
968614002 123662409 978487454 878547270 147544603
18 18
484223980 993903051 453640906 480490961 82748136 860984072 897764327 210397127 395752229 67712378 834861345 983063689 724868670 715560169 62570114 119081539 939710040 828858393
4 4
329487093 414706319 101984779 137597514
15 7
84444387 736280568 256795818 688103582 592764431 673460594 117642362 332620313 472147530 763973961 416590305 592562479 55525802 106342578 413625975
18 3
468225601 229524953 522310988 913421726 708800409 322166182 595470118 491161196 38542656 847160640 828374813 114957320 795209703 293385314 991030726 175715672 500030367 226728459
18 16
344877432 849300581 232143712 427079003 718900078 676701130 110872533 429165087 428456002 592798079 336320683 103958679 944421166 484984021 981992586 826985277 76362485 811397515
8 8
740066718 457719019 81152177 930014045 335946464 827143121 58349833 101796304
14 4
353819569 212259831 438169871 760871137 975768226 267937815 596469836 998446349 835980688 564375869 564856423 96043299 439205566 511617783
11 1
439698773 940819840 604551273 566219595 829880015 948123183 70584484 187160845 146735754 12451533 65601469
8 1
100722623 507714497 18974498 267203101 198472062 876586929 385369146 424513842
10 10
607382466 821480740 657186125 807734620 183657236 993988010 979372928 65294737 925778471 225074235
10 8
913787528 348797291 382945076 884363227 435704386 178184455 366660132 988028518 844103201 945449262
20 18
516669560 65029964 394821144 625695621 907552207 917630663 845782218 83201815 567732709 165296317 670017365 95163063 35438581 106986325 875277160 168478796 239503308 348313072 795527331 763592039
12 3
834377343 681561114 420650954 333862430 809463369 481265907 556330082 157348880 91620583 644157326 737382138 496569621
1 1
880321957
15 2
561849139 500301440 6727161 50764618 942322497 936692269 477101197 389094915 208670077 765244967 771756618 455541534 968376756 480592998 31032635
19 10
795356404 701740514 109269335 85215298 388964280 208591327 837485382 760517258 773857659 952878599 991526215 428558216 170150638 650207964 337701273 344865907 689528967 16081268 61864902
15 13
932345992 96109830 887761462 342297221 839287355 393760885 269050011 643081543 82303018 436125755 721976735 354756120 374443019 457460005 539061548
1 1
21310653
4 2
506218730 697475639 926024890 223783083
12 2
507473196 995513392 995428784 830868307 930564974 280298375 969814096 149514216 616407084 871396128 734544696 768598172
6 1
989409214 70508645 143762776 269573432 306240321 894332013
6 4
426644843 523250939 211696660 66354989 113996715 52838167
14 3
70461575 705946615 844376474 253251564 123722489 565343948 760639992 832558546 371603466 103811646 531460826 824376006 599953375 80208932
11 1
778336502 358413445 635386569 576260541 68640143 157132831 700090951 869694172 386826055 699896982 271172612
12 12
816935564 255079987 52276511 270268768 929887719 217291085 766141661 916700102 315284436 450418259 597101099 627681172
3 3
262512361 764508597 702334670
8 3
822268238 539628852 394860432 166224239 73405593 87474771 896953622 67424774
16 10
473530595 720394825 588347885 620442332 260027838 232679400 312703986 724717267 402712420 286676255 797301550 887110068 441253035 50306915 606801441 144224704
16 6
183130617 963133838 622187858 18068758 390244569 638917159 335238601 667548336 368989307 123978547 373858548 658432840 259520117 394382988 917066302 369152216
12 9
192440679 386111982 483540769 114000541 91663726 824914613 763116776 121476911 550214791 683028501 362351032 966849636
17 14
759085728 780686336 698108942 743975562 26626735 69765802 631598197 113120993 836126539 611504955 947296586 112492284 321639159 155390545 488262277 704813292 498244169
7 1
506721673 144915092 639102877 25895141 314368318 917699776 989762074
7 3
813578456 539650236 909503920 430894430 335594747 307429835 966801991
2 2
724665052 167804585
2 1
903505555 626200157
4 3
995935179 108237993 491495519 930113413
8 2
190328190 488569402 857609434 627314003 810261623 73818643 2908194 968452639
9 9
978936048 529470718 627172550 380359758 663448646 282937454 397718026 51230905 948746255
19 19
537663986 191484801 499180770 407948887 535943213 799358144 677979559 635391226 979611735 318624707 188482274 73555259 656467901 777535277 757217026 843624672 382309154 144237352 966406690
17 5
167540892 665901894 884310645 497994545 411541721 388565660 846012451 86661071 689530779 46078775 980025291 516818024 921060673 24079316 72251180 8841741 214860055
1 1
795346795
12 9
431943849 389475849 704578423 704243927 300590052 523670281 375061251 498695767 419786407 76554599 894759500 137896863
16 13
175711563 244308344 46314586 150078930 215998935 152553735 675385009 280457876 149816317 450418812 582933772 779703869 757133385 229857722 710452835 657824051
12 9
696921017 488684832 551008854 70370980 578318566 543661805 687888898 992971532 538173544 827466008 661835544 675243992
7 2
356741129 738877252 225746429 707570057 901566951 395337399 234434681
20 19
458464123 176244622 980812164 456958384 296049058 395802362 658288862 244225482 260599505 444444783 348888974 977674365 919500223 114881165 91101094 61564755 114448446 743780838 630787706 736800077
1 1
606191907
19 9
668191795 425986032 282273670 899549738 111076858 826314841 996353738 165470660 338508579 286650154 638715079 750652098 81793281 8884029 599840955 285005519 453343211 150245265 845821405
9 4
371139336 291557443 841003843 758911932 864002133 980778206 263753695 429253313 412750423
15 6
387525796 45459837 525549723 456526288 713982256 439405400 866657509 79515143 465584278 928524100 264306259 186071702 757014532 989794484 891106952
10 9
556152171 475855161 883781931 203325617 757668944 859970000 1491399 846450462 842920267 311267947
10 1
706992904 893182334 359296386 93428551 6445455 276425399 768090479 955656936 333557372 688995115
18 9
566097014 283148874 946992597 740940945 483393724 704365834 506992905 147312315 111830430 645924260 190314554 93662776 297889874 153328078 698493300 784856160 591688106 751454632
20 11
813022730 457381154 702767663 53709852 437546478 672572901 348431831 548204947 846015775 617572423 488113569 63275313 292427713 634816723 96318910 904885992 98293420 266165286 729109989 709420934
3 3
896057987 334028485 90644951
17 17
56060068 482951879 613222777 579738189 63304203 866818213 796537727 653103874 225370 564581773 194177461 246094760 958049309 202737175 504428556 496519782 846792759
13 11
302401787 201609627 250097307 401925304 927542307 859118155 293894824 405884806 284852376 323864739 937485601 855986674 190129336
3 1
22888059 433725368 16089737
15 12
567581307 185702601 850244390 408171887 586303809 782014411 554332906 498196671 411483645 809844529 208093622 281446942 625456422 553973867 646107711
5 2
777348973 728628541 93451569 845548071 306083950
9 4
159586311 630406763 106126681 603411523 128249684 885112840 343965487 2382592 209441637
12 12
274443306 454626891 955356129 21673359 538670633 609746408 775158355 618360857 493769255 450424381 166785083 976439778
6 6
625263943 219313197 411773513 373631485 808432595 87277300
13 5
954554683 163362916 817340894 106757435 214763364 217521686 71055756 943948510 968257860 181018339 388283450 517361866 263103701
17 7
278186973 506700818 555883508 15025164 286543189 635090899 874575375 332337825 998870636 533614913 745384216 954264752 589887049 582257219 727136750 4614693 634543540
8 8
868373115 969318840 553656825 560702407 887125354 713880006 861396546 289388936
2 2
124307145 495293333
3 3
915107737 259718743 713749762
17 11
65460262 719403216 380991626 752863146 231613789 378283509 457212635 967570560 394419489 294606576 705056278 739949325 811565540 830189380 869990342 129705321 630217330
15 5
164432776 478452948 375756067 866991454 547430190 233722586 328725211 895670342 219739974 762434811 581497096 705258996 757440180 623676463 848776643
9 5
665288362 876387683 856120370 883333832 176235422 156491960 866673673 16804973 54794343
4 3
281262433 141385396 973764172 892632502
6 1
674862731 862523003 421875790 811229569 27006141 608836893
4 4
676679891 139946357 946901956 459178162
10 8
816039006 19970065 424225788 803470699 254000372 28001877 281809270 974507247 445854475 121163022
6 1
918405845 21676025 190094319 923164651 432571210 965756187
1 1
970787118
15 6
86560032 966455830 241016496 882013671 387781740 205403387 454414875 781850538 453261632 789204758 207308018 901629043 83619980 99534318 75630234
