167
6 1
383643067 308678676 367599712 97375020 284833832 719104287
19 10
866903233 185749552 591358707 199812809 329261119 463915838 935023562 127661726 792508913 951395813 912223386 732569468 104457701 668868946 423125420 28665479 396146109 727320033 574546950
11 4
70549705 127107685 702833831 741219551 212538730 878269547 316824857 571272948 1001611 103155283 357165649
17 1
44938149 651486799 25469128 541392402 487612246 752488026 403111542 82534401 352735745 769780286 762487192 705107338 266372104 381154128 26768568 103619557 336949725
8 8
663393840 317455897 126581997 244310823 365667518 71657083 95555479 982886152
13 8
35694030 84627897 605080611 952365258 790508092 993493407 488750072 311446883 803146626 874142933 167508918 956890214 905161217
10 3
813077209 484835583 941751146 724709716 439908916 277487919 549724822 282389112 839511923 241240800
8 3
607924786 739299619 977165310 792673863 67868201 300217538 908849796 445311951
6 6
123274816 836386950 605333026 782214814 274891301 142929614
19 4
493365814 784320566 299038994 154165190 684850005 543967289 548480564 624242579 701913185 453802575 364906362 948428339 994821545 656949106 269877637 867677983 580200336 887752514 913197572
20 4
709267164 255960748 412487632 159209656 327688480 805719670 923956271 159684231 198212141 385180880 925067795 551089394 180047518 575258466 550884988 63341338 255316241 39390227 533483074 598400087
15 5
443644875 250326024 430801433 342563969 560728003 766468954 777892303 266954848 376732175 802869972 744991035 880182728 472193111 809858900 662433518
5 4
5343024 8942430 227628559 930539553 304614653
3 2
666159225 447498241 201490323
18 10
48124673 979588064 984928853 258444592 594351918 403215069 656559265 840617941 930718628 381323718 579233272 59682913 135753017 531150738 467241464 392002517 198705461 262742156
3 1
634920730 287180248 454989165
1 1
672208766
1 1
618965083
5 3
606882593 732873054 782976754 959797250 559275915
2 2
760253082 946076374
16 8
36267591 994105753 187196510 378777332 231971546 493695409 464768489 635980290 907897461 528611121 322666168 95147515 373951975 486778376 556961486 783162883
5 3
857727107 609436162 115177629 17532645 593661895
9 2
556806783 568532118 948396882 33670152 6829826 365863775 446385867 240013930 155977688
17 8
916588466 640335701 727661140 979443733 738322234 693659391 859950794 541626407 215145395 528753206 851848419 449939224 923727547 295516663 866663604 868336525 146014313
20 2
721679237 146554339 857737085 861967671 451485837 456972144 343934602 481150915 303916431 567464538 133999147 720058568 487741965 481304922 22785758 926747054 721848683 130364682 311074974 361974208
14 2
185095373 326371910 487601835 842431684 643924585 491685033 185296795 233582129 440146381 115627293 555076123 952685085 678066241 499916837
13 7
197620496 517414718 213673488 636365923 704401571 457613498 845566802 927579601 649867334 591100886 57580113 894501284 92684863
17 1
112811712 176187428 530898398 232058392 261007173 524636500 177543319 809599474 554740646 856510074 987434089 355510432 297933341 316137454 482485005 786347305 343426097
4 1
682761007 673947371 286490419 361279097
8 3
52139339 219154444 142857893 548957948 732911680 881618485 370873575 647783637
16 12
946692972 221412772 198716363 947825181 971426101 286803833 52279352 658234364 692117685 723533341 929849275 695495624 637689728 814506048 398289191 835457743
1 1
324471898
8 8
914412516 225935694 182999193 541864360 918591427 291540149 543011158 898196884
7 6
145439399 558430974 720274119 129968916 693761707 44808973 662983863
5 3
701824942 866639607 942736320 515252631 823253666
11 4
18333397 318096794 532491363 938873245 600402772 847976343 310274716 756869094 330909631 325205046 344792473
3 3
196561982 824868057 475290027
1 1
868121952
1 1
877818093
13 10
981130263 532298339 454327332 434603586 272267798 233922845 485647939 568560692 722605758 757272418 267006463 111248093 822761251
10 8
149355095 503424816 429264345 458331695 993652805 759992317 753014275 521831349 120424346 979332559
5 5
149778543 29070911 535172626 127466097 798580808
9 3
220321081 688855094 677550556 702929164 447516192 905067359 267177450 83524461 490362787
18 18
536651902 869139536 264875541 574965474 51501988 150185824 656121380 842919841 915892082 605201266 175010257 673706521 239304218 558060638 1946947 725678477 142139516 526523416
6 4
618455096 664210084 523370739 254607994 674822612 703601829
20 3
452671004 381736013 447998998 214232506 666225719 596580830 117789809 158774662 680210062 852102659 177109434 266469449 426409192 371435935 390733489 7256782 473155364 8768313 879097723 891297657
15 6
920777928 765288971 557843251 542575417 884742471 694656356 321796006 765809866 358925542 916502840 493991156 254185142 535217046 395885548 359025417
4 1
191032961 438254890 417868847 764311229
16 13
408246118 771004751 451006743 478656090 53441152 572544425 154856498 541737057 24102519 789052967 753736864 943219053 282103491 903796549 7867371 872887521
11 11
675945805 150964407 727427613 685190917 847280315 978514260 880669151 641403827 915547755 995886684 733893836
5 4
999830343 699126364 825421418 301683537 68457667
1 1
707081432
7 5
727397013 964851873 70952553 131183501 977678163 400082165 764414316
15 7
195507702 212008354 776520354 101926605 261142844 456610758 236327591 396757330 944490258 744824641 645598628 487667023 251593067 972674374 59469902
11 4
248944991 208633165 199964780 917812364 953895735 531608532 275366745 524689819 990021321 375808227 193723497
10 8
501457552 190848578 115692934 314927468 360093968 645196760 499532794 702581738 150319729 395974646
20 13
364282093 969613889 440223487 536341177 609210157 892755265 460173590 361500341 602820122 913672093 220840134 202320013 631577155 613008117 137197820 830482123 696852289 560883810 579033089 702013479
7 2
131019963 676238830 483267285 376475865 814146293 357237948 153180907
2 1
462525753 91323822
4 2
67862356 604925575 342901027 291785137
15 2
899205291 343813538 673660115 241118076 849051183 849667490 578705866 356272388 595599896 360694410 245927311 285445601 802665824 386881717 285324852
19 9
694452475 708034768 300464794 295385700 896342054 974466098 834143148 920933841 200109839 843443428 408416664 181210050 961290433 387669425 834560319 625943571 385757391 817278792 377104716
14 13
247372064 909699585 995323688 302668371 279466614 301794224 216106557 35517506 298844067 327582743 284073438 75809736 298426475 580437237
12 8
803174522 546771458 488807596 834184090 230621691 425304004 528311224 581068473 915930968 169239493 547148588 753394269
3 1
59786241 597826543 122384167
4 2
214815654 209677628 412972827 771899137
8 6
395306268 657918101 359598309 888316222 530906427 504760950 635242324 608678255
14 7
541149383 604454346 164241550 285004894 739409003 942188835 811006647 262575160 253218807 972354259 486712617 671041013 668269591 194419280
6 2
335230515 484829986 664956854 432660193 844406381 992239431
17 14
703779013 508590261 296267433 360308068 304311496 477832753 272949490 572619355 312615180 246542755 48112083 776975924 216665470 365566404 405278809 668469633 254405912
5 5
941747801 274239775 856417373 250089612 170435854
16 14
263851221 939380730 266211375 420072139 126695607 37662815 966342386 451865818 267057743 597835799 671828451 318880634 10901563 307565492 291244004 195691354
4 2
457271726 65029833 843921078 547617007
15 1
699047705 919451249 827166669 482202982 935117497 155015781 297967220 760293636 827159714 509315725 71777889 519687500 216474278 259145052 456094986
18 4
334588430 531791086 308569328 572098531 994301324 158400541 550553964 97692397 8541877 286116932 312472628 258754797 372238681 521964766 534853255 606587603 309812165 617431728
3 2
657860508 695066376 541995555
12 1
203545572 382555852 831623514 348114861 448132708 592221321 136211540 873978507 122906845 215231681 764248971 200096501
9 9
100385230 133834637 917577792 13084904 218150686 2436434 938951239 502395903 442603703
19 9
325713558 774141054 751644449 266691543 922741308 264082420 913089641 334411374 251630166 139890976 310174170 14113565 995994769 984132204 990225958 785470781 97120262 314867184 491424022
3 2
777891103 244865514 126306121
15 1
210916183 840514592 451789840 105189713 537601690 14840119 853770360 497400348 664470704 574654427 386799199 444064520 983416023 940417986 987846484
14 8
72035587 472530195 183485219 137662746 542533173 981936050 642549287 801862899 668446430 508299675 60888431 309463088 437696369 83477689
17 7
78468267 927532363 565936522 581935752 660111344 253776119 849128627 719728394 255778410 597891609 728238002 639187685 861645227 963897335 898098917 965230319 548012807
13 11
839617913 130863287 10392238 60385291 501245446 508850078 461165697 429635749 588001146 126630970 352521699 30532018 548358158
7 3
658722309 486240665 543760717 234322651 957970128 784446300 647293298
7 3
574030795 733315200 110804983 760736720 915801169 667553791 507610167
13 5
905758180 697546755 786988215 374437448 351302625 462432028 548995981 120818873 50604537 705582040 45299606 150528465 986257605
3 2
983742640 311823579 698214924
18 2
169032026 668578449 61934249 944306684 543729285 420128655 325852728 506259355 49245570 907384664 912123684 446486647 398909671 394435215 282635493 224150572 193933312 889463762
18 15
49603401 7065996 9015959 704691021 383015434 184610203 618675124 71348208 100309726 355338904 986132872 67312520 105155828 542236040 47158519 598960645 160257429 359397215
16 7
849947298 58151776 828486421 985371451 507404140 853305647 769095062 16080283 927573229 345067474 566524218 648280793 64948179 715496947 595470841 278801384
2 2
253677086 745593060
16 1
937380487 430375883 68215864 732934409 207943777 833835017 910285314 519058448 443032676 196776495 284432678 888085712 638328646 643098557 776424727 518111972
5 4
305334648 370900523 203626813 643988366 489045716
10 2
677666034 880160755 366904297 125804446 247154214 199986491 769960431 606355898 282250655 154490652
8 1
159285855 407993378 364979355 667869895 973803779 145151583 115600712 119980896
14 4
401652373 785664178 253626320 738927789 55152802 557025899 58952358 279177357 877676957 76358387 362371564 60399728 681540620 422733447
20 15
617068180 3003395 25010705 348505396 74630459 600166747 24187156 39501776 994864362 375128381 326579094 906398586 94167544 499795762 818501909 729390831 148350562 498790535 920863555 407754673
1 1
543948160
9 2
91687564 897904954 671953031 846016564 115524960 865113133 155089412 995602144 763971489
12 4
82214934 152115932 945320560 418239164 515750754 576722699 462456026 385095743 30991762 802341805 830656655 532452042
2 2
326954556 644600328
1 1
375885129
10 2
68861424 143582201 185669893 988307 439333837 883597332 349440373 149084045 674886235 117930229
8 6
340297091 137239908 629811337 365129164 635504868 165212223 92402209 442360520
20 8
842668995 102885046 291201901 103651297 107174978 252118813 613645167 756799661 359679513 877669864 598331870 258488431 830108475 939791609 747754145 235610746 77630172 532129984 5281688 741834131
15 5
991655695 957431780 610748636 892476957 136671285 21138879 584253179 108576793 432673723 670670485 338483522 990231812 502697014 826222631 785011753
13 7
420669588 394664515 147674465 211053029 933087931 161248237 848356542 471765062 829222483 698575928 594520101 664395600 901617868
20 5
714352016 851283385 378085339 608360600 350884200 628766386 664584719 548720778 198897417 451333017 768023177 476582420 428505764 923814306 492626015 903355375 236284002 952944662 486626316 735595085
8 5
533709210 448104039 229496270 230982746 156508590 214626742 947136793 772273455
18 16
5346722 179359882 348450374 771232153 863652526 987350257 69981817 580682333 616641720 761333010 876569514 309126060 545175917 328537334 774570544 268770802 541543191 386968623
9 7
23926676 482417628 957746086 529834060 754449613 452664021 352606524 164283062 55007395
14 14
219113585 352776555 726322095 167926608 842579758 25393078 958544544 295643388 676913742 183073704 187773604 835762274 170256061 830307241
19 15
67522332 564316839 700805477 553377717 62247713 492364084 223497250 208760859 530377478 347319625 6426630 144730855 251609240 171797387 40719406 74033320 156677412 758289751 365115891
17 8
786407633 2544960 964045943 603224145 508186978 709080924 416934640 751674814 953325342 346366803 490685262 452583368 942122226 924088734 369053701 602668326 198638256
19 13
122543001 365724939 891655031 76538654 738163634 181523211 824894477 700231147 479032799 169700556 459533835 904292386 264250663 333505601 385079832 337796409 111796499 25631971 744719447
11 7
299541763 392674530 754557900 728717364 860692885 334164498 29295232 591709851 665468512 133611263 985120299
20 2
210844832 800811485 587616369 251160746 771499797 444410221 616455404 94857019 811191424 654204244 111983912 139537335 911378157 914446711 836797038 680896643 510104052 925838172 704142468 164527596
15 9
140258514 150841830 639569295 835128058 980893339 725912126 285976499 826312560 506466955 164412319 485237867 789534367 531041739 15598417 299590572
9 7
570281707 768657406 298366581 625841244 993062256 77163206 739651317 982906829 828032321
6 5
294602091 786398886 680931285 610849208 21639119 263786756
13 9
933693094 125749682 658979918 217239772 432892439 916572663 676410356 136350205 628763793 792491967 554851039 505185352 380166488
11 5
419541425 53984943 78583062 9846219 100601845 981009981 327894232 829036439 392591122 830466435 445541223
8 2
168922266 137863315 398998212 95197650 336162629 779121229 971316118 73982072
9 7
186777049 908374828 907310513 489690621 39350105 416237119 442815727 991418506 800081822
8 3
214147995 594785720 690723596 268683038 821619068 723232752 754270903 885978865
4 2
400010355 225847548 708283364 286840576
20 6
479460344 712317334 558970188 381478663 783728193 947741370 105201572 874157190 852959878 874911183 332721671 71524670 217220761 78193868 163664234 663283209 24292107 871090117 303191157 32195041
15 6
46736278 126271488 857042986 412547634 309282286 653763327 216848424 498068089 545704274 848280119 468449918 14176611 665209430 181599026 281625638
10 2
924052676 539248984 673983330 882694943 764308458 705996493 423682729 35704928 212011004 138796307
11 3
842863051 188215698 199277134 855414724 761118592 840625850 391264156 755249180 355583737 194590324 518045381
16 6
328590338 426244400 792802574 141162290 413388927 773376614 683639545 384716699 457141434 394340144 440581756 34542110 256456900 243399747 350960711 494966856
4 4
431919845 130882970 807885334 813909296
14 8
549600244 120615822 659670450 682241887 906771192 805254148 933805843 869704967 298609826 188395066 791648173 339264307 80192697 403262024
7 3
543669929 873271589 216487607 771363400 622680617 222394837 209158048
6 5
198350077 936654793 246541645 115677102 985699705 963638576
16 5
410754552 749778704 610374992 755858422 928175066 42259367 236501249 353555116 318604457 196212169 969961222 12498410 907810711 721329885 759074025 142092535
14 13
840287819 749281917 305825743 477924789 207921282 30648921 320865479 967718055 926991581 374382518 994071861 372522859 458190613 130161499
1 1
644891761
7 6
141842082 857823422 558833064 425084454 435495138 884849641 310209624
17 4
146878254 925879220 749594631 282999746 149088646 594449740 824432115 765356873 693629321 614129682 648030391 8936398 786372873 792210089 450128290 502938010 640714259
2 1
412840299 932186868
8 6
235330732 622474482 95497627 607264392 452869632 338445205 112838125 993096218
4 1
209072958 755437654 916963132 472726367
18 15
874059328 937615599 194346221 75084309 729715465 510333521 505873288 701588108 864558791 27649554 427979762 438758786 651992517 221812278 839304193 34572765 346928999 250466856
9 5
72575512 604254184 976918996 773047492 340372665 116609655 633553790 576150127 148545819
17 10
160633922 791113142 69833106 324591401 74166062 818261679 634313296 221097747 375484356 917770822 811448486 147627094 976825408 344473858 357903204 87885541 730468257
1 1
736194445
19 18
359407489 677836836 512716671 64707566 124432875 999685252 785111719 925308279 303021407 855389576 789869704 720899122 201770425 272130317 904049592 992073187 881042349 547893132 125951736
4 4
981811099 910446773 685068328 284493074
6 1
373924401 119701582 947191160 906246689 29814278 294982071
19 12
710039480 808890183 390871282 792239321 789474835 801862439 465572880 849845455 558528925 339998432 704391406 954332507 796107866 74874803 729535543 427646604 975748477 827980142 925589
19 16
820091709 591529653 796299893 961571570 109568338 246739974 452913401 473967338 585327615 344714941 473441299 331138910 946819754 418354794 57358603 206397512 66943637 692215165 477316399
4 2
396250980 46923790 252756274 1129441
12 3
786780374 530119038 797647709 10045428 291354961 305936442 7838581 978781135 657119789 563839749 335463117 159826378
8 3
278136822 120015959 185618851 8979290 517327269 68114795 933586725 416403809
14 1
900227208 596091022 778360686 293797729 435661553 974830849 278360257 149648939 896917672 624164136 941054020 861774106 895771128 420119473
20 12
175645129 765644856 476582961 688309354 888591786 879047121 860034702 422117272 789328565 9111976 568423182 474749895 18501963 6947727 285931822 440574742 451765522 137356894 178950865 748899982
3 3
800487938 604103331 76197198
3 1
252299171 270228690 476540762
8 3
758724380 469028315 159601318 226342991 977575584 608226639 408705095 1179097
17 15
393408016 500155021 122690492 407143883 703720288 490409272 735325431 956875618 346720972 241537021 487835086 94138422 147359378 175457676 164881466 371800627 372505877
3 3
451068233 288257503 238323607
4 2
706342181 6671806 170854125 258849328
4 2
998660992 424490336 263897742 523965391
15 6
947995998 391149026 694620131 490767333 90795181 325355445 708840590 678936678 185948832 414723105 312728972 694991083 284453448 169277211 422068231
18 10
917467519 391299485 908643481 331738949 392346739 452151084 695897620 503361113 77358348 265791774 648134664 782076867 663647751 772061547 895754918 152361422 267058258 7917313
