103
9 2
252807416 761741533 357037141 555818753 438418886 359933154 21034065 360503285 620082032
4 1
430296091 888316519 26115697 244701076
12 1
979397570 161888417 398767211 711757217 718487534 302068965 349662139 503640566 370456648 767242708 118831129 435641980
3 2
62508619 567160821 921609112
15 3
192569422 985723585 232913657 697664952 18968410 424050672 788987280 95993570 252028267 331692767 845535339 463100177 690036711 119785660 361023369
2 1
355709921 803549779
13 10
243549439 243284397 357059089 464131017 704322652 461203788 140121286 133521572 95511302 673253146 342083523 483641673 63751943
8 5
281333757 568398320 732159659 393869898 862212304 694019883 890115524 227232254
8 1
605402965 305193776 42427316 779259033 356947864 44295151 682470256 196742524
9 4
129996294 129438691 242872814 496997185 715992506 134779106 410649164 750834338 112726176
1 1
293350034
17 17
722377787 317378265 17648738 484896182 486144177 912810584 27300882 232667637 955594538 588832573 920737624 823710325 825945513 470559300 919949185 842518158 223460361
16 10
202088234 873472996 608236677 858426996 702220903 547300040 252024733 470406230 959960829 884541334 202598829 123624148 378621159 931880039 595109571 617819425
11 11
503378974 286460470 47615573 130424392 895107535 87927659 74967953 164720699 562989016 285536261 448205575
7 4
952250505 234679267 395415378 307893781 239530142 10699363 599941186
20 11
990964531 294286597 502167401 247363223 575249554 715319287 888909761 695048280 345822531 90366250 761391628 895556075 266806923 443969611 136321250 260162958 325824619 974496634 95092080 122126689
15 6
894840641 7197967 965310326 283725977 518057323 640350537 964621723 598026881 974078518 220363737 505840649 181403679 80395217 802927210 309220537
3 1
258384397 20740638 646031508
9 8
482814819 759944843 710112730 728498121 186925706 370822161 732137171 647439478 487686203
12 12
67368109 544325051 301172029 228796198 349817978 80333472 732339110 723138978 447545440 553061525 122782987 550347903
18 8
722816426 938040905 574055142 388078624 184254275 68260478 150492411 702884629 293537772 101241194 441526632 516866501 115731746 885389199 588200956 535489823 800922251 143815190
18 12
556785378 114198733 450479096 753459255 337564444 865372448 881310510 228551961 699096768 620455458 53021150 846677867 600091655 495388955 22044054 708900863 507058884 651255580
15 5
969871510 551451002 871531597 387949857 537057669 115540804 16784507 901867392 911646755 657685974 110506302 560248222 241367567 811543114 16099465
4 2
247305857 550291794 824688365 343753458
15 15
428705020 312977708 927356130 719196369 144180293 750190831 60581261 19187025 638943370 954684621 192680644 524326953 939190289 840213309 810628645
11 11
76647089 495508338 412145359 513561800 756684755 995157252 566828402 43936813 995913265 7388847 624286158
17 10
3436921 191931413 987032245 160546725 164646468 727377554 55456333 838310976 322266214 695659353 195876052 979931300 372254656 699502602 909762620 3199713 32631393
13 11
556748133 732126129 221464394 693496612 577470694 891226010 135143533 30563342 370661925 747618348 293407606 753976466 137469306
4 2
942843824 448502475 674718724 24608711
19 12
786444141 515966052 329363417 982666750 542739316 272990086 943694506 578287623 389212806 10448292 323508247 860977284 524318974 810913970 246251404 632615942 411970506 938117603 235182680
14 12
452064436 828877406 764249311 656956383 396915248 783787107 199116450 381348356 947303307 98221278 466913293 948423191 546366992 562647637
17 11
384757016 824689902 978198090 4330906 569288156 955913674 292657945 948702101 351778198 933020562 840749944 70707906 717025445 328637221 69262432 408010733 225733718
17 13
945844802 609237026 130185903 907495160 308186239 294554468 567304616 537678400 141652539 630929534 218580078 261152238 925875274 83729822 682290302 402544342 728918380
17 3
118008508 959150834 624830327 399200330 5658825 56765118 58606887 755808533 576498934 602795613 901254502 592242498 949731058 110008779 169615209 882778058 97568876
18 16
774342203 855350135 322031799 20436697 188996200 436353634 972417957 50527601 483081543 373368472 888384219 925378612 885147580 232240621 322575312 192612500 418703034 749737066
9 8
469145551 140515500 431751294 812744798 79472962 143813865 579756642 212892393 185189965
18 8
953656075 761379941 521933556 207663099 41244164 131226893 724834528 942356571 455603511 24859642 265015180 777865664 716542921 598023486 854995549 248809550 907958389 827293108
15 15
612166997 347263500 509976623 533981035 140169165 535981565 639840237 126230376 900650767 122618098 119596134 627447882 378969632 175919321 61206402
18 7
820238680 480602862 532126968 704196218 622950114 762493419 805693863 47206852 552135345 58358038 623228209 302928312 842396068 640164158 968643108 602204243 453721117 727067184
19 16
770594216 683882897 933241208 867245276 493020696 6500907 499539886 437835055 800680361 685856324 302763940 748998652 272697688 153572913 38266525 982925235 477578084 451943165 648223211
1 1
600886863
6 6
359050387 632790574 351482048 703990536 437608443 649384813
20 2
997885211 872284526 296298278 280492048 93111305 453014988 961530739 763312473 934679369 639489505 229145461 395863713 914317779 117322218 283396222 544379038 746156742 642480043 68352583 716594401
14 1
552503143 832219150 107390081 364193664 70437031 246923217 632508001 537018073 900072621 463892386 21145354 124204305 957949208 412934085
4 3
418041783 285643233 963087520 494489114
9 8
396866869 641315447 666791501 291467302 244003323 754743946 41049626 861300409 760898794
13 7
515283507 211900995 944823832 49611740 383173080 559621142 113366162 377699921 971752942 797574855 588608231 925865349 243020331
17 3
115667518 939474266 314386680 236763 85411589 976102698 700941907 421934852 275343598 167521082 683689473 773877131 352610465 220795134 77237152 594324788 668503913
16 5
297350273 418492362 781963631 864324612 812292245 426931074 549795621 927108697 51072427 557014311 632491366 380126927 271134252 403572259 660263912 671120660
4 2
515165782 888035706 816283516 124823946
11 5
185482214 498047183 46453409 424095426 77268266 555225735 531671040 56528803 960486087 651851439 668041753
10 6
693303285 432450498 65617044 859763443 841692410 652827045 563137941 395146994 641627986 869596545
17 6
25991600 664456998 203045561 151427827 133783799 111095070 550876865 544594707 625636056 899214083 804437987 367332610 28391996 310102457 845585697 427796856 43159372
20 13
907821860 19365296 559911285 275897898 647965750 191743886 256609068 602124682 14003118 617910822 827498771 155742768 181889657 836637557 388139921 738459293 344396594 883398900 438644693 143834495
2 1
560821310 874810587
3 3
802491523 388249061 20930524
10 7
510195513 374556050 878882143 80390694 439544002 299303557 990777606 380764943 631105401 588054713
12 10
510975146 996043559 779498378 70442006 272961589 489093020 316577278 490851729 256880980 133337011 712814085 81376913
11 2
8979328 618990339 611205355 377295932 589182251 27283865 697333800 898903980 287853653 969950442 162878288
16 11
678491509 859873564 864486500 537426878 202417794 615987624 278691459 900012909 285083836 857311030 43545100 39528501 447887936 152587028 75292227 452937323
8 3
25079099 646561952 336997019 258779155 419129202 47754946 859721376 364327607
11 1
624051499 769626235 954773241 132930064 563578091 665223506 714714878 982842066 27840742 104815380 621933727
6 1
156222622 369722499 877022038 866099293 387055751 734869807
11 4
115422168 884743592 745319083 369760927 822497620 534298317 738874104 540191780 315983259 425899823 254081732
1 1
270663724
12 6
272716250 930575752 219586113 972557151 108885065 830967344 197120754 959048120 603805689 34281819 358944508 805621409
11 8
190640607 872983835 744985559 334421269 930741381 82903199 573644806 59505619 711398378 190868797 149207235
10 9
489805850 706245133 136039617 572820792 305077775 28034258 595476343 558354355 54953088 646954064
11 1
636773680 328663985 509607667 783485717 640437280 753837789 361413814 847598331 141059843 262509152 272021918
2 2
469566717 644375095
16 6
594455033 799104588 596584872 841847936 552060628 274670988 957389154 371700847 502128091 415267159 465738056 922710275 878268933 339973618 387355923 338097077
16 15
995164496 862174098 101056429 489312422 968022120 831027234 580270111 475706470 305392287 938103270 157689329 685006635 590382944 383246686 42078179 115174732
20 5
188923702 987715688 165076102 79674345 279983495 85145305 510421609 118911813 954543857 936474109 862449331 299153133 222922388 744607464 283787197 48216978 323540787 25794368 753246546 504722754
1 1
626181870
2 1
637617984 580325475
16 9
955944219 487344534 184630558 791995256 115893666 575936751 630887019 45174678 197235041 859357854 832901525 113082933 83472371 780834210 638764495 330125486
4 1
67870323 715293329 416595466 24133658
8 8
420853087 283052148 646168246 292023898 694809045 398557038 81161808 808040870
12 3
359317077 589035061 761571455 916622013 328333596 899658443 273483817 563999264 505103559 885102381 993005408 767422368
11 6
590676522 562768263 831080304 665227644 906503677 249615586 517176733 682507142 343330177 379532957 569451683
3 2
877091305 127473688 986655644
12 4
582153962 967472768 983513535 790620945 871569310 173814391 217486914 562847390 298876245 774457717 95921102 211231260
15 13
978525602 148754874 590924982 790643327 898656099 829131873 555565548 689372136 843166388 478938171 289566250 671680330 413640125 991283628 607938933
7 3
414872110 20190471 150199779 350626097 300469185 945063355 752281278
3 3
24393536 466967532 503666212
1 1
918075974
8 4
607147312 138534411 98024875 757497312 221976151 585210470 648959512 383205566
12 9
983821030 403508442 67294142 159561416 451852610 295883739 476334267 34611846 456202083 77619794 863014299 832966906
7 3
310741870 539424636 626421625 326841445 338985500 219734235 456784419
2 1
958832502 154428683
17 16
597390011 774829104 417951839 533581517 788026695 396811654 939971506 34977700 189352825 591724449 358616184 434196013 46404282 652299636 458951712 24456580 838765241
4 3
529624237 541305594 280023322 529916871
9 7
562663391 447253298 543472783 824678043 513336142 108205941 967582386 913860709 225731124
6 4
194009506 771933597 374765171 156835512 996141833 65673919
4 1
927190917 181909220 985792891 215501290
17 1
197304980 258002282 234181110 785960288 755410375 983767212 77362828 299693008 490038964 828166150 80144609 455934295 542654496 874870536 856686257 278929679 387936295
12 9
122120541 732896906 596417616 597160782 38531918 886401225 306535155 503407999 734820381 542409057 37584278 486409811
13 2
929397685 968464516 379374103 976644208 277024711 466405685 698537375 143465935 558104175 110892844 242555322 496921222 912368660
11 1
554618984 393054283 666244890 628218226 617608666 946029985 186197799 507454539 420840667 808036383 882798637
1 1
268573536
1 1
341223303
12 7
214829851 79735657 172524971 489736514 11512154 247227563 223935418 554528092 5592663 861573244 783505294 996969410
20 8
838288848 367847874 102962635 924346137 968987707 874571144 353854713 746521088 885932213 797529159 711309147 100070400 578271167 32057303 368943687 160136318 244783485 121742762 109335663 577178904
