191
16 15
118819757 500572961 294896187 534197370 662313727 610043181 398177963 283057307 524676119 902781871 943651653 300378374 156779077 970412823 649246484 494630384
20 14
494217438 32373869 927704234 7617315 881198170 29063380 977159273 517274269 586149290 827856701 701468144 891692404 494542080 736155132 712949888 163964234 559537436 916851049 818774381 976707486
6 1
66014888 629594055 342798229 923446739 256598892 732050350
7 6
53356375 854761647 56574667 409970811 267078959 817403161 645456106
6 3
106980327 107083229 595387509 428280876 4851430 387930178
3 3
699024983 100423594 832753540
17 6
781781330 467523114 27169370 619565343 169299586 243098837 537080968 732177078 57198885 385363293 109279534 388939358 544705414 226970179 22179679 22331379 395934276
4 4
491303154 813288655 336251436 944439791
17 5
286461182 791144718 838794229 897027305 652934301 366478410 344504366 181215381 875738306 382674302 361704987 524813882 63158504 897442710 294589726 868314141 795094849
17 2
480297809 717337662 461852048 939291197 271514590 718112103 777116761 447397718 189157170 853864178 848136676 660161395 743493089 784370464 427876468 711953179 748314772
8 4
84015068 80500955 477317213 593250378 612773917 544257238 66942863 505405033
5 1
981504048 432882709 910478025 288858 820279635
6 2
19931203 546715887 423092295 426292255 23467883 98006595
3 2
913470024 252621413 595795635
11 7
32967864 494362467 489853771 762195186 730126209 438494677 427021461 363223025 340210510 498654870 815839441
7 7
159504643 888775189 118868072 880242014 168686117 356548037 348045749
1 1
150644540
1 1
425263199
4 4
252048432 861844561 949693316 834162786
2 2
148740070 413979947
19 8
631601423 669909023 870835309 294843198 952722366 888580041 326641433 814196800 206744521 656629539 707432324 458995537 588634940 736811221 860049702 277252502 277613894 862751357 976663315
3 2
3637715 468132989 146539993
15 10
570871174 131045855 271000017 454930846 326741268 551475087 330619005 319825397 480882978 237562923 539041384 522714643 965897392 845370123 50986521
4 4
52526341 306569386 467239553 759715043
6 2
732303595 146152642 327821978 224667463 636897630 63978237
13 4
701686965 2322079 730534680 33207550 23161955 278883784 130292397 224038394 981773470 323057810 883829997 841591079 989184503
6 6
116612595 404727657 219897306 310142671 610299302 891499129
13 5
179351332 95765917 176108999 209004018 798125774 146751123 658253749 382722167 610802172 366299730 979111563 78716525 516765867
12 11
560133160 831845967 309965119 326619507 470078014 653659364 693908612 147442857 591009416 84805288 959987895 531934763
15 8
881921253 76614651 632259419 82733087 382034713 93444430 781242609 898907023 286937806 388517321 639614449 438379150 143438043 601576672 844353578
6 1
812931699 400664965 13693608 167204979 580880639 402515892
15 10
850392116 367546655 942120760 825335913 882108052 208079562 650347751 302496666 373273277 244596213 375634335 523131336 383562570 483698426 348985139
11 7
585153768 654845309 485332696 63803119 831884392 221198408 638098097 47404038 564675571 948808369 150505626
1 1
131102681
16 10
598221036 640449872 892925701 262570078 636502982 892454581 62201773 103414459 785861265 951835904 492793246 372219047 978420462 847524849 685375670 946813056
12 11
622985911 359403854 44761112 971242008 266986377 447025384 996717130 293631684 468428497 23925846 341560640 619810249
1 1
443066209
5 4
935202231 501051231 904674690 384667149 51164377
9 4
574991406 775718038 650935426 371429219 465317058 429465330 5976908 937484768 525598291
12 12
92807214 934288482 895175355 910617521 699664618 877525009 163337745 72431380 422620257 695931956 859078448 342949508
20 1
857147770 467457246 354949237 954786466 92062972 475502087 666211350 426097184 268558236 316759800 49363579 268641274 456840943 53144514 491506114 661429281 347508106 337354437 555527381 115673370
3 1
236797704 672219646 383048492
16 15
163680669 143617302 711058629 380372873 698452441 114136659 905074072 616600043 559160198 6985395 316650277 106398742 501072933 979447441 731316486 991279985
4 1
247653054 934567482 503248461 262169736
12 7
351105956 90847707 645455361 256270548 58661146 258075442 253687002 666693915 869623563 608337138 161262765 571856762
2 1
671727468 842644670
10 2
57800585 402615818 799747642 786600762 694627102 442366648 51498321 40777321 112430645 721503541
15 4
945383592 285438297 126599005 635954621 367694401 542102097 236658700 570110071 914076068 361637541 535089510 495804140 118948635 857177120 31410045
20 19
98931286 72587478 653119229 305960796 878174768 124929744 636782881 7441993 607058619 709028294 219874390 694988564 159370859 916242928 404861463 844365289 624113910 409237659 391031281 524241332
18 13
325856545 703320806 540569619 365435026 208101302 150264879 813883010 238684047 563816446 147099607 984016813 606175726 32166614 224327993 629737069 968727913 353816578 298287513
5 5
462646345 282278623 735148863 271194905 117823339
17 16
442139826 719857452 239667365 90629304 48614401 455252961 651574635 3160138 918932970 594677305 799802323 819328653 726641583 968774810 611053436 228287216 607736968
10 3
8475017 898069890 960462109 54811649 864244077 204364356 804360709 684272669 152805022 377239376
15 9
854409524 757016575 282154102 456725883 642640138 746502587 300579193 41247250 943241953 135089613 671867563 512266627 462537532 773606099 91353875
13 4
168419274 89126876 68291649 846511150 674622514 344808347 298945209 600886387 583974495 900528025 72569228 164971770 707949686
16 13
883050239 814088392 807164661 751147913 458405916 440217039 160252155 81578551 572406009 125243124 484159239 254623840 290737713 2050841 594654849 835573074
17 11
507718235 494711677 309610529 865436676 750697027 931542318 187822486 724846134 347475691 357921855 879404209 309829376 417668290 911567268 365528012 606973819 129425774
18 6
460414752 95780509 693646585 887238751 537364377 539153705 359171557 927155751 943662380 99259890 191435631 560313161 366277899 907963591 721321066 593316671 686785084 514232266
11 7
217391518 478721722 109988522 609612578 147083777 653684227 839859965 320818336 995844010 425121771 829814047
3 1
783088388 89291463 467722818
6 6
609290297 678080976 793782877 977347671 109581016 408335595
19 3
295306744 548989805 709010100 249285061 368018020 874919672 728855385 396608468 700910179 949917674 890662260 488943474 84578746 481004664 704056251 797022920 613380853 263548750 614852216
17 5
779221335 522283465 167479062 710223232 854014714 648133857 615809870 94322490 181259505 865326822 179755987 796257943 840497048 447423974 738503240 771082518 916672508
19 11
391699481 943159254 198715215 24040881 402741350 88193630 846231985 146283931 316520074 518453141 711498453 582214358 363136530 921176616 654093392 180416031 795701368 872266226 289289378
4 1
205381232 195645622 512314606 421613928
13 2
301223023 137542247 500603556 586729145 846036086 62425650 993182444 650552100 269788162 27170644 701563158 89550645 5411729
9 7
325184786 764420704 530338946 371506331 585261006 991012701 196532242 902223585 789657739
16 12
946054055 792570849 769030473 920796844 112219646 171172627 497231191 667924041 228968410 3972896 714248739 807893012 626281717 759852635 261054421 727098641
14 7
435386714 443758236 523440154 784310279 913478926 158937659 940953261 90427455 651767642 334607352 61353471 601545348 619976733 451486722
7 2
598039389 358006929 382781203 770852724 256842561 589360802 895352523
3 3
842923977 393719137 484649541
13 6
333468169 947294362 926134741 435653831 445547064 151260617 940203691 838087464 136150808 369010338 232490235 890910648 617766926
10 3
229700787 868605975 526368211 885866007 256076781 482775265 141011208 96185672 140822249 916941718
6 1
408192452 623979544 52891049 882183186 615317449 497808312
5 4
122333088 903366991 941811006 782518590 310069377
19 7
121012263 127734548 210054416 747617166 822346050 81570365 175988372 32177581 512964151 238887501 936578364 493562422 574668026 289597923 816813605 301908555 389066701 335334481 337049171
8 7
243880027 236961576 346380567 848132574 83384315 628718598 490248693 782991741
7 1
246925042 301399319 298353644 599222575 46971217 117600652 555754964
16 15
306306289 636251896 606346346 249017351 880040778 27372136 186291522 364780214 162114991 439426801 816479026 594395477 936490917 446713018 821419115 1849440
14 2
558626546 937271508 395778851 958970765 967476096 866156379 280626974 940331200 630736544 314498282 910898344 473074612 895107617 162685701
4 2
37054119 263775563 683303712 876859831
18 13
706187378 911845025 344027722 439691633 232172745 94062915 156056227 723990322 446721786 809607909 535680482 357408485 927296978 346837651 587193950 465294374 93891876 549398743
16 6
863869977 710670482 58717628 261675199 383312014 288656409 524183820 305269331 711611978 135250346 23317865 55541361 488867085 41495991 555348328 185285891
4 4
136493473 789958665 62128797 754790858
8 6
352614004 299064241 381055234 260728732 252681189 230097094 164873917 920378633
12 5
410188861 723951324 676956258 236995379 127694715 215483907 804647533 358345435 868384596 176062219 408581019 570871920
13 11
348168552 24323112 829683821 527943388 654814923 673922290 980079773 850779129 236114480 560170404 93883842 521847411 158911608
1 1
125745852
12 5
2002156 228100278 381384284 258867865 365361680 995992688 470515487 971832227 569150932 152181656 644913778 421237454
7 5
447668488 676673545 809541778 480330809 742195028 256298957 103557759
3 2
892520561 605043 932572682
17 1
601988858 322406318 258932498 754828982 933362652 751663162 360371708 254391755 48500844 985275692 889663164 445071058 698378641 963719425 728855509 332523945 647826488
19 3
653624255 415562175 507144611 63741158 12571073 716072273 274512601 755889021 30350355 536309228 289771009 876387853 418493095 733657055 278085981 583084385 332316993 594459341 325973556
2 2
218272912 721570535
6 4
799171634 748755392 943816875 348591090 988074504 340544816
9 7
775682837 134680594 750183732 888989608 31400029 914446516 52605331 565357452 914514956
6 5
994204795 504201386 628257744 236432516 13612181 940697572
2 1
981753040 685738614
2 1
28354261 679503911
10 1
249578214 79873499 336650468 151402156 497945420 481923747 328558144 67011454 53608257 897456900
15 14
211824146 765408338 909883073 742190468 465126010 627949118 448037015 569294825 521981792 130098610 180976760 864402681 592646210 840670553 391607571
16 14
956622437 634266896 185981003 210104123 158827135 463186840 90220949 82201804 6248432 712310958 968229964 998886018 301821505 678060310 872673073 253014088
20 11
605434764 899555321 68671837 137234025 230765861 860264277 240229206 987884747 537277523 99411950 296963057 770562554 743776751 338365987 915717332 166941306 825730493 919622102 453372232 985885485
11 6
551358207 712630756 704178544 700699351 453280526 728779273 105957982 434680768 528838919 721871029 657121417
4 2
244426865 868579760 31105190 102826606
14 14
492480988 48384291 806662317 419717531 960578222 314827930 992729816 79847178 674037726 397367777 554408009 50657770 714997058 729384707
13 12
386735349 157228400 945746052 405419381 43460314 502016960 987945073 442610379 68504128 491476146 953681897 731135354 629377857
13 11
603220124 73593318 626612017 254154102 7213600 547436617 250778263 18423362 803950321 205491316 957640530 382019543 897939220
14 1
224780402 826554053 690376924 181572960 663112348 354668928 401543833 689371413 354156742 526818150 382098477 307208651 956077545 810647652
3 1
335397900 732469923 143526739
20 18
480974563 992797469 69896949 338309307 782698325 877403363 533610609 45268295 987036460 269923099 481605951 706654139 170700235 157544077 907300902 72097457 691130271 641275674 32118739 576640147
1 1
825142384
13 8
655685662 981709102 640618413 350046095 178445987 761712757 342520041 250389231 621646943 883936082 794881029 11725361 804686993
16 2
450257091 588709506 103277638 295184168 666611267 851076030 422582384 47464272 975542792 928960987 866822232 629734661 975198450 708770132 298558318 267276509
17 14
770351742 409162476 683802006 512265235 114782880 652969975 168961930 175701262 927147478 1988415 993356234 122285623 69422985 458906962 333064070 527715081 26330863
5 2
41047987 572916952 404088741 730056604 920529199
7 7
242631574 302311338 926679595 461071695 441862141 375920639 266722807
9 2
474135983 401955303 991514360 284094380 25053735 874551908 332022815 715267443 577357724
4 2
428821961 212986639 878503061 677630009
19 13
741337681 333744222 535359729 675907517 319164717 136393036 168357803 802032992 782184722 295465967 224942642 826952215 45284717 702513511 986746101 778123590 361564666 512001945 866036386
11 10
635357909 618121681 834518893 590821496 408763238 319055130 77007187 580311438 759747539 936936673 714184532
11 9
343513796 123611435 370234971 140047771 965610473 16286364 620015559 110618846 393041554 936672076 757823417
6 4
873209705 863488472 953352091 722562402 523160016 593400155
2 1
395221712 309527049
3 1
654308095 299973677 87630939
4 3
829330858 645348105 298358513 314071340
3 2
120890720 320011825 855965802
19 14
903916986 591210924 214190149 388025529 419658900 110104658 711964041 165072815 97511606 895855357 917292246 52132604 846953219 405976749 696751197 842578808 827585777 515976628 385347685
18 10
433110613 571808339 62354793 357942040 666691447 936684895 882036954 937088438 248639322 228930171 308025899 451495743 324949614 30419227 650886124 806824097 284202969 73721625
5 5
175644189 704129399 578188049 696347479 954526790
18 18
163862069 199467706 313501417 733561211 581673443 948845204 115785772 902163683 153124227 31601937 360972104 110647054 444913514 368094897 426513360 403348577 255333785 567123399
6 3
774135467 760785081 695727413 499200866 837825086 800503983
5 3
196823401 679765121 521800478 709815045 268773748
2 1
185697707 622357249
10 3
985733973 917456729 377118228 611683590 716215330 540229423 54182608 634445696 3295865 796917562
8 6
802988152 819351530 125091357 50145530 909406616 910337077 407018570 782240560
8 6
610879404 193565307 913474847 766242777 239461753 431387977 984036542 306583997
9 2
972370815 650391585 504448258 948499976 346896692 724472330 257244357 603241639 551011107
11 11
761068167 237584237 188214787 285938539 545781315 207104094 406354310 110223317 396410764 624053621 535471030
16 11
962865754 581869935 98291108 863518706 476300209 899435215 886183048 820680228 737418346 712608222 130129869 431988103 22154584 769112037 310254121 313384540
3 1
799716634 992619822 586294040
9 7
61201072 669267108 124742096 656347062 685659798 775051655 276372127 300274781 43353818
7 2
971954147 954819221 515011320 412030356 135127684 248008762 760835198
12 4
859485267 338257312 952848572 723870857 458985779 266026275 828474941 349246489 778660078 745055848 108764252 857801589
10 3
320106942 222412606 196461391 895444911 281401705 222374382 104271250 998529392 419951179 436502422
13 7
844734263 217559989 440921338 393920656 407071323 420717539 576397906 397260073 739645919 220561623 289556014 819566804 951585251
16 1
657253863 854827988 314292574 971136405 164412509 955780530 318655885 173067772 603536129 958093583 133227423 165406046 418944926 694099394 204954985 259080706
7 5
330001501 604159100 73388121 327927898 727806816 288139774 327752743
1 1
505950483
4 2
211899193 794636265 975624639 728767473
5 3
776564744 179833439 256347467 3970564 450636844
4 4
484425002 321658876 58276541 516000048
10 4
205754292 955316330 162171625 513092744 53526281 615087659 189039276 694169272 741320392 918673875
10 5
349450177 602595754 275151707 505083013 997190426 203520415 897405224 919113594 747547874 208068359
4 1
87085048 244349284 8932959 923705393
4 1
520813416 990207534 196572194 103786059
8 4
594271097 193282257 674414520 855138482 834308498 952787984 987608183 531404694
13 3
913223825 986958958 736626208 947841891 935737875 270159985 443042084 774901523 597158264 861969019 162664061 836992251 586186287
11 3
712822481 367887325 469279234 712070895 663719454 777452279 757207584 633519601 773568263 751700615 989969728
10 4
165901906 799099594 553117511 403648669 200439745 447356750 235140132 418183110 607971013 10848285
12 6
727390637 759311436 895408417 350729119 15173825 929192782 706362834 962460064 554755277 607225400 822984117 290470660
10 6
626521882 257595133 436243707 168503530 775141510 908987817 146288044 692912801 181267023 824907782
15 2
6566 657855553 401531780 153910619 116902765 409073972 839634363 703526172 539695414 200944838 1187303 994464547 592022506 146665762 846019359
20 19
881720813 153945125 616581147 360635649 374258633 172504112 370975479 304073789 234863929 594920730 766441149 691248473 229459386 997699125 363340744 947658415 474226696 506228717 577547841 340236261
11 9
239556010 307954641 707732277 665196412 419721592 996992223 619411729 693016247 192918592 388552297 156882860
10 10
411021336 116971383 881852229 869204157 755542646 749220566 713676509 577983052 879201634 90548064
11 8
339403240 729579074 453818943 677883051 527415098 652646357 660534721 557398523 152035455 313784082 530012673
4 4
315080986 209434628 108809293 210740929
19 12
657235091 362568416 488345445 639631853 515584342 287884648 737353921 978775502 300272598 719985799 417965475 46520539 206747185 220298380 238540813 134319306 988354023 981230010 667057968
6 6
124594298 687913961 357958835 673195460 530898778 700530043
13 1
259745457 414704368 515102363 479911332 172076443 159070033 257059794 91008548 84090953 384897055 400442404 139592266 107037272
12 2
19588218 372924193 906975691 940204395 938497654 290558108 606331877 783760599 296314124 161631345 662680855 775123202
11 10
931934617 802901597 436081010 185497521 56208850 105348665 531486478 317698132 822714815 947917710 157190467
10 2
196542989 896560312 636360052 156310428 865701871 684487251 610769233 98316032 388715867 682870323
5 4
906571217 929678853 932644473 866307723 279707429
18 18
210540750 963338613 899299984 902376965 207384259 304166347 796688316 426946989 628453725 779825218 496360208 947190327 132761047 880407964 299432991 138163775 87798465 868530123
18 4
273856056 696912457 240919355 410873729 861980390 578275453 639491292 86668666 836062359 701404741 628080423 513207372 439978747 564148458 75967028 946608228 986523499 473112934
2 1
579380075 25230774
1 1
574751171
20 4
808845047 935241224 454250808 323409425 239089936 911475756 299807295 768038630 448502849 876684058 742914146 84392777 454379005 385897757 655185523 245796807 726323166 809949282 186287636 938584495
4 4
855652389 95173482 46294986 942119821
13 7
158220486 132852060 594765800 196116230 549601800 574593403 501333977 704968405 723235070 877718785 305516101 126788400 938251216
19 12
757808043 706828651 105980027 919600385 592607321 386543649 84711374 722842148 377618755 460245731 607369951 723520791 257400440 427632431 203870132 937944909 412431731 473624596 907160294
2 1
899341690 846564260
1 1
391977054
1 1
814518711
5 5
154380738 619844960 673922929 568784765 571448070
3 2
163720700 807278406 233532453
12 7
345533387 154582293 790291767 701182283 340440495 150895278 770372551 948393257 316822601 747181799 915409675 241867590
13 1
129388917 734365404 262855035 970275997 978227308 256978222 851776144 679924213 412126771 60402147 462346638 206172677 59640356
5 5
174651392 355232308 706458499 52671562 31988295
