69
13 8
380362870 746461185 930047866 274794191 182073716 106914214 986821029 593039304 818491603 668176181 598124533 155157321 319719284
8 1
87293857 805272566 46956194 969577453 269869312 353477492 447604784 247029552
11 8
236738242 102418500 99346699 330747790 930206206 651978042 858608771 374902612 42896302 207101465 69681958
18 4
689917176 162794067 472070383 848122573 690546813 601065724 783806579 664180463 966074197 61006105 621565748 158647732 669103294 887175841 600354099 275252117 196545269 587539773
1 1
98648036
1 1
219617774
10 4
181792182 683576159 695917934 577688797 990716110 989210157 663991731 612214767 212462248 870441695
12 4
640136805 114733128 813555779 455579529 637873398 508624125 433502860 825946665 804142705 860675489 730469580 152927032
6 3
609921532 408546759 492801739 294766687 398362107 314667600
5 5
452010520 514904001 651717214 975987501 163620978
2 1
117053106 987809766
12 5
37544075 675032543 210569565 162641285 531513024 837158242 753200677 939792253 520842045 657532861 838404795 316728967
3 1
152256349 291350954 436320806
4 4
552457945 130200797 790539337 924591716
16 13
291154784 957109322 725073385 903452004 959966960 721793527 630267051 252398641 63832146 594929108 312561475 269639951 520487051 392501604 230147047 278093034
16 12
798711874 891319440 255160769 160598926 759414811 80063988 322868245 185913086 406978095 672695067 960495262 40222299 229280593 305142161 336630290 831715597
4 1
928891992 635958119 407858449 850628507
6 3
29499117 600447175 874811344 753923181 793415093 873476517
2 1
934297737 728983637
7 4
725422500 35435471 416749253 525526640 779713207 518591893 691595774
5 3
525643651 839496897 324490071 127309155 131520705
8 8
304659309 766524499 283989725 288076061 912996256 846503845 454092641 432574267
3 2
51523022 802283919 22612693
15 5
706304984 187212049 825563837 115816362 841609437 718014045 839152101 664868205 12487073 589948935 369567887 380741851 623293995 981351943 987666575
5 3
165337762 438071425 168252152 589172734 854631417
3 2
540757124 660237715 284693805
2 1
397090712 540184732
19 14
658900869 47378612 257911267 406769055 645322338 108770717 638767358 494673518 121471592 184204972 614495730 415533256 764861947 217143379 676439994 725445851 466125564 408816935 809368912
16 8
695091256 245811802 409203576 76223260 912126533 287142748 779489333 442246139 598832619 187180091 54638300 355979058 986330028 219616856 366843200 904153530
12 2
497736511 676783591 354019925 514422224 243691202 75166607 400831564 927623008 900464840 414609229 375605504 675109093
14 7
162668042 866135554 386524263 752881163 593135968 468259294 59721794 184202249 36494913 996937840 834434501 521592565 546925168 331975014
6 4
961058742 738431091 365984969 256454208 883079443 418203716
14 13
852916036 729140981 432018628 347898398 490129039 653060527 443502994 767563102 905184873 729181148 87022916 274847844 320604127 593089317
19 11
78509781 237140669 368966448 542120954 489489692 471505053 251076736 582065906 407192191 582873870 81692325 825726823 65986640 805731921 794381502 478359447 359269269 342879227 381000093
18 11
775175768 201388298 918569754 427561559 450158501 285923087 544157806 125140099 699798807 650992283 116445301 520734456 395864539 12768705 72546663 463630362 286936159 650042933
1 1
320900432
7 6
345521396 485917643 350504854 495844673 167972290 115532297 47511060
7 3
451980339 40667171 225095869 187093350 70960126 187446111 379580284
4 2
464642259 241852547 167955567 756231433
18 14
202042408 1676151 583794451 801147889 90445054 15267919 551621248 450570916 796544886 393315359 694902787 651061115 197026667 335486784 168739608 796165235 548356570 360960147
9 6
427109481 351824659 323341898 767931914 831021549 285841426 94881027 306168030 318453994
2 1
419173024 897474342
7 6
245430649 27046137 210243121 272578484 438529352 472634916 546873721
5 1
325569831 945817330 807481408 414170311 183344057
2 1
285591939 774932100
14 2
803369711 604223166 449936881 491547926 31943307 253277114 661349657 902419641 873006793 318601164 18361248 703357473 201591549 783180731
12 7
597671326 406117971 827901719 741508568 824805538 978763279 822192401 362649923 386137642 618855559 130936898 884358463
6 3
113936867 836577312 909395577 705669502 121765147 767074502
13 11
170368202 734684072 359135543 980274354 968621806 843169499 931203181 87992080 169390363 117770289 427656033 835643451 433493432
3 2
492313371 946608981 631630198
13 12
294539800 766610915 144583078 658861941 123981861 378425161 336906040 624669697 213178121 961533980 761248457 168413654 128021976
20 7
696311616 907929414 663707850 346525753 161487816 227746840 478924004 355712875 188332278 332529835 522838413 913471125 351850421 525189247 397219909 303269880 41996495 704357486 62747809 567024319
16 1
990694904 846473205 817410124 808481694 682868157 740384139 764698286 585039820 408543824 553703758 906282017 216499610 271311787 504076207 557776175 270265222
1 1
112853146
5 4
59731994 344213427 112195759 465417568 569939876
4 2
263552739 376108439 135639200 343327856
4 2
786492307 602504557 607867673 694914447
17 5
950981147 924898387 873206766 940677325 416936974 558306039 79520583 401076829 117614420 494589056 272646379 216958037 659367677 935802358 52230484 427250861 494337962
16 15
429547411 850187516 593104947 675971046 568955258 834553030 262122619 621155920 993168741 408523114 375573400 608005556 89806569 813427732 363370438 17936037
1 1
918466344
11 3
19164984 629714825 226787599 993062664 477959053 703151990 709782692 267346984 799522863 214508744 97439055
13 4
881907669 862561944 774727237 526643808 806214005 686468996 750087477 859934969 539648214 778651704 810922037 80144361 824068090
5 3
699337410 748180410 888047376 979244979 954323873
12 10
156190498 396148942 849753734 869204868 637140665 848423692 428933958 462131592 18702291 955713969 422086183 997180343
18 12
355198405 433188226 166893480 451130863 240480634 343815886 70598114 612263920 763241846 180951988 683606864 428365827 886565244 58012375 412303037 628409538 100815240 594115922
20 4
684680902 397195307 598788516 283352247 21867495 372102467 948483473 21019267 226748005 892653499 329640007 594899175 782012904 713975046 259562187 603542314 720835985 695806835 630854751 858351412
1 1
724392712
10 3
509076650 468367191 95472092 93287863 286179712 865888560 36668390 685705611 691187086 123844675
1 1
233241729
