69
20 1
913832459 241653902 884494809 646216595 532540594 59658575 910901551 821923526 738327849 169998474 795178909 792517494 139290177 985757590 932582568 315146084 106632240 361365239 673810643 108047850
11 10
74411830 872301930 164873819 954650838 844392600 696518975 647913946 641395007 498193931 846851525 883099728
1 1
545629191
19 11
191678553 180636335 185889469 566224673 29095844 906786614 546998860 678966776 706101879 800268166 243392339 238779734 14034886 699593891 857559764 44675088 839180250 361532783 836709801
17 12
126998649 894447336 252622769 440379545 726066676 698990107 517680328 611375391 461628019 766615549 859269190 237186462 737567780 749986775 903896436 669808013 882574775
6 5
775208831 468503172 319963404 74722111 559320827 741086265
3 1
190444722 518951027 875592407
8 1
366273950 337361062 551835253 874484033 737901243 84905309 154396211 383150520
10 9
847434602 4832868 578251053 252181927 5500231 293439654 989009905 722324465 112546823 62627724
4 3
506289681 574133009 726469016 302850970
11 10
688214141 874905020 429641913 595218774 397221443 434773837 871676040 698560944 26977222 237477682 960938535
16 13
614629236 729772725 980928576 117708087 351201254 387279323 497494109 592351567 891120654 79625630 4121055 657526527 703353052 663670059 726829428 686226939
1 1
364222631
1 1
942278331
17 15
41776262 405378017 280746092 982225115 395477054 456268044 900467978 547495025 221388392 710163720 911126261 330362125 461117914 314001497 987097094 369887102 873660508
8 2
44305088 412909257 123639650 814503371 549279029 368763431 713456051 687806578
14 4
730291682 755607860 118911837 170355405 509364084 479812300 954353354 356077359 692096435 386280691 788975748 583074012 165428681 163901791
14 3
892522109 245953431 589158459 78545756 681038060 405201555 938171447 537726634 994449833 315554733 936900957 81700138 973062179 30656351
15 9
386367818 838438578 746359214 549768820 584407690 973398594 308996207 173393004 174826163 559579693 818805630 921133994 193242380 359286265 607546167
16 13
687391597 53180173 964174504 758064582 190687545 75162912 553007890 447765896 223711730 14047608 650600564 62614651 405148414 737015614 606483134 413213853
20 10
528211671 363893517 974819748 138035257 532538198 187352610 999780224 502879456 536523250 626984327 256049441 458574499 974570877 370051629 765006866 919220518 406042796 79595068 385601875 262664723
15 4
88426986 180996086 842759332 107507701 887641680 644341964 410944895 568975740 612502323 904995366 614725180 545688155 523930726 431763794 894021424
19 11
16937750 49392070 384105805 971738271 952514151 554076936 898609534 479453476 722722562 749543652 697011926 938725807 405046163 680088327 979082768 855176261 664788415 270986633 644769893
8 4
361026175 194605558 85819497 205452999 76833946 912154746 722065509 630514236
1 1
69886988
1 1
344086104
8 3
85681101 410815853 716913095 622367486 939636585 139733236 402940889 893722069
20 6
21154608 650703585 776856379 109536163 313282888 808047813 678460680 469856449 475801188 32488756 129818992 464674183 273501929 962162311 707826571 350839200 903899280 99641014 378500508 463934017
13 6
346609992 696164919 510485820 683388382 66074086 351984009 265861531 140534169 16655323 928966764 406754639 108161781 880781521
15 11
639854873 581825218 743391097 130492375 843750309 463525063 259088409 581130269 914829859 753718613 575698509 797681284 155637681 431219126 329263219
17 12
210151275 245494515 810120344 570446180 607867819 391200754 427400258 776908458 666444283 389661670 591821200 553287135 494508556 622804100 743095795 559383213 933583898
15 1
91293678 257939927 330418171 337376772 595305564 151292582 491313797 536483637 376222884 491161083 29612498 628484979 184591411 796851182 117043361
20 12
740622671 565592997 597710726 328851210 328557230 523177654 191702722 307539421 764726798 504403530 148580442 282186507 760923025 475946324 962442487 364016342 807485550 515885821 268886100 763914981
3 2
640215966 608900155 98427347
8 2
447166226 556109380 486240899 170558977 439235985 544333644 53946933 98323764
5 4
794277734 879137729 111987102 343025658 539622144
10 3
762817504 240721777 941335370 460894400 971856645 807532825 62295852 849236407 979039415 243772268
18 7
361336686 893827759 83415812 902727652 29405156 793166310 991342965 8197090 700057119 420336031 851223511 478799452 514390365 206994116 813886860 92256977 834839763 859046632
3 1
951763558 901779557 439276150
6 3
938578956 384757259 153348479 420996712 801068928 286063348
20 19
749938160 645857737 493480896 13815457 284134537 865403849 587273668 569929996 451930987 186104175 691815067 231664602 399696542 115184403 184868684 597490919 736817588 420900248 827619476 730482688
5 4
841331125 815694938 849941431 238191209 778114682
16 7
563482605 611676559 935861303 551833664 924434849 492128817 583269653 457174196 182548617 137133042 37835206 680554088 509881125 376835896 40575403 638141790
6 6
828496801 660073148 755316117 500486747 375763837 646240809
1 1
196839119
18 9
828019489 324150815 755677559 99551 22165220 697086335 229468518 76366925 552973680 650349984 200054956 136380775 511387845 738254856 959976193 277502299 948006260 528819800
4 1
638079682 356258144 261641124 635220331
11 2
621055096 343362605 435310176 203273723 404931658 323367758 167575646 366842345 657042674 637776166 146744784
14 1
696866916 781155154 442965717 148927402 804677680 625963115 768154185 684780628 472863651 824822500 657637780 136901557 932759681 472715017
5 3
933591881 315220132 679206802 173010487 396397982
6 5
788661728 997956039 964642616 165219557 702447948 383484966
18 3
517061206 472313849 870821198 136068491 498648233 209919751 263404624 223724235 634458489 227691135 763402758 879138623 510459009 30736227 525723032 503518878 437950869 325335051
7 5
264126093 641652776 595372669 945734235 677889411 28447648 291309562
11 10
586453822 717242300 88957394 329779159 229330832 630469032 562812944 742545596 871647807 858885113 646162902
12 2
378724382 513932616 104456588 948812753 219440898 602691645 201189154 486513303 129450430 642613700 374839765 813274685
6 2
732868358 771441899 652386045 853124519 641700956 81161912
5 3
106966978 153202733 825677980 390101944 481853622
1 1
154541920
18 5
945468350 376365938 638052610 745812416 858637021 903592363 126051664 774931419 898100953 520448751 518109950 994261085 767007297 504260073 686637011 954492458 82407942 829220968
12 3
729145731 485055310 46677325 667616665 160319807 298042838 172784877 361079002 195006720 240735868 84678266 750327286
2 2
944662075 406422239
10 4
133446771 878688619 206970269 594932701 619578388 846253160 285437147 303570339 667477492 903977371
6 5
699308975 295961989 579423075 199716754 395741856 690545516
1 1
156160362
4 2
344263273 438507590 150102081 905702108
17 10
143332632 661572968 96647287 287336822 408280341 406272946 454477835 943676809 808838871 412019887 137855781 251365199 79994092 323305352 978921278 647481627 799032028
18 15
702220982 373554921 662710174 753913609 307812743 405184127 300562990 109661411 577623120 109231730 165436901 134281351 559829936 120827031 24942663 542401796 639759901 318672142
15 8
687823882 756572184 15879400 226283853 332780255 226442384 946282109 73537772 761293294 269702882 516778878 963417760 698669765 584822944 747367431
15 9
578644076 169716904 173812058 546794828 51648377 427935856 877582622 999715771 297834646 690993459 746856030 600665300 883088161 814278554 672101981
