74
17 8
715971589 275595426 218606157 299291145 613678685 623686851 760209090 697105669 403870369 535453694 123564863 121707189 709218024 41041146 658865451 803338025 7136137
15 12
582299665 287873122 598718230 967885721 623335415 918500670 727858075 333813045 79239900 247249732 183158457 730781625 427906866 215014713 185704219
3 2
309462707 38588700 710378231
3 3
457469361 280652952 631750487
10 6
626525372 519406470 28269959 879218605 152241278 535996034 475289258 276126577 497144042 203449356
8 2
227175135 408199109 945624210 629466579 920536305 484159187 299890535 199694405
18 2
44888386 201054144 114382763 89620889 330037893 860263600 752238169 38939202 200935059 30609839 882583794 495659516 159442003 65626327 895310836 625412864 733457215 63204078
15 1
483976388 613919315 597914441 124181898 937308381 60244433 813752912 237023891 803023857 901842516 41635045 455345502 63217896 517300526 141055962
14 10
612315968 821017496 714946159 358319309 560818375 715970430 435798109 677936116 953583679 446464112 136171899 451574166 273381218 842841212
12 6
22051894 129888252 903916727 907502567 256117076 322329348 93855348 571302456 672795399 569081261 76180336 941417005
10 7
517579552 794093228 573878156 335203910 845831782 452696652 794255119 705675022 425247316 716768373
11 4
696351703 831528477 348933182 507613072 198800819 280372361 407944781 667524020 282268201 877375097 237759050
4 2
898667557 386424633 883741102 799951545
14 13
112570488 939993226 764132625 518916235 371872574 885001627 535870581 387990447 746392287 103694614 436596844 676980218 539028470 565649394
17 2
505158689 588535528 477014320 52738893 980598429 675848894 23848774 207981343 680214020 298874271 975421336 775139114 167575587 715264486 659685804 86016746 389242373
8 2
50770837 386207373 379319680 391973350 340347842 396447525 862365046 415843735
19 6
940536039 511189003 440795232 416370591 114821496 379563664 546918426 663105970 114633788 17809442 536963482 748207586 678152945 756537077 665251585 762114468 805553561 906038853 688933647
10 7
245904138 509051321 74279863 875427334 474000300 515218278 360579530 936913850 668049763 713896754
2 2
468996789 854557038
15 10
617087786 107233453 33069191 611031907 647335994 209273520 685495203 793181841 396844758 140969891 599976518 977479276 489502042 644115655 297885678
20 5
934990476 757901845 434954930 520085721 222364129 514496094 573867985 573868547 502777321 392982620 225781004 400855707 781445320 640955313 963157536 721384159 93887866 397954664 856807984 168750664
11 4
270575861 237473744 117706196 283993345 446107556 710332404 813048725 69394006 231438936 981908958 858648127
18 15
511262340 481861935 369964562 308704047 642208853 772107717 924767089 138888410 956031995 834099674 947655108 868028956 876093605 529486151 231117884 507933013 737821599 938082799
16 13
197784251 132069911 517113867 370433332 395266033 368525535 344915749 673143244 14956986 561659615 634133819 126782142 286586476 50984938 833915576 121795893
5 4
554523423 863722067 547778108 508533515 64939063
12 8
297309412 685691057 543123132 813402151 747254836 268764022 784437114 391680250 994696926 29416317 639579950 512996826
19 19
468263278 197359066 439240123 369218661 540502601 41188 104534095 267957928 987147677 527291123 529662177 567293211 134037064 404318740 874488826 973502727 735009692 606715781 174362194
2 2
968757668 830870282
15 6
132118654 6666759 92592472 76852183 214803200 636274771 667918328 156900029 939127706 78513102 858035308 982881250 466207642 97098004 221839426
20 14
75274884 439723046 783010067 758019209 492125489 571829301 329732356 930284698 532516163 15802080 74431888 216559463 882237114 848608702 282509643 474038654 847089428 606237378 716000173 889204105
13 4
437228743 310745958 7050810 914791612 138845675 950145202 886335163 739232606 340246725 482259044 57665587 432774565 888572254
13 8
519508484 598424230 662231979 304027139 902674401 354032361 998618133 109821708 38494911 263565011 951672202 931032289 307023482
16 15
465000830 860151022 591296130 72479773 670807801 649450469 324967879 85607527 676821063 533491192 418597308 506474178 570069230 689836388 951761373 128019167
12 4
916109856 940677766 655963644 99947085 907993077 556775138 747654325 133215575 93835550 445142159 16698340 971058524
15 5
643953853 320416105 642568175 355157584 476101562 933073292 519611366 582583304 516602763 751027324 890737005 600970254 242571769 328073274 79507179
8 6
902963074 599538396 769949845 219696640 251592504 200699893 354625579 93012113
4 2
162941624 146056062 354039639 623035159
6 6
837448774 905680427 560783995 632758045 517263752 927745501
6 4
396030926 107439368 737878446 977754045 122155765 926479039
18 5
669198115 796848412 497800955 557924323 686329604 435573781 442717555 360565888 286366529 189967803 641183827 499971085 490584114 716022375 715681981 681020267 914004858 78067758
11 3
239728831 493048065 786310383 465121750 286050749 858139879 647952353 150564902 729545520 288884239 514645479
13 6
456929801 657944871 850788542 941959302 980603254 730498099 840972087 174993412 157184878 439635416 505312499 795603218 490077999
11 7
33612320 556690203 425543432 702745772 653183614 214842641 845712566 278406367 106056107 478535195 25610230
1 1
440068458
6 1
827017715 911606589 350476481 257007606 27971598 377648927
5 4
179994326 821965067 83550719 649222220 751074516
12 10
95264926 739134136 921456858 495192613 887202680 770738064 657522153 889742194 289098927 856723112 968647948 977979062
18 16
978911202 858354231 799680264 722627197 937297744 593404399 475524744 159467684 996168933 359824381 726706149 689401863 25251876 395839924 397033866 387313894 810547972 557460742
6 4
368380791 571220449 420077697 186254998 172799949 366826174
2 1
744148945 974750952
6 2
993803157 231290982 566872335 314095817 250537971 366839857
9 8
323229758 649095561 820109500 999839787 595478703 626647187 452961355 469962098 983974857
3 2
117444797 58135856 218612589
9 6
485672522 19839098 787928179 677286432 311749312 422327970 82993115 481138312 179823042
17 14
197750038 425105800 690437450 179346703 389021247 367650044 158028891 224106837 917324181 654281226 971584463 814111922 470806202 919910847 751984743 247260169 67028870
8 5
431146612 324855707 255238411 228911944 857853495 461421091 764792934 107354301
13 2
580461045 796202618 122597314 3537140 677755311 25449219 310151137 904585488 981216233 867628978 151859184 693649404 798496280
8 8
856216821 24046463 604567318 853995496 898482934 686688826 551791673 144648598
19 1
247596353 601621540 182920602 195353455 639097566 802495909 40987739 12250011 141828834 907047332 400900790 468192625 227815722 613782710 51326107 684865404 629356821 660880860 460096027
8 7
61753981 826638832 812345912 136155615 198729940 164905835 967474657 27915583
7 6
7345191 223448518 877854654 499551656 207209255 965566017 733198927
4 1
380406872 937087861 978106342 925205659
1 1
1134916
20 15
45164505 817271202 181131227 429356351 51984932 582949175 581492441 55155702 547960206 946530647 599884859 85899673 158534263 360730640 991146478 391293385 400221586 741767173 788115069 576172279
17 1
235294218 165027171 863920352 309469784 955512450 328240648 792441502 82360299 171846307 172520684 337640410 785627296 821075535 562545880 428363660 265906873 838600989
18 8
243352710 833778855 374115637 452239560 644516746 705714763 848272942 308448856 187513638 261942825 576360579 835653144 865524191 607963371 423901153 814486013 921200923 268473913
12 8
880312962 69454289 245171901 579656429 543823202 682924243 483999972 371769335 567591637 197373558 926849615 173350651
1 1
499290349
2 2
731576710 894409290
13 2
713804541 848518698 597846030 386057894 712860633 593602780 473201734 574902705 526224407 376465237 920483124 16588487 252715989
8 6
815502147 520516496 161337477 60474674 150062789 409211724 984025147 23041653
16 7
421254375 994860679 171078823 624952736 352356530 663088163 981154997 738016876 329072481 118545373 941070477 980040646 749669400 575002778 602573710 919759154
16 16
338840669 747327699 862502542 329037105 551804841 233774668 502059853 179820085 802673320 696547041 208907691 298124432 947385553 407985516 213825543 786091623
6 2
540921237 365393189 980353271 853787582 729300342 428956795
