140
8 7
978652966 846203811 564286291 592231079 800876560 347380240 188713426 73034074
7 6
888211427 415896346 69216317 959367493 748645745 596793497 600765352
20 18
437742974 978171077 871670477 990635299 88669464 446062632 171653336 906269299 169603108 819472160 211259372 73377839 535354181 826477657 344309093 73210417 560706842 51846177 980588917 909536955
8 8
154599136 555562492 534384498 712950075 416198966 802625822 487885306 43644648
17 2
873758885 154728839 89689828 313471361 907021578 905280803 810308556 622902837 656635816 575033365 120842291 747125227 38755342 723917737 400207569 322889987 683986394
5 4
210411965 825665451 748543567 658929379 984152572
15 1
425682236 542151324 587670638 385689806 903936555 158840630 447633533 629148829 54370293 946756899 172126034 642439948 189089120 286242252 233171552
7 5
699390083 494450155 793352861 213667122 847232075 867782793 116484498
20 18
139929534 700293261 20048584 629116487 657577934 745457543 382550845 767567330 35634670 691686254 646014628 87151435 944719739 452492836 97091232 59844812 1293308 439210415 240853199 485071659
19 9
114029253 40670387 436492762 28413328 529561699 993407532 968845453 598943794 370096134 361190339 627009106 881978950 442156592 134271809 199065532 129274521 372907385 769118694 537793996
8 2
305915217 789957674 933553599 556741540 321656108 769022770 946984993 299839684
1 1
223862042
17 13
491586638 808996833 933637117 764008247 627721967 520908378 421170365 422654694 599066957 450351978 347988241 835985894 552139526 256811484 376959010 306790268 487973913
15 5
35413311 125854545 567498133 457305385 909656379 871022162 856889514 198463094 222375051 448643885 938148363 755654010 183689978 25737331 818695993
16 5
99017789 506619898 558250873 137455395 49691521 6979418 198479401 423014167 848452443 627219559 717535940 994252332 668178666 7870204 994711063 948769875
1 1
909694233
1 1
22330217
18 10
1171079 29927595 913523768 434436817 393248160 397764539 505256650 273300323 577393662 197400148 132450074 236982612 509074195 641704970 173918386 508183191 660415430 749606982
16 4
747005291 59837918 277548160 324194903 966247277 738569257 259440492 280159008 426074917 441792765 636687996 930887500 718820978 539772446 141072298 389063661
11 1
87647421 408704737 448662635 424580853 210725581 358566427 62578038 993613545 280356852 27170922 455394429
19 17
275004585 214046598 679206391 433772413 999814957 266587564 568797280 242480079 969781653 183846516 10344441 795671944 39313665 237361286 17478117 325712639 377237876 807011372 311795792
7 2
333048309 953240132 326175098 166014344 245495653 114744455 907708788
12 11
185315381 769423579 938697299 379956172 768721103 214680530 963322287 410238035 776572973 290848060 531105279 973705139
18 11
276973330 997534141 530339948 627714052 65051023 402172999 648754576 944947818 980083006 426598868 630021023 670621727 450732232 165707238 253084330 829663112 458362333 390515981
8 2
526214947 802033866 459601146 259805871 850729627 600387606 886497496 437349717
8 6
975746004 350932268 360706223 928474640 136721896 644839867 810381405 452817921
4 4
110154043 149392776 772511266 380238088
1 1
469476819
16 5
231218739 50307564 981092417 929643140 81932637 557283682 282370460 510584505 33152378 957924551 280547892 843736996 290071268 63532718 560029213 619629648
14 5
481944442 160299478 145179683 320724841 833410244 216760458 896061351 817352194 867856600 859899870 520233577 593046256 163067238 67161020
17 16
74849022 382312159 416378900 251984225 699693861 61748018 164359252 133471189 14936147 481874071 38859953 258531222 777351892 36754063 718389466 616980096 969461705
11 9
751323654 960424591 427006657 927298148 356822809 249814956 983974097 57887984 193460992 423073625 627633486
3 1
40456247 818720620 662531616
9 7
249526863 201905018 260232653 473056567 824940605 492707250 244288127 127086095 223430311
5 4
693704039 279398345 321261526 792621442 813851633
5 3
960333125 404073938 282702178 748902517 540488372
4 3
810987983 968156554 462361388 568206257
15 7
442383968 774193028 353427780 156978425 817059092 372611505 674585363 163929049 686711700 98616090 207116123 771747063 161025317 360165502 862252173
20 11
660201307 440676494 35703269 509628679 460481859 212359256 347725611 69831458 597613177 651479402 174589006 143101625 397838381 649201657 83580824 434821497 501901008 951427699 811874177 31050329
8 8
717238779 520535679 905749626 233048194 281053476 116633625 807576809 472414138
7 1
727762624 453058221 588229539 731630205 221320674 675575081 24405195
19 15
437215646 60018372 51949211 352170346 69447858 982303282 830868379 450267984 486239197 531700672 660823069 539867824 203839562 274445469 72878417 712324309 879542745 369673700 269350526
16 1
312033018 272853322 816285004 727126130 794197529 288647503 817156236 912262336 200212569 994191448 983933537 782169168 54757222 576512342 657910779 759534741
2 1
40992031 60455798
2 2
421336761 856399519
1 1
703976423
6 5
255606973 570482588 694197031 337161655 30147183 372484782
18 14
262943209 269066673 851126550 516386945 490655240 135339188 739423008 936094649 520893636 495530162 939776292 896424002 623826767 280110588 285385999 367550759 460274418 560596769
18 13
682513676 533103015 941487277 736389574 205721278 600192584 799701678 488256036 282444531 712967941 796995205 950766677 297993372 719517773 117879763 741107443 106629007 91600696
5 1
248117609 11330091 792504456 357614648 18273392
15 5
772951942 326682873 443936885 160062258 534426219 443111675 311831694 494226342 929084356 866398676 971715424 24864810 941038049 833999998 985416515
4 4
485019894 851609314 453714588 441487285
17 13
958236228 490300329 256014068 258198614 861456017 989227342 356746197 149680668 97225717 77685547 667031600 431396217 344656521 489894220 897236210 513803021 377839329
8 4
190081127 783210225 724341522 583907509 806176008 113017251 694293384 947254106
14 14
22365007 335247944 661020776 800634854 838581036 335765437 383355486 238175275 449809612 201587794 502850880 699520217 44453586 887635496
13 6
80654084 173821546 605916727 834356032 740367619 956122772 442765211 519856085 168348121 699302593 240195290 735749411 457966089
12 11
568316154 107653640 843163272 29575728 298408500 279484670 330492034 128846826 882914163 900725007 619734624 751850896
12 4
589617823 54979505 550601399 759828714 467138799 25381574 295337788 628851108 532969523 600142262 73216251 353725257
17 3
881331487 46081600 250770641 63080881 828055864 843434042 236136027 776554757 311661082 357935248 698372427 160415808 923631462 933289135 102324259 522705014 11570087
3 1
798144341 207613006 398445918
19 7
28955262 396751541 122133921 523750780 433013967 586197448 252249114 54876941 383780772 283040878 734703158 308744904 641377318 774933017 457890445 348309246 844524119 860142905 790415749
3 1
712030285 181672399 182468215
10 4
607638961 55413600 281475141 962317971 284717689 505895021 950275103 465578981 373681306 82180272
20 15
782862786 394597726 129674354 403540252 153959535 979207035 377748877 900157592 545281394 573063552 429595518 633342947 207734519 587097191 403180160 354241191 737270496 55159941 348432286 802214873
13 9
847739405 887949202 977082954 797339376 253178958 335273238 580967138 325874355 916200215 834765221 756963823 490216232 577293480
20 18
732842605 747826628 800136968 300272064 777718283 374142316 392453580 857084050 954767653 665022231 306039427 182258056 558122439 775776650 489505060 297688058 835605025 677435905 110483135 541919416
16 15
346684002 600819590 984584287 245067730 386113693 762828242 599149221 872088287 690752221 68023884 921098878 413879802 61198882 255039083 675020261 847553651
12 11
397817915 759205944 284464912 741222063 613862355 188391433 961683573 179493044 841924448 929741734 206130318 249884668
9 8
76975259 547456472 171366745 871150919 899047420 686606066 985989114 494333573 72851620
12 11
163291776 427687296 954124429 888222428 520805241 432232640 175496313 786123614 238192610 702813988 320026748 907535902
4 3
678272502 242234306 880602056 917569315
19 17
154699410 365300823 143814796 84859489 810652942 998493618 167857338 702867570 854897701 80676676 895843200 639725365 85542443 271735567 501167934 790752206 999814085 863825747 184854540
19 2
763609363 862687176 761500577 979300890 717726050 604581841 39343289 188857034 908194872 264217214 509774719 804697488 219697735 80776489 295792169 243776260 952836481 354106591 352200907
17 17
887999878 725817707 243780536 585052241 447779583 608419015 398556142 573317589 464695302 334986986 112413723 457786397 96308244 467713559 326362077 945040027 68763284
7 5
220642208 429615054 526982536 9134076 608538533 859615459 347498389
20 7
378906316 444254690 256833785 121249699 834945241 634759187 168145905 930067455 382931672 721090789 168883535 992515486 665621841 593083144 677486043 543920549 686481615 758299765 200577956 955941726
17 7
189228855 401391138 875589424 908697939 397857791 494427796 749605308 692939201 411780648 716294333 628135822 438490217 829104921 507127883 178174861 563960983 958974360
6 4
981007017 891935766 333416819 409027098 199814768 25483464
9 4
612899638 862137006 129134027 285378858 897861225 473531268 573568344 236620961 682859320
6 6
20972905 266562320 132918211 141946118 983053785 703130425
4 3
302811295 592963883 415508588 424988043
15 13
947331338 512176018 400294586 37774952 681062372 951476876 481264940 785610191 83671323 797415069 597551429 674394476 415651986 166372290 207724307
6 6
7990662 521184651 944557216 553579562 498529485 834983833
13 4
671713577 84874421 376692359 289522309 897317107 132459826 62209426 60001939 266430905 424893729 294985248 183877298 646481797
16 1
790364869 982565878 486251007 691247552 423473997 56700254 774782312 435605847 35618917 864214849 462537917 408398476 987824325 293855136 206282101 792422203
12 3
134486607 735085668 968558168 144091488 890178859 255519575 136553717 595486897 4553864 901317086 173865855 348274812
13 5
829470855 147023396 183320295 392167614 103813782 173582181 487698765 352940641 909089186 812488534 905749825 601030719 723980319
7 5
748313337 23304362 711945546 496062897 627437716 601338268 93699273
8 7
350794326 429054631 668928962 657990515 864926778 591854495 718697417 962593295
2 2
229400317 267490822
3 2
27831722 57925671 238863770
12 7
752606642 228784964 411390645 441906303 725643414 389690758 223812237 941023699 997885665 627778510 71078392 819313606
12 11
273509747 116391525 134355726 855278416 643762310 348605932 713039894 122319476 709389776 530839357 193173263 129317562
2 1
461557401 808078028
7 2
674813616 783847770 837564145 186105624 867840448 725777664 339361154
18 3
784053579 678116432 567727640 930192094 7574229 121415244 857551200 784626609 826943670 57728819 507934141 614790229 383266945 92823330 459459845 810705232 74204677 283360920
20 1
391952378 242031209 719322766 739116281 167310613 842539642 223503039 20938000 194978284 931776135 256939077 806426284 356360678 813927219 619764671 568026920 515043698 872186225 377728623 994146516
4 2
515678976 982848615 242274690 932050359
2 1
629795350 26532224
16 12
973173305 215616274 131443417 930712546 902402832 779714197 748481203 987410795 433389783 160924618 205094715 965956957 575157983 455599932 514057195 533419672
9 8
770974015 667891351 82015073 907170164 235556285 88799385 450528195 298702854 537045707
2 2
601418459 777683951
11 6
525738796 228223443 258272078 195002278 697202808 526227941 338964553 516880192 305598018 325697865 830723768
20 4
611414160 100123072 782019565 669776548 631309025 556356206 845242639 842064804 707801644 401569380 587321232 816106394 552135534 371907662 10795097 489281397 960075749 889728193 818356194 453942099
15 15
987457745 325751283 986810209 641973909 239887786 356785057 482175133 233173762 236613087 688914036 427112361 952419732 73939311 874000504 610201917
14 5
49928607 733329812 192614042 655348933 267059384 62776317 436226630 757957402 288924984 191375216 614717234 722192002 790168707 135556129
4 2
914533215 671693304 504428056 784573711
20 10
530447587 2440011 384761551 669470356 976793288 467625239 786242586 393437454 876786362 724374263 483987169 451297114 949280432 620672213 748657607 733594251 427745708 459894254 166329459 814089679
10 3
511758554 228303824 488466682 63396183 288605941 259640150 442853154 978606255 273979145 184823182
6 6
838657474 333443549 801547991 243513894 840623181 325987337
6 6
471058973 415526266 322049085 520625849 207883522 206429822
11 6
728942789 188778517 962323864 772267074 173207629 843128108 752007637 144259146 461778482 653667319 815543297
12 11
475959017 89301137 295242622 627200480 670685814 717980954 38930031 722119777 350785964 586847073 710149181 125303097
14 11
849772074 788618684 586201407 27417197 615442285 313264193 688683104 365947594 445093649 77407636 764902540 743936700 504766273 624500391
1 1
582386632
19 3
664096851 309714372 791382596 838587264 252720715 564404394 111029214 792682981 90996263 838917848 926091452 738398409 248623297 702954383 464329762 712475440 93305518 643248438 879681160
8 4
268293385 604321951 374549223 545973923 543719070 891189147 456440862 639838204
9 9
53282971 192191344 398287466 42414910 812940738 91164773 28271881 165652695 918252197
13 9
159069925 212482340 552350386 723159238 250332827 370623137 184880306 38300689 312425673 345912418 906119717 215391704 969834924
15 2
539013635 475305341 113379744 949780130 234883340 229331222 224466567 670608536 270418645 734979935 283721709 955203887 462482086 283361474 437099929
3 3
663663632 577130346 294962880
7 1
207844879 247738260 674737083 867115473 683105865 36411391 450362716
15 4
371095280 16443891 844699929 775834879 763885896 283522659 371355254 288737367 244962943 92320546 455655341 41402008 39441798 804641940 914390607
14 10
565502714 556405040 872469470 768039205 373976152 113304775 155277061 563272159 968133139 234161684 141025424 368465071 549827261 318763255
10 9
406144570 610746461 78784785 793615476 598892216 258816302 699248673 484965324 865101274 362443470
12 7
315920505 42974730 402332815 394000625 832068087 401426075 372547660 434065340 849954883 488383508 32129294 87590229
17 11
27367773 982128513 195241340 736625889 479699829 449296205 507733479 601328383 37680339 635387677 197833046 733709344 72698691 387050951 393212581 187746681 730911346
7 5
662445844 916951766 239753084 18502889 783604406 298513205 21525931
8 5
370529498 485551937 145041910 132917333 356940206 255349906 146804333 721114920
9 1
288380109 760611345 29192862 461026453 392545510 97074102 469591371 321598133 324749462
20 17
825363186 255910861 115786209 64150986 587193248 603464549 887892419 510396049 590152814 882287866 219858218 329106177 374773794 821277452 504924599 802245586 21554589 622108511 991229945 709131512
19 6
501579093 147688317 342977721 204126004 745410968 375386139 258847583 110640318 329213225 787197815 72667030 557423249 782199165 11724010 888788942 170774590 142361128 551734652 152340812
18 5
499712915 200948440 888578305 577592995 517134328 96487307 715139267 967312567 281798578 409785642 473864166 15340294 16853747 430620831 447890267 269270884 877594225 777443688
15 8
573632718 363169346 981723687 449051582 521992305 354232938 498990302 762954527 809660782 418749988 633652523 19229323 868607835 139369024 781602375
14 3
579866122 551198072 118851756 132111434 356821772 28412514 334590980 434848591 634260237 904627304 881759330 549991442 812594239 767748789
8 4
633918583 350850331 276242870 380528875 880639788 690200235 934062812 351825874
4 2
468565840 636097268 249564214 366029957
2 2
855573813 292993369
2 2
604144147 359443524
11 2
956262778 136915920 488070584 386614439 683780366 17219495 703093262 863387622 362915499 614038140 296367729
