38
4 3
653814421 707955979 990631720 723986270
11 6
227569793 291758585 64518176 521405463 705224559 803627535 896698469 955831929 174194670 957976304 617616663
9 3
880325883 323646001 847957233 978949887 272877892 645152713 182894381 842199290 47766665
6 1
383298840 98889127 937049911 754693789 555434768 259224023
8 7
872486158 441345074 368162935 925368390 418391283 563959427 92024723 810942288
14 8
609776223 525868347 29553134 234796724 846198528 438026068 230311920 300790030 253962260 186736697 962121329 499356791 154770248 456961756
5 2
182679313 218379343 40614498 262830622 589041320
10 10
359653577 604431857 730586033 950958 669376298 940184361 673583875 165347090 162806412 595526939
15 8
652519690 633715745 458227602 698636267 309698867 802367015 570244224 224254032 718064784 519785510 439436871 919070613 826517930 154800637 350805576
18 10
401098561 392652363 188848081 645779469 452392538 926764134 675640725 917963796 848617910 805890390 943918623 477165139 217198325 812664103 994455114 640275960 492833815 124116104
17 13
341747984 915541028 595963719 950034949 123706494 420345503 812286531 666390977 467013710 8188235 180306595 943161576 110145513 812337877 256161266 799342740 342028839
13 12
964700910 604368545 727263638 894107969 783150510 941678959 486509772 462269609 894564892 277240676 236065827 381975890 89424136
10 7
422807510 209629273 258653883 858322828 241614073 322704098 530374097 818725286 50233854 222823796
17 2
269003722 591461952 248934544 929280083 364338457 126371055 971412876 419955625 237666551 401695817 342829143 531048569 669355740 42513092 819098012 778668146 280439690
8 5
902978593 527112738 895802695 425818687 414276292 699961914 840017447 615984176
1 1
697803993
14 9
923523654 456186439 757490716 196696802 306309190 60035251 538485488 11749773 609732432 971526110 975271459 58768973 525593316 327123587
6 5
837975677 298049194 621261897 144404781 18859841 597573157
7 1
469346578 875460343 476544714 22396220 581327315 223851309 627781078
15 7
259262307 707237128 114948910 886985442 960087334 856616330 178485578 815986825 757259456 256530103 153944956 902778024 167298884 878665436 610036401
6 6
964038595 608311972 811544016 336705721 69045248 570819634
2 2
90529655 157026897
19 10
601750836 443021611 406174211 936526875 52483308 573557360 926431771 231049138 20397944 802460186 44845934 856428061 670567783 21192206 968961777 964253334 802360751 930975154 721158450
11 5
623971078 693447188 485093422 328536630 90014066 452446578 819536507 890239777 574184795 106562583 540204592
16 11
481453487 740472522 533627564 636159915 176839309 598469175 296757244 796461393 398699419 292260411 890674459 985402206 660050690 864640505 390211768 666724954
15 10
69283765 397778343 783741216 198271385 41645315 91936171 623754612 915282308 17638362 766558655 521118141 286789241 65718395 924276329 19147256
1 1
345524266
10 7
681647529 765789682 239472030 565124725 336135494 236273534 48785534 913497415 600501984 901916020
6 1
766401231 52405371 297711258 55388032 716867332 353878002
11 2
944453373 188575586 764996691 58175150 404451442 559994877 739073382 755111443 294756331 883903500 491594144
20 17
501662209 298560488 135261597 349185176 298467655 839217186 742066196 87067694 338299751 561011727 578680046 418645045 613296132 3203976 536239169 627102345 560148213 48674655 984727858 148666156
2 1
314704695 639138859
15 1
595723564 784049695 537906305 547831995 917747249 787896896 158501013 222939207 606070793 370722743 483518054 112174483 687600409 763098140 898144701
19 13
476620536 761727466 450137440 339067713 956282716 47289332 450917075 361477868 86953242 876846621 345609852 5544800 119558028 148492603 903846134 288685635 908383473 416793216 502192574
1 1
885219448
20 12
361978454 484206293 538920400 335557190 244096964 28464996 651757276 192473703 65203269 570950148 669243713 563742597 431944536 419552180 371146480 716533499 464479636 963930101 260744158 131220015
4 1
294832681 772921967 653641348 711253485
4 3
562160763 311304739 381009921 244694222
