97
19 14
950833157 447850499 497833338 508751381 18047929 624664639 525657206 525750794 835374483 539597484 371291554 255584049 867441994 618857220 558189427 322564833 282932584 17411231 34854236
12 11
584154007 496600803 193043476 866489874 825758703 190220216 682540511 953507853 540544155 524407186 874396015 600121268
14 7
592782036 464528294 286867063 195311015 634838880 446833430 132697654 264597008 634977053 597959373 872432846 824580562 163415347 345224017
18 18
886712823 167270283 916208480 704250447 12292056 703387348 223067186 591453784 375045359 161196825 224717405 270490236 251330324 53161270 100226177 890417046 587134929 717107552
14 2
397256093 983214117 177663788 298439492 104385415 143850156 98351861 869266743 366715710 397380446 594854771 47745567 134608495 378735609
11 1
568059200 359247064 294731717 325301456 458759070 351443488 566531659 371839131 878688928 784704730 300528295
6 5
450487731 836358651 143812306 115153016 236030562 303913205
16 13
36161304 806242356 481000820 750501527 850219734 811933298 303561491 818916531 503054222 697665778 629895585 772350880 870659723 316571791 33150699 840047390
3 3
944636137 796011231 839514124
16 10
26054237 821651128 291579308 157631658 398824152 861436043 155133188 745857613 42362624 912759013 962074124 271143998 573856757 537296300 973530251 864357086
2 1
680915887 942072513
1 1
70215049
17 2
853666970 509794131 902224189 233532113 44725393 17768234 834281063 291074684 933479855 927680702 190972763 62558416 787355896 848189492 717709137 527188740 831546215
8 7
796466562 350577448 456658848 612935992 114994438 406033624 868504245 977308488
18 3
192348889 494651956 612867731 580377114 314105460 67500679 95736071 590065654 21134169 379233117 633308781 627295156 845193959 321414741 566508098 652027005 796353972 633302700
2 2
901491679 277557084
20 4
544279720 773695000 252351368 50484766 480057879 342892797 153161857 94055431 236625016 230879732 352255269 561464568 373695945 651194603 976068617 848730954 976626069 338099594 755139445 793881214
18 10
243365819 561039536 991462266 561901495 756760325 30081161 468026455 673717860 987683919 970391893 181014276 361729646 243429077 565959501 636641544 840486993 673350106 850007389
15 8
502821570 273339795 684536229 267872245 876150236 515250518 515637435 235982116 831570133 260398164 147080153 559040957 84350298 796479114 339060095
2 2
799984698 722069885
7 5
779966539 569086654 435983371 447912922 703545619 621111654 762993544
1 1
887378145
19 4
199745168 147332589 235950351 339396782 312809670 587143970 56745769 856097404 970790107 847484357 522032797 746323331 663325706 666866894 764165368 803105840 755121198 292279580 667800079
7 3
638105046 247252211 53991393 926425269 929755774 607100729 5668168
8 1
62016542 546274790 383679704 104741382 154797951 57558406 588841614 417690721
6 2
743071375 921087442 625447864 780452679 178077150 219436232
11 11
647852359 241485282 202062441 886785543 268588303 27447634 507906114 642085382 346913993 83683266 559238140
8 4
12415731 950866144 221907474 549377538 776730495 108501662 655888195 106814177
18 9
197510850 132363129 256730495 518630042 465877673 811843714 507419269 484034648 194513845 489455887 770279780 44232843 124420064 207930249 419677610 13068610 14278756 734848957
6 3
647085725 519907176 851038218 852156086 912531575 701538795
11 7
49638676 921991410 753910772 388533127 885185465 549834061 248080310 880530748 26656597 934508739 468263706
3 2
314019691 613161023 398239569
20 19
627758130 861261001 61530370 665606526 586917798 100003159 873097582 241333550 412862184 607090215 822183216 35886935 261632322 778752874 490165841 718597116 444794541 322660994 250127506 916342686
3 3
530282711 82032837 429739337
20 2
928877914 239041094 966605268 893040991 251398307 527992895 808781474 619969998 290298052 749117649 380401768 503821022 997852125 284748223 576771549 469066453 196249229 369819543 648386805 135512327
9 3
820814711 252589718 628315300 834033881 850474321 912685916 66461562 460707469 819500854
15 15
560622336 296709991 115813797 931760887 440510770 708188499 824507900 744111691 421015333 412238116 117092350 13702856 198012992 540567138 282058762
4 2
624391992 7348821 584220610 559229335
19 7
349925339 621280926 982807929 589295763 783563324 781613542 491149615 761325519 162680661 95236181 974169982 611248658 232098191 359964079 362163740 527451368 880859261 812691570 428307213
12 1
955834425 552305325 536926088 523981856 163281753 79295068 715876276 254760930 962759183 618794120 775930367 565940152
5 4
622461968 954778488 32474665 476521729 28524657
5 4
752755257 267050975 872017751 54720663 11644062
14 10
908864326 241272009 732079798 998446956 388767417 813886932 324173906 215171775 598113682 465709746 888785185 408965481 162673742 186415323
2 1
536505260 727420070
20 2
961321291 904996697 932795788 368422501 57528723 725512990 128801500 372503690 466444567 54642262 470157652 416665168 354870698 940537552 158322291 806897676 793063231 602692138 326525287 920340446
5 4
655549514 766895274 131182012 226976795 532593765
4 4
944289605 21952700 632162736 469006613
14 6
439965158 827145825 546282583 780041190 188371427 574987290 579411925 462165720 880194438 822715987 866047377 601817564 491625980 902947145
17 7
646187506 928223035 76068032 535257807 823055201 59617264 341019787 499411440 452997471 842519222 56241470 666410092 275815056 135753380 461391871 462003227 912913447
9 4
361609781 190507386 373113813 116847295 923306968 288596163 671578355 591971217 396320705
7 2
308363922 311642122 540861826 246641900 403741851 259677604 114999826
9 4
400008704 794666352 309445050 670791903 88108149 124774540 271567054 408392655 700651576
3 3
339706576 639203833 43074347
20 15
4739682 52550550 952769495 267870203 340609320 193870201 90429593 583119865 704729179 398908983 365447214 312833910 130931831 473403217 971968640 43553121 876881315 604289460 417451516 545053025
3 2
986847376 976101625 313017960
7 2
657027027 768164565 595992670 958744355 259919918 196027242 806067085
17 11
965322733 923654493 995923115 831089325 247221982 88940469 838946196 372022437 24790236 508470289 954341691 330508276 237610263 501346282 592296187 345297689 540005652
7 5
399119652 932495341 983062292 712453750 81997227 436384902 149570639
6 1
819810454 462286965 40690492 893209004 321095876 442335943
2 1
141877247 688537048
20 14
7097867 275807670 541757565 474323235 718571354 515752082 539539101 844642711 211537988 471403616 465124754 966556628 729221079 319547237 980290696 203268310 66484992 992313285 913808191 441365679
9 8
805696226 973567566 501234088 116583603 246862343 820760687 455783888 183405958 85170038
5 2
586681618 872543247 448177249 786590096 204301764
1 1
665072196
18 18
870735872 719116501 753404310 49638047 508324085 908395100 536465217 109315653 759074203 420322136 103252657 410942674 837062555 495866506 211379897 867654116 385834890 124833941
18 4
81919538 695416238 506046119 121256704 580651844 46419330 530163741 98967929 46466262 387373714 961593614 490817537 652164666 291856066 248208797 284767513 653934345 786668481
15 6
217422054 716948500 729668597 671936170 361628862 493336421 248950672 420393216 27238230 605339259 114028485 513792124 937641338 498483572 829829877
11 4
436030761 120855485 962157270 743858418 418643886 58415108 889372752 488366731 305642645 80297968 423695469
6 2
420585078 304225072 119289473 603870133 62497769 878663677
16 5
742912123 926665007 91875235 564197007 264105291 23801533 359155089 374105808 279170371 425943006 218238407 220955434 413098571 814928865 792196318 646461850
2 2
531524228 900225152
4 3
197799328 352507395 519601440 205295789
12 1
520637357 130796676 800537172 119495298 93918889 219325783 492063169 905896923 653915028 274921211 104082904 132354506
3 3
948040505 877572520 662351008
18 5
952112867 782305838 550490613 172190579 468679356 92425932 751478675 278260360 856110429 229573830 204533920 985276001 139595162 451618379 978827058 580547931 3315567 89098504
1 1
875875556
15 8
129175172 952103220 332714091 183345148 157522090 19824143 993308301 919752969 925105203 12903017 736270231 908027057 322248096 46983556 885239204
10 3
637976043 389356173 217120706 389019143 321417176 570762594 843108220 888046670 903461124 961088088
17 9
498433418 806072911 83865210 748908672 181328425 606472987 934527295 146533667 828582996 65044199 163928266 420430938 787719914 585668997 230228943 373244143 983391664
7 2
890295327 155416369 87790588 927437719 718881328 91331667 772251106
7 4
85842161 635043864 884052289 248484598 270522097 175412657 43516317
8 6
271657597 6516398 79348457 910013051 43585480 286782421 424006072 940880257
1 1
719725204
8 3
548715811 72751546 268936520 89271855 168522655 633299886 700274586 245602920
4 1
497000480 500025038 300260665 368111645
15 7
178228074 184169983 451122743 408260516 12382460 842573755 272811069 497743914 130849706 551245008 931334409 520857217 153232117 418763041 316191754
3 3
697171744 427174761 492938841
5 5
266829681 831917609 852452962 127639708 637888310
3 1
356249164 513070363 757517673
11 10
956714255 586802786 33466210 284414803 510165003 30828018 638164111 883984724 674647373 69816975 2841115
12 12
881278899 317948989 513997446 845944719 200276330 536888391 452198720 454547556 924904440 173543665 373926174 710991125
19 15
767053290 850350179 651135361 155265193 714123029 154085828 90601099 790919127 274936634 238624934 880383851 495095796 609284992 217194789 871396810 998748772 29386021 926475436 462254803
8 4
882075381 22876727 479863048 209982461 51826309 342723953 139042823 825140016
14 10
646707314 79922527 473095482 566235981 643341496 142508246 281075574 65067883 760974634 789199588 254106093 140750722 258300202 943856386
1 1
913056789
4 1
626302507 820648637 519407543 299793961
7 4
888701558 418585280 710849038 798228387 506254972 697498120 772317848
