85
4 4
527327656 903416764 599139936 35979949
15 5
250574519 462751306 366669875 12508610 966111380 806422239 926876118 883015745 657311270 156965635 844496244 73364367 121981416 654776293 131826751
6 4
739805375 656716251 863985931 798194923 189462965 952606136
17 6
24204878 852047839 129231412 4491524 473610029 302674857 486712609 791428487 319508829 171618489 591136106 834992912 441316959 64621029 550709103 201375978 153697372
8 1
250481344 503468323 195587995 507598500 508746634 49862754 622528245 259603893
18 6
134969966 555028268 930419625 525239430 613697344 807964613 188051837 828008011 969979854 37503216 377116792 873489248 44457039 746952959 759229963 463723291 755560967 542701573
8 5
570247414 384233973 204526383 112795705 87662859 866450901 132062731 224992449
14 10
578924161 748596948 799607854 558385736 393391052 480250487 333846823 810307602 751790699 551140592 859133389 438958253 473939591 89772180
14 8
933400677 384876165 703309765 49540626 385149743 579942621 35284789 516027440 787714130 204687936 124171121 452543709 415160884 619051384
11 3
292745089 124779080 110561471 507965129 270921141 521162555 979686181 958675315 403941172 275313223 222961505
17 15
557412721 150648272 7010014 184729240 2247579 317871744 887514086 360694037 511946569 183009580 789575313 240292933 465478188 529162077 364113968 67178574 638668833
20 13
423650835 736703586 394914956 781679571 450402900 405028050 507251875 488381222 966983279 588290747 214575371 607629664 876850932 595785440 620474470 929109810 703260143 326391324 732082607 692289391
14 11
241899633 367777141 220681146 844283230 637373775 642745306 102447793 436092588 875207929 623491937 736247073 812243216 522843342 48333470
12 3
910588080 130392232 595681464 738457296 188805097 60226283 13260873 978374438 758712306 774502466 988993228 95506789
1 1
291124306
2 1
466390635 222378642
18 3
951236346 867612358 185461750 405858152 21164009 345180299 919887476 870051321 91889704 738305344 923736535 836194367 108798156 218411317 816731174 553934268 368424516 890083382
12 5
646764013 575885568 624655644 484029489 515479459 712648707 3071563 633428519 856934970 8076988 266770535 364126990
14 13
885816298 988655871 589982306 765940320 33521252 567066433 806669622 238805418 38297181 185454606 56904962 165023141 417600591 334180769
18 1
396733662 461110615 998113632 53774950 289433577 87517729 892671898 309679721 450260112 924956914 177734013 434125810 650287089 112925696 768906556 682091373 574620749 809260841
14 3
630216823 436289000 156021170 334919348 251759890 655871523 424369706 144242309 921365199 618007106 697041402 909890236 478976443 422363891
7 5
709392923 254637356 29772929 569094712 878679129 204483315 761147611
11 2
940351760 306845512 434744207 469730191 526086363 657416232 524535824 979432887 200048709 905565426 973198526
18 17
285480631 659624309 284395122 203010030 264383905 558493473 422859758 772042674 795739234 397207775 308114450 939591762 669803911 894984738 574429604 950611194 473261159 759669760
20 18
1218628 60082258 150781689 722682433 867623769 300080172 495725228 478663237 577787650 653145325 177359404 605790992 632247159 172723585 401832560 206743820 469170250 463349800 420728301 415201555
2 1
870237302 801419816
10 9
848297091 172179079 392656585 917680737 441596100 706460537 434960690 804826126 140071728 123992731
13 8
960411585 655535622 445335888 491927372 549374938 449066734 217578532 256594416 505770743 532512298 90208569 856634680 322900630
6 3
812891208 641663927 24236973 829318342 462439323 314571254
3 1
552475134 847048066 317727795
2 2
646745116 3004516
7 6
934307134 2579787 564662219 900084422 474688533 230468506 644825363
8 4
575077541 530356317 396714258 218840138 181451538 470687066 10434573 245208456
1 1
714723728
14 4
756566839 732326675 299976010 206424159 835405147 331765591 979966220 81433702 813250046 987961988 444318579 924901515 340072543 362789363
1 1
836112843
19 16
127186130 783486502 553931208 270995621 778115354 623724468 604508145 141814434 400793001 849549691 588973723 221662127 736080129 57470411 15197827 487991758 923613676 35925857 555505226
19 13
711971837 89578436 115582314 918660947 722118538 850031955 855117455 440293386 957645057 366255642 196382308 44315915 200585317 321513087 974018770 571696843 67889961 154020023 945866151
4 3
125118566 60339170 865517715 965550088
17 2
918702656 654764645 269904107 409127789 623841485 309507165 844644833 947232896 139850082 906920476 234368819 293214361 496691318 294636632 975271522 424690676 156749620
7 5
370550844 876180633 133902995 869605189 182294106 628476672 638978652
10 7
794596208 58921368 684417413 861562210 656760041 21785239 329650753 487909421 725913055 897533003
8 4
791651245 331639595 128137845 608469656 792957186 739916480 218374733 107450523
5 2
774328911 851464073 42525725 678689537 595935349
12 6
498649457 527375836 423280379 208435382 896565425 113828360 39594358 662723203 491585988 645786955 296105137 368782156
4 4
547067172 364528163 878428269 450641452
12 3
822379408 382889264 372589774 521973679 599795532 357075507 564276889 138474365 484483605 236479480 599940831 849936612
11 1
885457785 235214364 708585421 631488359 78660976 737502746 393961912 153345038 831804866 460122789 666994671
2 1
116928778 742095174
16 15
758015773 735449243 480599894 746949410 105254886 788180123 61513222 981189361 615230013 262195010 588970233 469425353 61139427 427284490 15896991 851908417
2 1
626346305 870869511
8 4
260648279 862473903 399623638 704418925 261598962 554847447 413679962 971280746
11 11
254684796 329158303 641663408 349668523 537564029 925194571 872460848 483811056 34061940 628515447 33105577
2 1
473841290 895557869
13 3
157445147 214716412 164838565 587459522 205765922 483240652 54913731 148273187 537090159 864097909 459296752 43893162 664395233
1 1
342278786
12 6
324577216 388888459 393118187 36815149 654446663 811364428 109360091 515873198 867793635 298889318 741564541 724932202
12 12
946359552 357900880 280878946 44882411 50431540 943776277 419392154 258068623 953838952 854827399 297477170 11698603
8 3
936948102 51058196 467200012 2751074 938781882 971600859 564265211 159175469
12 10
15698298 804393343 466810756 704621972 463058327 132911594 905466650 875368630 335149459 219040041 606301672 248515314
17 12
85167077 196094774 764617891 853277734 153565995 979434521 906535451 299378089 789197388 783571900 255353199 941413629 554159837 566028485 733745856 271472849 531415205
14 13
71709596 530493695 390637053 956002192 31192450 585099428 290738259 351741351 415429756 94021733 390681923 878373146 480049360 219395658
13 9
117889374 361458420 877897102 882065281 74360006 595588324 324738892 620417958 979841709 625008051 14732102 113054673 640083794
16 4
728641729 37616489 520652067 331363798 72499217 889348626 694074327 741493059 853684760 809089076 445975509 569415683 781654059 931805158 529656772 127857496
5 4
824540917 775700294 345440591 912863945 475243922
14 12
455566013 109756915 977208510 185150889 694609108 198207277 732761027 523533758 496106977 399921963 439706445 166746853 69880590 758549491
11 4
591715552 485372768 246466509 865867226 256874057 632454261 928792134 937657920 960184575 963918926 215111837
19 18
547203882 452756465 175688130 822955074 610343289 488543033 335555495 801865723 395759809 265072635 455576776 293243998 113729266 960979443 463570712 158633306 487940553 417995786 36102838
15 9
304872495 723582382 6860576 813125523 958627551 512227435 360794079 342353847 762516660 302695217 807360935 574214018 191277326 68037317 89268871
8 6
691069257 993982730 811165911 85391232 875636386 716670132 577654139 699467172
9 9
72084372 844923175 458423019 976738785 472650732 1013486 934644962 723095330 37093077
8 3
883934226 166055676 384595329 524283711 530452954 269194837 29473990 912829946
20 16
411053023 462767444 688267740 773731880 555152727 970408087 306673932 77961253 855967933 183739766 605157087 778378433 803122756 308201295 542701155 1433872 498793824 535360290 387903414 962852138
18 17
319374456 870557786 520115422 838222040 710803632 226797046 378705924 91079473 727656417 671847412 670526846 991832516 125055441 969725142 956021226 422586522 869872683 625577150
8 6
389128134 3165230 689413103 333942736 471941400 552847924 192231261 894912862
5 1
436565536 175232259 972139316 684661337 646220020
4 4
681686354 235597133 815282286 88241828
4 3
504415787 214021036 488984786 177904471
4 2
73368885 580988357 40876018 125860057
10 5
97350224 542079593 654006930 163666154 683696894 309405747 63205165 232768148 328570717 145556400
7 4
622626916 941338868 284319091 963171100 990121410 66782970 114898914
16 4
411713757 648297368 229354887 257291363 669060566 444697389 791755513 405160101 32395682 449809883 817705477 485999573 289279329 752572281 363925706 881091408
16 10
230905635 885430770 205711442 210916296 177982673 268932559 518178376 201110514 281187857 601630638 924118320 958942888 264718178 747223179 186114939 223705772
6 6
366321261 799375665 417719453 336685943 984499400 84815354
8 2
266152488 374287529 247096834 769703563 551157371 339757278 700271200 251839375
