113
14 12
951348496 534280478 162801449 165739498 636380087 926078061 251524482 885699367 627668514 807458220 562509802 827515116 970827457 273222338
20 6
265405733 406109427 594544959 301811830 615772136 272336615 162879346 958169536 515995203 943783207 217964415 364933766 827538862 228493581 464028669 698080017 55973047 530329093 682019493 471841867
11 10
967945064 229433146 121737257 6246867 931047267 512830720 730900555 603659149 306238135 998805201 476013734
17 5
843790700 181165297 728014495 75399435 458587480 529809976 328180308 833697401 916004139 135771501 712130047 597053177 544805861 461421400 532441161 510269510 459949774
6 6
157303052 732095409 707816819 194530963 197305182 664090900
5 5
725455531 334447646 832434615 571747575 14648643
16 14
791377441 656244139 371942781 566829577 129094748 783789942 327123999 187952157 274483418 182347693 785883619 57968980 7180571 772048067 104985371 701383738
16 13
396026790 58101276 476525027 385757942 202290644 102949371 454948733 96081582 561830547 328056762 547917651 572749252 523814296 802183205 301569945 573437476
1 1
741196704
13 13
848455143 554796101 478621109 634230401 954191551 410011570 356484595 573645200 656530247 776079723 591021526 28724052 458182684
9 8
223082610 357132777 983866458 702335200 209316746 192076309 929743963 783298452 390203459
16 6
826266442 301435429 414669623 195556847 430300015 725606578 281986777 173209050 520758469 311059785 943996592 927714187 463714659 806889565 197678804 992556393
12 8
462399901 358637205 794040104 299590489 353611411 12792785 394754820 18381816 300510209 338132053 856829680 213425261
12 4
854367346 199659293 866931124 653669978 88339490 928173453 559911721 804520924 110394106 157122080 276631038 784755508
1 1
953191836
2 2
792003695 34322959
5 2
185778578 9627297 309481402 415561098 751073978
17 8
155175919 274729969 838499502 780963731 725902566 114423806 232715591 836446519 266813516 513178466 454318727 378529915 889763296 247635553 658632770 223068534 786290371
4 4
494884807 717870325 152083115 292877825
16 9
358001662 907444962 1346209 594487908 437361391 257973598 94596475 439763671 546093195 1922611 66459182 524541827 507794415 457475427 873332379 424627866
1 1
843673445
5 4
723689531 899912378 764647509 558552969 444016124
20 19
665143674 301567452 838178399 706158294 701842808 104295721 909557235 512177420 635328327 287510291 862689952 437710666 927941451 192786377 773267094 782916243 784681675 171768357 207921083 880615881
4 2
399206073 933030445 759954511 380957262
9 7
12079770 327464118 468800965 839918184 978033959 234812277 196987919 390347719 50794263
14 8
433140813 875160050 64150601 669624058 552272396 416522740 75839137 711291471 743529810 332810608 636690159 896201494 761521672 947772846
20 6
850806854 139327781 359540236 703889156 984774545 25639603 766552434 946415613 469589499 92359921 494875369 230111801 853059565 277974617 403065339 671146317 403992549 761987885 110038124 487717338
11 7
192262456 167061775 561540568 917730795 988615859 435541741 237381130 490403655 665299729 402795451 438257416
15 15
122160317 719837076 162482492 174867868 786494393 863705333 765752094 938397932 908726056 529184237 386183736 554880026 133462977 32460972 148442939
11 4
549065632 161890922 459612668 683411090 990397150 430333581 280332693 197871670 380390890 648963401 492426174
20 10
213454772 9924428 923072777 450648103 952548308 665191120 433332340 757233688 194215141 377872857 816875221 699739412 619447656 401809702 485740533 408574084 898286118 236260281 136752524 684638751
2 1
18942145 981390191
2 1
515456721 657500860
13 11
250831435 780142988 413670634 487736920 666979757 271662771 627184877 883396426 264419295 50726294 663834321 3570859 628768659
14 2
204130319 667777556 485215767 369759849 958718159 903948982 107821077 945359803 421689613 704468811 465588100 992400655 366285476 946254242
9 1
957823053 590188676 32727361 12936383 49877497 873981876 992922104 136304294 510182559
1 1
866286956
16 9
216287922 93127221 405251595 586024033 309621969 717419020 930376621 439087141 414624350 346917168 717230919 484188080 582138094 52820026 688748906 519296409
15 13
998425356 451786489 453163771 753539898 124046810 921676018 206864026 85400262 791057649 907830943 903124976 864345673 779713794 554092562 182517499
15 14
375302234 764593857 350118166 612656521 76091211 831207509 426655681 855154673 956930349 268997868 80957711 268725684 842205598 471310292 925497686
14 13
153459545 628401524 378304858 154467869 847784023 441957719 567053154 674702560 122407653 480690479 698566806 804565606 662263515 177951584
4 1
819968725 6432206 212692500 220994502
18 8
258980225 945510797 486534750 566068088 37446816 679372183 93419901 815773107 564344424 191836277 385930211 569303451 116402968 806222006 994064718 129365136 474502610 827889272
11 10
657991441 689591574 770193918 895773767 242271642 103680702 690162108 738977213 293134105 435149278 56015795
6 3
788331950 456900323 38459965 663444793 668346922 740324100
8 8
809773208 431711362 807552903 819862354 209925836 675440508 302776581 735232882
15 11
211096530 474725442 475971361 502229180 778083208 689006149 920142257 130037021 28270026 369791462 383511963 694472062 624865092 542691571 74827974
11 1
288895068 595140317 449780641 738802989 913786761 555633569 498704588 104006532 54695254 735174037 136965737
5 2
203922446 116497735 976475430 703848448 741370791
3 3
400149080 107940040 650393082
18 12
308616082 465716986 853230868 114593083 181984105 871428863 20193495 722610928 746232494 176981068 261096790 692238629 789588841 708130144 924284131 638267973 311749553 836300213
19 3
532106195 992245811 861802122 866643720 533297945 768860343 880574779 800436634 700999273 898617777 963873762 586823763 841421227 310962221 285891874 189090655 515389733 514473737 792970729
7 2
480895343 196919313 893717575 736322419 563010006 17618042 458692221
16 16
120606478 322350287 666768027 750975718 408556088 566560975 907663203 625384891 363507006 625690943 748717055 807318825 520884438 811768509 118427612 452152593
11 8
150156902 613401883 466952121 808941082 204150693 290929406 134126642 201959744 9007416 345547916 620667685
11 10
372661208 861250126 956242185 900998587 484023313 408128636 241418540 555166900 704170494 180111641 741150511
20 7
857567613 190590599 395364396 749788604 282517597 959291347 702591066 415006692 804262994 352969341 335723303 939343448 636954099 527529483 133964234 568784007 850834382 356268756 684687890 630917821
14 14
988368498 384880171 92946684 460129696 773826406 882163705 932561870 415295007 513081314 759916558 582834636 132977240 978074114 49012318
17 11
965683094 922503798 149293053 870140853 813171554 1347133 482967358 574552944 994659706 560201384 920310387 756702021 899241912 589336573 457686889 816071594 198200073
11 6
366367884 311728989 431907208 75565249 284400464 877805174 958555081 413951502 649721821 344622449 349789061
13 2
941539965 520995819 123559472 383522408 716575004 731158200 442390025 751506557 457159458 485479418 143568144 951397244 673861557
1 1
347779142
4 1
335945474 321276403 130877094 925528920
17 10
204759615 310255478 253612560 820513007 194770739 515973824 84988289 130996251 505384687 217764078 679770024 422943053 444546060 244733759 683265635 182608189 859397304
8 6
948925391 882076879 856603414 454987421 129527040 416304439 989488900 464151084
19 10
58300113 546419189 349351141 696200506 53364182 185096193 918263959 684519501 918705165 778983701 319422141 953516113 730552837 34635390 409610382 100768021 324164921 52944134 46818232
18 16
302356799 607647836 369482391 278654390 391682936 452201133 293591042 209241117 48095232 814395778 83291212 786938432 890973747 307385376 244129489 610291961 247475819 582200185
11 5
733129331 947619496 227284229 977577781 929901390 898524826 180693275 592776823 11946836 35937339 842957733
5 4
886881420 487669194 647889560 619046345 507207719
11 4
887054645 280648240 407626747 529687629 114195672 171685693 220243184 193222806 60103441 967243828 980070000
11 4
21959107 899445666 737019712 198877706 274024439 476704879 91397217 439093241 745464156 493245953 563392897
9 8
929002772 878483090 244156091 470504459 575261090 278424734 748283095 126330024 42213231
12 7
867348824 499162041 702876225 719327826 774985914 291559952 901110935 549746107 647915554 100107260 356071990 652011924
20 15
678519336 52591301 368944625 830385427 751256335 889517384 777728970 916480782 241960311 905423394 419739748 439600742 459458509 262147658 392802122 463912759 747078812 985878036 448670908 554527268
4 3
410543757 131727659 915201444 126688405
4 4
443046549 209239499 323436631 255871336
1 1
818451321
6 3
123971277 572631681 999732601 154458045 736059288 806440770
4 3
144076261 41234396 337272027 537386616
7 4
819861605 40179531 370485076 523999861 223299982 991217216 882873851
19 17
85159893 796918759 752125028 879885134 977307387 730807757 996723969 100499906 193598192 649177461 391234132 13819821 935937900 15238741 93049638 281471800 701729200 695718203 684978142
8 2
890357811 114159762 561840736 949190818 276527501 755871674 784583333 473497400
13 7
641321500 350957520 552931405 862441909 182673479 588494988 977935872 791155267 304016324 401688745 587783988 265609108 353291381
5 1
152136193 376909533 904947161 633194448 685165168
18 13
11951021 453199747 668044782 277923066 563682488 217730465 282043064 348795310 897968265 552518817 163397503 179278384 95682431 4712366 629427673 97859114 955225332 68199931
13 11
647911704 398453381 686930911 845440289 659608000 366182157 37396861 535455440 439789036 16041145 516107085 973162591 201928615
18 11
581504289 320873979 402708423 455054079 804142107 682169527 407901558 889127750 295280362 757856216 526905801 285618928 287671601 96972813 850436344 728800549 474932983 617997399
18 8
365445990 373748833 178483242 491320418 803071160 744867873 400376218 227049244 785055676 700804756 554399880 360176112 290558729 761704231 720143544 685878100 808768199 507633776
17 10
541389751 291693326 753927474 229178234 826988505 776140029 43370249 682473444 710610334 978989363 514911759 44651734 299372651 868664097 737795569 159403836 530236646
19 15
424788089 955075053 816898803 721090123 289550773 46472247 197985378 104739896 935995657 37321884 314400240 339400831 83761383 385776571 93758896 937663582 441751709 319843989 676243242
4 3
774177434 690386082 807712594 464520893
11 9
235180286 824421054 544591162 859520987 316800741 894550684 496780620 745772520 910705485 590396109 690813083
3 1
540977770 131133839 922747502
8 7
758863898 387408439 452207006 28809370 312629362 754252660 234510134 318207466
10 4
977585914 681032132 304074600 720153399 497966881 91484306 75540645 132676823 840390709 749020317
17 17
970147858 451493230 941573640 696423184 724299683 954091856 935056543 108709185 698314465 808105294 166858409 700828647 437191571 791085722 488034611 257060495 622736199
14 8
243979432 694382107 313994687 726906303 107358832 216358646 223602815 132363015 654640504 855241249 858742707 224028098 724324813 790699471
16 5
433133543 635307277 91799053 424142081 35341303 60289236 256269412 471703254 633746332 403834110 555833605 652643979 764365278 302598289 323526908 516984620
5 4
47139965 425025038 291600959 365785992 708826831
13 6
171775206 815456727 318928658 103867680 592016350 309525736 450747984 764732350 311752990 243070065 344447788 219176983 137759941
20 6
357544754 724966659 519316606 764941042 484252384 553364221 888940000 815920174 94303315 567916829 129928867 285691752 361562519 26994365 772075037 577255652 831971817 383879175 417569542 508124226
20 11
651348142 845523123 408304367 727521364 836358462 875946797 828396898 527550804 619068862 843523387 195331863 932490780 106997560 440501770 801233685 47202656 37026477 741803601 998293422 73355396
20 8
50303686 829108780 551608920 738219012 29877424 353305398 964902749 112547947 608704716 352104333 289340037 859064378 407954000 67207533 898220791 303208096 482271751 918545289 12898576 639651143
10 2
372601630 838797083 451690098 469086104 210801401 814225338 295300709 977766334 51539441 875236450
2 2
751570605 927705016
4 3
884818486 670196201 88420221 730407624
19 14
286850464 946880976 311176384 62820261 767658913 218291490 723949520 668665244 615637645 507002856 688995588 26337665 581886235 906039336 41824230 507084900 910297828 800186525 784936983
18 1
387014009 155146510 251725320 786595673 717943373 489413937 381245391 355293693 17526296 868364242 171246747 26599388 967757483 656274956 985983765 521517259 468838068 698471728
3 2
797422102 476848711 279930674
4 3
14306328 953148953 105528643 303969191
10 1
878391467 70095842 388783828 331246513 369320658 88420153 380375576 74369309 522477087 878949667
5 3
443591668 776958322 23892468 991348889 636138801
2 2
300100264 90840212
