58
6 3
129409981 383563194 32639506 230586852 249436442 220699421
2 2
676914270 517505780
12 1
956589936 34826096 845653083 310805528 335037675 914182836 891179579 205421394 324315890 979271834 305153522 364017592
12 1
830356372 730719948 42586014 971217232 298241321 373265571 209403739 677562303 977254515 704392465 278331013 634930228
7 7
182233436 109945796 790495698 755933519 245588394 605367462 701532418
11 4
556050677 340453179 376150277 509466864 116156995 336578628 546813170 13733041 790150244 122987364 755024918
14 10
367869149 4387285 261135465 878147737 928923073 837076101 752599182 867000808 812856862 607122380 914259703 507715563 952550578 766839831
13 3
492989672 307758087 728049551 691323778 373622318 644924880 10382457 947524813 216121741 816015480 712758136 21371352 972753938
3 2
898422959 911056949 163012468
5 3
461585091 941660844 396305509 620827012 633304566
1 1
350559209
18 7
739510759 674279112 224577474 437816391 526419104 772423239 524838372 442856204 921115469 593161187 939203142 857886681 132270363 803161578 259414779 519882607 332539087 266521193
18 3
701473177 951006083 101305825 900598821 654441840 595934661 524350845 703724754 490945524 901875055 464065494 35647796 391942429 194249216 940601880 935193801 326841642 841724476
1 1
795027181
13 12
677390516 154422488 823357390 165321338 832174369 284981833 857916539 237265549 621537548 32172086 573065577 377485030 535197001
10 4
886059775 514373644 785808684 974642944 276093398 390633033 25799211 896305545 220616606 263299808
11 8
104519695 363220954 560521872 324864556 168913296 470840420 939811969 118044820 908494937 852784458 212534105
3 3
966036452 739575714 905012050
12 12
31547245 926666505 838583772 433668713 685071256 460472600 693823792 802985952 115858499 571399799 826298777 1880025
6 2
829175908 463510119 763730095 337780042 390187589 846727297
20 17
426419831 144856195 926319925 517377675 906195812 919750058 786973618 566629623 932424510 362358127 661950424 34985606 888222562 799914774 249316048 78751300 3725793 953160550 449467788 932064796
15 7
922778251 805424522 991199519 221156208 623618457 742047763 65694106 852234278 333761102 114088242 595018734 745654012 642715700 321427616 291870944
11 6
915707345 290264546 107924160 596202954 57765634 417875018 362180526 278180168 164119536 381718512 433748842
3 2
80486718 744833791 230717737
19 5
897418937 487393095 94221348 457560063 733809754 887147861 868608236 756193584 81004152 12974175 40185433 99365305 61400410 528052553 197280530 497004360 461419539 343720509 910276461
20 13
670799547 709575923 580266323 626343650 315913915 190810672 876125102 81019025 241969423 853887272 53706125 78712050 189197364 493340547 318447547 578141217 399092508 970199142 773495831 962329297
2 1
597983343 414413550
14 3
841009824 981489285 518255921 187806212 721746185 672317936 509170438 801838488 797208624 268504862 640501745 103378347 384740443 966510362
5 3
842164181 259248514 43801848 181390843 764281746
4 1
803497258 512963997 955947455 783820614
11 7
767372176 605540153 564665492 808161238 106863552 597999688 657123473 467796399 934056370 183400098 601961632
13 2
482121032 29263169 17305176 475271705 126884758 495221398 134570004 732671028 746141050 486863561 111215228 544287154 408054016
8 4
85388630 391675523 709781326 876217834 193732169 35086136 887833328 295471570
12 7
531665498 894622889 101630529 762565454 114760558 377195761 622155482 778425081 985891531 469187005 380598751 706030524
4 1
241272532 165878528 851423280 834504426
6 6
837681544 365818780 382534507 143716131 318621288 493096007
9 9
235911213 852244416 212080646 708393723 731965632 15172321 524555956 402551473 510190328
9 6
890048712 83196591 814740467 844549894 466825333 773066746 584294690 990453170 987791337
4 4
963049692 89465791 732383068 193922409
15 14
309366686 86482488 622772495 908902585 660075363 790509148 855431921 7600162 95519083 474991441 458009503 280017468 73600451 546780899 26742966
17 5
748909352 936224678 938514967 267721704 424133961 808463980 385587462 727764496 183864358 911660716 880074301 800259379 378252272 68146087 776165109 910719840 794254855
14 9
843361410 597995256 948279443 819303772 826743367 497151519 813064847 262607122 257618377 40138956 796512363 161970792 630407967 109082892
3 2
797125323 962246695 797311399
8 1
833628094 101196990 555167842 670355690 967084019 443283563 805312365 951348602
20 4
78238973 728898155 930294492 589017103 842654925 918098680 497040911 986999894 790679657 965044779 728678529 993503565 713630000 495076922 202454136 135569107 291925922 165191298 108224387 497157915
18 9
1459144 665169322 284116937 809552468 554908104 671650066 953160845 977280084 902556113 974240021 846479163 914623249 161826865 233296263 673048497 904901385 653313236 639686222
10 6
868796159 699455351 427474556 597730232 517681011 932454992 483106872 678052873 507446160 764001158
11 3
11023706 446695044 932657496 543197164 753784067 521172699 197836191 175787963 688019168 984287188 394634466
9 1
742173754 763242640 762393767 425212184 962150726 205532099 329954640 421012290 939796880
17 8
596011068 813556046 66409550 99198251 127415711 550842682 625460498 766086056 985798968 144008498 502549921 123056681 337196537 762535857 954771861 586357217 235615802
20 16
586613153 341141448 477945191 294023386 617911121 438502582 286499408 184197091 915765352 962344092 56548018 167857423 798592935 513262183 798344233 104239173 287391377 115558415 789981968 874930868
6 1
699357788 66721111 212552834 913776239 330176829 89546965
10 4
574587757 81164917 775716202 835146781 691755920 912188620 92941003 158370855 646026288 294510983
18 5
958243352 223188041 750925424 934707635 407117654 952487071 955557945 68527884 609944928 19588807 837570349 961978845 696577628 924037324 77063677 463408396 225284773 507491854
13 10
631869555 129473656 567233614 881038310 741834383 318409750 91844600 821050472 963998952 5601469 602264214 11129720 440424897
16 16
651856369 681241410 232262911 835536444 298607542 79776307 283876682 145183375 846080018 501646233 291934090 892835036 514930194 50121426 300170724 509668887
13 10
245625627 851724084 350635932 496121056 330218475 664815367 344206956 268486299 934651107 758295210 210886763 575537564 526199157
19 5
750651873 577558497 362320023 440570669 611064109 454602611 463183302 788255145 91539514 558167696 192221527 572709341 814585404 99732847 612246908 912173 515877801 966604735 483406183
