49
4 3
528356155 585400745 234477087 239858044
5 4
47653479 766714116 580661971 293924093 106745689
10 9
73185721 855937377 707043797 294922123 80630545 46145944 2047034 517268731 960483867 918743132
2 2
260530032 544101254
11 10
979211734 118323394 911354393 634093029 808151587 188839738 99053968 139497402 929690603 485173098 128360464
10 10
358913629 57299274 915400360 239375302 181998930 813329344 951518400 165068883 340005107 409629037
13 2
230176793 774934043 720753917 900403805 743904513 236386440 122549475 49883337 557271596 40706706 732861976 702290329 936858804
16 12
877825493 95257903 879673027 839249229 800819392 42306214 716162301 458965453 330463459 704138557 798683832 361783385 82522390 470196063 110452378 881462339
17 10
455897904 19116144 710938032 138060867 563332985 811943415 571833323 125374071 972767379 129824803 759019143 504032065 374618207 202619607 555108279 663985128 772174925
17 10
208177909 694530036 175217585 675345052 144273008 731983345 706553048 577748623 593087668 485662637 365871779 399414174 841672665 385091834 825175969 14753175 878872866
13 7
145796882 2842032 982151162 149237165 668226051 211008020 224238348 879049629 588645538 655367020 457183370 318034908 995326175
13 6
93593271 48649234 678612918 659494366 886421658 831944284 340477831 932891208 81163653 562197762 692642599 144665900 575584210
4 2
445218150 780092234 896974970 216110253
6 6
270130600 866699485 452145791 332412837 135318314 768702266
19 5
928673888 29943121 730354520 533353431 777018639 386867733 240569272 463754907 169303654 540555894 304557765 874087969 917002061 93861133 803659954 152468226 811424616 561885974 428741600
16 2
898071273 514130336 543097130 933243011 334672360 768244843 842351851 356814388 712050687 945347283 638610672 589922692 387302863 415103822 323247641 366348618
20 8
26885903 299993713 500206788 390133293 420445561 394002884 309744785 419576124 271576106 599779713 304360091 597767038 842301080 621655502 182577251 247558948 328384576 516620998 54031530 870164976
11 1
260733351 294651698 418971017 131835571 536412901 554034547 370019131 234055521 253974798 730982900 716775901
8 5
799825332 665437038 697780146 47317592 884859708 908778972 899372318 409604038
11 5
649332782 19385963 787158348 177910780 2319505 483451139 606428788 723328613 668938180 504882081 213024886
7 4
136365299 21508983 944950404 51567897 805403622 13774374 435733968
12 4
10150841 479828001 762554304 35174831 248825534 146342622 904877901 858134922 709365793 578022467 883052754 592648280
5 4
605507602 649181462 984757101 755229276 951534448
16 6
135906672 226119101 630446137 500597513 426574345 75887829 103038810 51693858 17340317 595670582 103650325 601528946 393794079 966617473 760904105 202583457
2 1
692308044 317228758
14 11
623994004 708327072 660132430 674967927 49441367 227764887 199676333 767704137 773232151 333221722 964090629 147759362 274247334 496873106
13 10
350776818 799510934 312096436 909968779 805453043 899061331 37552044 729081405 230945371 171144937 19603980 616329390 383263324
9 5
237842537 775095612 589624312 284140998 57558463 692757897 527162254 661826484 343297797
11 1
853944597 620698104 837069400 619393067 311215259 767779716 610616614 878324162 721699664 459897600 64772670
7 6
47882772 440293926 438887359 62677922 677446091 292654835 289193381
6 1
532083770 909716213 885704541 66486697 429389925 16294908
10 9
389031929 857496218 863412251 511689516 575618259 241248020 359085183 852756835 180415581 255094908
1 1
411861625
4 1
167756674 935392225 161861041 232421541
2 1
772656913 99786887
6 5
351765385 4953493 390290900 870484371 604520948 509565512
7 4
286913754 438408777 168046563 420157077 629889225 816299820 393702070
7 7
433253962 209712398 193126650 625962429 303241273 337467835 830508787
18 6
535235869 690096610 526233023 610357403 730856931 969611190 537546628 192142217 616109838 559764036 50042097 406452729 57464225 695817206 159977661 925939023 562829054 399445616
17 10
821249763 632550309 222513099 187815708 389729890 80917930 486755697 646237791 525835749 987283794 112273963 799523676 790398716 857641425 864909110 492987259 158261336
17 1
72309273 107436521 943365851 73470189 385746878 233076308 472342593 377084390 920116170 630992817 752336162 965405813 805367842 311199450 541328201 181220402 937043500
17 10
502960422 465653738 686000282 980475983 566711593 969611371 786938140 506578386 715634133 767256270 674648250 417886582 425242695 433255259 589280861 756597657 467296625
10 5
209346457 641675575 347760730 436096636 649115649 109538177 283255106 832102164 785922345 661078979
17 2
951437692 737431806 587320949 423977190 663693225 284423056 150542999 262794326 625607646 994002538 268807211 122940794 899163398 311614905 420263867 551244437 218674431
15 1
35070546 698959427 878353100 356733745 857582518 40427049 484362082 308530713 923958945 688761759 352118127 31231519 691611800 906265802 912134704
18 1
538517259 125015436 423891683 938965242 206959119 654714719 949962969 116137005 60639983 606195780 360031018 531422914 415615467 765009359 137364697 146400854 699731765 444548187
6 6
598089128 957798553 14308022 195502086 938364340 58842536
18 14
885862211 930055522 700053203 988699664 85263533 132033951 446817839 756089583 939243754 554565112 869470966 609496664 861301236 700419474 905311159 589604039 449367541 334229198
19 16
863822050 433567864 495905437 948843028 533038374 73795758 237620885 339377873 215652630 91134086 828911005 44601041 982530518 681386244 690958479 950768813 929955843 988215139 984680747
