150
19 19
503369816 855115819 281106492 558842200 852040407 941548939 304283059 633627210 143297145 360866905 941409382 65063165 445416567 877977103 172717809 709186742 593034385 700032371 920252092
1 1
411090730
18 2
76174646 354910376 85054637 452946316 940952432 282093140 381463468 128138559 974480386 475040515 514167352 665792169 157860958 501743837 734390365 415336753 143754498 781757673
5 3
367408119 633296252 851317145 296274667 253603890
12 11
561926577 475951318 432068082 962628557 826872739 155782892 750054576 549538604 403249503 507788562 412500316 526104886
19 16
261469838 269453301 672123818 756361045 630577264 891570369 414845199 425647698 355975742 401351748 439944304 734420663 249366220 655443314 805457099 305101822 741874164 532193909 135626927
12 3
907314369 483718062 186356160 79911397 570728108 63268806 501041546 136527649 73159906 347887147 55792524 863901316
13 5
843496522 575097583 869791892 211323881 688809276 204527787 189482440 334829833 487238454 660040862 301404335 725849803 194168573
14 1
313883604 558710308 392722144 890916343 292630417 940426180 162612487 634134903 721296721 103174864 941859455 730799923 608383128 853503607
7 2
786759920 277920823 384609642 796243843 310969562 428338554 909560766
16 8
21061479 848890599 667334719 449610090 343603391 763211162 737689484 395084193 945023019 391394568 597944650 950555176 130683816 584669555 246924252 287525976
8 1
427159870 95530484 443503509 552692020 160040790 537893878 313781725 407534700
8 2
894077881 327148533 573590048 473771581 751354683 76221944 853687195 53200239
7 2
123001263 269318119 363691528 115598520 489935446 627636582 639820364
12 8
252217283 951110112 555397778 644241422 466870680 636239515 108540082 478649904 867518704 357786004 770981043 103938615
20 9
575240698 44224447 879581623 774043941 336675298 315141368 563707729 283068761 982925110 290244908 74717923 671681963 365037814 62364413 865656174 77218827 198414812 780212020 76437456 58646863
4 4
50367464 237035329 798938349 512142964
18 18
198440710 299647138 971731423 731257337 501338231 886226489 864672405 644985207 448549482 356208469 379484311 874448600 334306907 152719484 603930149 737180656 114191166 817571939
8 2
396792453 963246681 495728583 478535995 105221385 906227332 325037767 415633783
17 9
190745810 715500660 391620709 454972265 629137447 633949306 261036473 805390115 769977695 164686895 962773078 607892014 691146499 851775320 846764660 382765838 469539827
6 2
219702804 42580490 539410856 445232752 855098673 125207507
8 3
219210683 573613624 16047517 537271238 344671482 228413620 81141001 200805403
2 2
182439090 636659065
7 5
209023838 251113236 845778173 524579813 150059810 509661089 762944928
8 1
468295970 426819985 346370980 103800655 965048864 202737377 909735550 196935
14 6
235348421 517582591 222893841 516319138 753578300 731051397 762188125 588388424 492820639 833212065 659266715 478019620 64445615 496154686
14 3
774191205 410539004 520612511 578254026 881875960 934941663 388926382 193050708 217294668 46723985 8869730 64660265 823543793 742384971
6 3
937239760 413462410 640788674 173599938 504684017 845386273
15 10
381641478 287583171 216016263 977990649 249039115 73564519 150855094 455434829 395933376 996812229 649213728 445438114 67664853 573405084 464008665
10 8
740866434 302519195 758371966 292570351 450063728 962576528 672661370 758688331 50694435 573871055
10 7
133942659 182807374 674123290 500712413 38261224 674782968 726878968 415188823 599813509 93508007
8 2
970192272 727938225 473954005 227591348 548325095 10037116 358025903 443780588
15 14
574977655 297166207 712052372 185764563 192826704 272802741 963427610 490941360 455522631 475251438 450197708 547021709 43063315 957308754 572466945
14 8
807389189 561732458 808231614 10582867 453879793 253718314 450051630 220798359 847298069 592742860 796953833 532026958 60854962 787910474
7 7
606244303 958430514 325435746 519491717 610693965 812980525 526398515
14 2
482101081 385083978 483401774 500803225 842456904 49207640 481402769 960873675 784341118 730573621 101346749 335783813 476871504 268184535
19 6
35489856 787375802 957173854 654751647 229319762 297850318 481480410 966757052 503937790 858574874 595431475 474591737 498002345 417515147 968585404 550412484 714775625 985635501 313645694
5 3
227238070 851140739 909658319 6243902 238324576
20 2
671691399 437282655 267316669 938626865 722912417 606417287 660600910 108907157 183122595 220923710 315567831 909460830 129576208 278390076 817832807 113408835 860894121 402794199 699369739 828559895
13 9
366417937 163819093 51970593 117639573 84646747 674967893 571667995 51948064 802679103 830418595 670073092 544910905 31373500
4 4
331430782 837827789 424570067 856263441
20 15
108339052 682343293 385149172 569949844 443941048 184425760 377718153 540819466 848214205 275536628 286094429 621113114 983882399 620126443 644962461 617611623 676786213 609250776 845545557 427018911
3 1
633268748 31714712 529753182
14 7
435839341 536351259 116894387 255950071 726999082 646035279 734902350 165436983 191621142 380983248 893808448 829961699 830896634 994169526
18 2
591221339 704251617 56529610 178273880 490663809 700458444 368046565 878291157 859422679 485467320 415742619 560237961 515811438 528754655 260786934 806354699 908556397 623998383
16 12
879334950 550976095 28614416 890186491 479296415 148805963 225409049 573098114 960263648 710857883 30988041 169898327 794834380 637913986 541533888 572327099
19 3
560451203 557762596 500433046 165558114 981874852 546866907 436861921 338927691 741901706 196086539 331085831 942150336 835160660 27335942 625582190 671711020 838375243 64529829 968638795
8 2
257745081 314374282 238042941 975289412 958645521 319268556 362671212 969948660
10 4
857584093 988788634 208499391 266822098 144507451 902256915 554512239 343323265 712111946 607384510
2 2
118435386 922270856
18 3
802802405 283327689 314437383 535574224 894695562 251933336 762022337 792876820 763258476 375429501 553083810 42519571 544692585 788163355 781220087 80693231 320085986 144367220
14 8
818025988 596092356 716420558 978777652 591435885 230170832 254926637 428803888 76449357 36570929 414316070 966356953 339561311 846148962
16 6
486009116 304230047 905942221 465282740 413871874 164050758 766557101 116266105 554089550 136642700 199856758 506408631 947746184 995816934 403382688 133428795
16 15
745396378 545063879 88144302 916638093 689174394 146792018 917257632 815589775 68744799 879290043 3181752 833979706 768885059 803526204 438251453 585858890
7 1
984367377 994464373 108456716 588886100 359802077 684475376 138543890
11 10
225713043 167312107 708616797 895724471 704532126 545804672 667061618 93737076 550990663 365499242 929380916
2 2
292277966 271655979
19 10
198070433 630541105 244138956 545383353 953807428 466495387 677136970 423543060 245113201 130070555 5959472 719205050 752844444 627553776 757625442 836141183 941681606 5851687 605825904
3 2
711256064 236305155 989952856
2 1
530256073 588438454
13 7
465178641 86020971 787370428 926619017 399566663 707006908 310712537 629208216 314998405 124407944 478954399 255421036 853213260
7 6
736732637 733916981 968280970 118829922 181772572 775930850 468917855
12 3
632978911 806881948 79450497 963121054 68551571 824839224 522980715 893800538 946882093 54795958 392367281 862076512
15 3
596259315 1261304 660717169 401570221 357016298 470190762 965735461 426719906 282877980 569914052 314813166 953595932 616842111 935505561 340318146
9 5
362821772 253150317 924081166 77330419 409303780 825357006 894330366 981452503 321220969
11 3
251427396 10112832 435559161 939272409 798925312 707804777 36915961 834828424 402982342 850229056 633720962
3 1
763871295 181463363 192278848
19 13
449942677 458112736 920587275 378003373 438701522 383467184 667819605 682144659 950449472 632986565 669541742 79047698 260991900 95193074 431789787 291300368 65544553 737043723 758837653
10 4
747616243 626749367 360366018 791656498 895799283 255432415 647294541 31624582 872546655 363034461
20 2
447634263 738139759 274161626 89027264 535150026 533163829 748559820 508159769 152848255 933781379 522179512 556267770 245831366 743645506 595288826 794251905 607661893 909929591 395765846 281424000
5 2
925052969 710616558 549040100 265804163 219915822
1 1
608599136
12 8
494806390 380480374 825027706 371069847 501537223 887381721 228104582 209475268 148486645 120109931 385829518 232892837
1 1
686459915
20 19
73091345 194634963 461166452 371982544 228860216 127905345 656706708 814928717 128369989 540357599 166860474 967570015 837951754 62593664 664593270 427176216 590386592 991646891 241924691 736310010
14 10
736278044 888262704 176706819 242084970 787841096 456366624 153551752 609798142 427853741 14006308 877048007 414260466 567815706 788618407
19 17
970155400 101704684 716803813 604911913 314129661 797203167 519153043 873732736 388340990 508000693 368209424 199848818 916470301 513506993 298765026 691084282 444758108 964074707 90583897
6 3
568400642 99612659 272373848 285651025 380829855 532460008
15 11
923981611 457465722 41891946 321996 34126620 702289621 862297257 42409307 598317512 205929320 127293792 950144959 305362302 819011919 492530041
14 9
951128788 877081629 102269455 711861217 110640310 295450794 793892689 705171121 196479990 423772295 186711910 92561559 67673620 636569786
15 1
334973916 438411044 166234656 405174876 256541311 3440153 608413439 831883512 620119603 315883757 839904055 254035597 164201506 190604054 276874478
17 11
275183005 774744553 542228672 864286542 534220455 214853728 903330220 992470150 498600219 474079990 197654421 910414356 765254148 822636714 918280900 939838251 161260181
20 5
860483899 995041192 292951374 833378239 871139343 748705715 404657456 59850612 676013999 16571071 325116322 989271218 914753868 450440786 500884164 382303850 103219823 798012075 148975512 24883533
4 2
127934063 211160533 540203542 153930548
12 11
706905431 522187349 792704055 9433628 255834510 571785948 230057574 994788122 685418503 577858078 714650434 473857946
7 5
479501706 483988006 453098679 8340486 418736226 413505728 1640423
15 7
236532786 934585589 507807200 359084604 812145994 565810708 602916738 356939170 383356554 851393810 140590547 845974624 781144916 555558819 844318577
1 1
642857908
14 6
409390658 268788084 349115577 525134447 407292610 413493037 830011734 966615992 890676438 802957265 433526237 884311206 206985796 41435182
6 4
991148191 406142147 127700451 880836033 827660434 397751800
9 2
433134771 261788132 303910140 935223380 575075494 270223587 577923059 9709859 662510171
9 7
325406075 543730817 476678936 564410656 363712451 692447771 855221823 692762356 662453065
10 1
883436873 317531815 378704633 756305875 925935550 948546140 354935201 240935199 553147032 904598599
13 6
913359121 857738250 298840853 132165556 931513073 222927993 822538343 806817395 533451956 279907497 647576664 440935023 980610250
4 3
279249860 691333534 75869954 107764461
8 7
741658029 97134314 380487087 875248429 774171109 813545684 686388605 125033676
4 3
210839624 226040889 555180361 90326686
6 4
56124802 730781480 619175861 541431236 59363661 610344178
17 4
451362739 344041067 566876191 662636556 727111362 655112919 585636095 646581715 218806730 863760295 150845467 956763143 687338130 873608140 277466724 415810366 115180940
11 1
659887884 921316768 704422703 876959293 208778971 178899449 593834975 50844787 306823973 437544485 100077798
20 13
955150400 777997328 493530086 36369216 486409912 400109828 423984745 918550494 618750904 825466147 541733717 259804754 889831703 915279020 230703756 959794458 591299253 648039129 267712321 170719412
6 6
713079816 806124422 290973691 652904513 473648109 967808682
3 2
107237138 627231600 779309021
1 1
544614649
3 2
203455678 566858138 645966681
19 3
134099601 604881155 285978879 243938837 803062635 721389427 528898687 546858716 393298121 184285258 716188678 474545222 965157957 963308725 295356687 140502712 344823330 75339610 800370910
5 1
966030188 671462907 744728423 392893303 955870300
5 3
359785953 736609987 651368719 309978784 220766594
8 4
236241477 625203933 822611141 277248077 210901721 321889503 332897057 906659724
8 6
888214609 278590816 558482651 588098565 264530242 283242117 61533442 466758535
5 2
591140120 961768872 188984680 964400528 751286034
15 3
380974366 802366321 146916256 471183973 649288654 621434813 240759988 612406259 719087601 351003384 596705832 928771753 933429500 329842060 315329351
5 3
899741390 787694767 137411354 385295345 770015426
15 4
300870151 209381631 310119425 143732069 261575674 268566694 922540751 241118967 858396717 293496062 426594847 361824866 288544958 848461980 693068674
1 1
578473207
7 5
427884362 251170401 586265128 417599925 499575313 2287816 863163768
7 7
14846801 11284224 602528366 452020889 487925955 822411002 84525533
3 1
402152332 71128938 707624097
15 1
144655773 251976283 161044912 539406318 819951230 496828786 419933621 747178872 530985005 71348320 684424827 919778129 754408491 104838669 491219714
4 4
99038721 232241476 929065719 60218008
20 8
332021072 584929728 685385080 315219933 263786426 459419525 777227046 315918962 368780615 574453567 144639757 508314847 415422195 874853407 888625863 823880642 598620518 398615644 693946697 963544974
17 10
746289697 696055969 337961287 58666271 517529341 466486751 332323322 751065736 191227691 118441896 310367842 246940220 26286451 465105060 578494970 832026523 833714151
4 1
924563348 97568831 497239345 793093568
4 3
604444650 318112258 109740079 246640213
7 5
726393762 81392194 147041205 590339253 229223857 375714538 712105159
17 1
921612027 85654349 940438218 174895545 396853135 207144765 892219507 938486452 326897447 741856583 739514431 864888347 548312502 498851972 74171244 781871051 998344423
14 10
76921064 829315985 197812511 144586653 216164052 682269375 866363308 25135581 855514130 476878322 843983880 614004405 205446526 55756735
15 9
525819141 941060543 338595452 302618224 126668854 192460434 829780301 815401368 886216351 806490061 334733809 92168373 273708111 320979296 234502945
20 14
180760667 600909892 517974397 967703044 978192792 433027476 788078131 357657826 803196848 528771922 102433301 534878626 49262707 876623112 955835948 713445760 558451901 493241297 590720833 601845021
9 5
425343433 413586532 792066364 757199367 612303398 41415521 100479185 929841124 145857539
15 8
701027726 548102827 661338398 612187300 600206741 674437074 148637567 495654041 827716283 68904899 19129169 391181814 681692053 667771693 615612586
3 2
153901248 78221941 836046078
13 10
618047241 691130125 361283083 236838056 273071403 598072758 145586609 994490387 860344602 38728853 411870471 942747150 191174073
3 2
93003617 631555838 15550422
1 1
580933626
13 13
368306467 974228797 425029493 471621114 7560054 643306970 256463703 663700548 903722824 784246024 946898926 890806223 561313245
14 11
790689890 676838831 248656062 749090267 685142064 358330167 430777587 142082870 27554924 378895231 927910673 121958483 123501534 109860520
18 2
172996572 230969170 607394842 228799385 499874020 730521896 111331544 908566556 812280083 518569321 683833809 69988467 356984863 78666978 411330439 958898718 619907822 164791918
9 8
430613450 135193635 24402345 784536015 415487916 111422433 277784983 751806329 393799267
10 7
295245979 642949498 869434378 89169557 856500770 658316200 707804358 960223321 791135116 796338269
3 3
692506773 336738955 882653221
9 2
244336562 261675759 194435577 841918262 638925207 387705492 807403011 581602013 4716949
11 6
625822333 103724568 985236711 431300219 260222096 717135600 244545068 416143961 702399907 652462207 348693041
8 7
831475540 794505531 921618512 874690636 828267008 216003796 333626080 357049800
9 1
312605463 489575001 503007408 331491120 651719139 958040814 621960311 177867813 408298095
15 1
832449318 487461277 979642026 698095549 521820527 839002258 6616191 120585621 953898495 161819141 776246982 4552239 323085743 838263022 283240364
8 3
311824861 97288626 651639624 810654239 767338912 942778824 664426111 422522665
1 1
769326187
5 4
531630858 332192728 869654349 121903852 127247929
16 9
730070786 517873287 408822237 280111825 909827978 798029892 611682887 583813209 58553867 150879895 981578184 77662387 573893809 160182014 261714060 103642658
