168
8 2
67145772 220690034 791542144 966068263 110804200 967609486 778275583 336163231
8 7
637510091 796046537 173138622 224860130 46930158 272856529 18926087 402982348
11 8
625195411 301287648 162244132 834309973 226463750 279071355 46130854 178686706 72726011 840983695 63917861
19 5
141527027 114129176 484235968 353821385 824461188 988110388 484229181 948659715 471679755 461303885 694697788 271356242 529213872 35541669 33673319 620777853 339582718 950565731 597393801
9 8
945143572 933647341 359918622 73856216 659914881 697748242 491853242 559117846 561703863
15 11
405620804 381853084 316496336 884947220 425746498 403116627 229577822 367433046 690351323 543454557 341152277 889720457 915738536 119011445 445098686
16 1
114233232 116858293 512707420 951647329 811745973 428940877 107868317 959504246 618096148 768723906 375660023 980127257 556571529 586419924 987753506 706393187
5 5
990407100 786229981 761876324 317710096 779396755
1 1
844353345
20 8
403359356 300775084 699426210 153568193 769120414 917983686 280614826 864666067 523136668 946017459 857674674 125956596 215412477 685704396 360425282 499567333 224344819 673530446 424771552 275545066
7 6
915320416 298687398 879093923 358306963 658742600 70129584 250695195
3 2
396395300 423122676 821267565
8 8
385736409 875087018 940248876 881299299 829370256 884181141 979084611 528629372
12 5
69768354 414491655 221130165 113518501 385532103 230630580 211061762 316189030 648340354 692879700 594788155 570563383
8 1
666795672 878394969 870473584 387186171 122292609 686617611 929861016 47874259
4 2
778070646 395121933 288359893 941552635
4 4
803189525 760188320 757768765 407068671
3 1
630419274 159490725 907220952
13 2
230605884 337571951 483304900 5699457 511003561 587419814 826495807 1568515 892705072 732356051 555877406 581898192 15919945
2 1
875578545 167211514
2 2
309959151 957356403
16 13
395744280 616238916 163240380 77960739 573031548 619941247 422380768 515650268 196719000 211974550 792755603 540194286 237450367 122970221 523510416 429755862
12 8
524068281 461088049 391868052 539495214 107995935 594335566 438861255 467249544 398831817 879564000 369301352 202262125
20 11
420299299 729531723 967802488 882398208 405818599 400413772 281882470 839539772 148721482 878326463 532596305 32895649 21038263 973385165 244019426 769906373 608791709 214278299 400472386 900340685
19 19
7384118 331683250 737251497 301160643 197803185 298102297 312152078 124299352 249420001 367547492 523327807 196592372 34939608 207989949 639865273 766903382 870277660 104090973 961066610
10 9
309607426 959399908 222967949 533496509 345146559 858522352 987568331 849697150 782045278 983352439
20 19
67365680 73523396 69577169 628635380 534003413 624844493 641414543 525722022 272235860 615663486 644823073 155965634 991374765 412121427 389882444 301529403 416105659 612868323 666250316 939137716
11 10
682913548 815483549 663273410 958483640 264103875 637109711 509235383 408180771 597271001 642302284 201920248
16 6
105836030 215693367 617016496 984828333 856265573 376600524 841465332 876975972 580632889 677747830 77059489 715493462 749898415 941149300 966334552 331831767
18 10
992631408 406196503 814203836 500572820 787170761 268421203 509112817 922084111 216747170 915745162 889073239 965721700 262154581 681503159 726492001 443225856 790418200 865058735
17 9
615660072 551235666 57861280 420291654 319373677 327422545 688313948 203669564 128841286 19146960 676857169 347628655 131874430 405517666 117067670 800513404 370192211
7 1
526249380 135150884 662624850 331376623 642157610 68991423 216716992
10 7
31780639 142993665 926682319 656181248 309817449 949702366 253817799 328940034 807015743 100198683
4 2
894183425 686125314 341089329 209194854
12 2
521699735 775688491 439515444 808651103 666239895 988127502 73354554 808705955 349402438 60845855 434230377 925711797
19 4
166469843 773183330 951127035 423086712 16459250 762155822 770108614 772238381 721903036 414202476 929805039 786454299 459574163 782175202 159848429 223866123 637854558 598449560 989488954
4 2
286607896 635153673 628613466 539938147
5 2
258919604 265754919 967651511 692087272 776592105
1 1
801973846
10 9
125890656 221939979 727956037 892919388 523818643 512686906 844716714 37556704 785461645 452633573
16 13
780556419 742321440 384022381 266183869 605535936 783309945 725706876 635332881 11527124 182125371 708133056 944971441 543249976 929532509 975133499 145006676
15 3
757246443 927645677 426075880 899959019 996357889 718969443 376143720 88790226 790995871 795277494 585342780 269763765 51278014 66735695 783597552
4 1
219354257 935895519 773414101 63233817
1 1
956655577
17 9
665805780 778704083 849951008 556213551 462275102 753155217 878588057 320016855 316251354 495357921 987492534 550078711 474172792 925833722 163790810 451748136 736048070
1 1
727720765
16 1
317110125 14989170 869747642 715393227 299850441 887118086 906049914 282020939 829775549 234828427 662729913 736876704 624818230 410070228 959069020 326151433
15 7
8173250 436502658 674788587 344382204 529196702 129822017 545132838 577006576 245718645 335818825 72916978 608473212 124988337 270547186 138170915
6 2
685645165 308486860 680622255 842545901 566794159 362057534
17 16
668713333 557799264 711420052 526111170 263156003 31587211 912034195 329697795 213230732 28074591 588786874 911203988 106199710 349208020 361681556 673365580 310817145
18 4
975490822 705530658 855118838 36457811 87625602 457640033 470708415 254680257 251047163 617318088 931086619 354038956 733010561 153737051 35452029 189458121 851144739 742021367
13 12
577043420 779893488 273319498 302153205 827643491 81692922 14978468 240168257 72270882 941947415 110083640 362161104 937772096
1 1
282870557
2 2
345437613 806697462
19 7
803395652 975763923 215535138 863724458 390987098 724572320 709285000 429008983 87762090 513405612 715304251 650267336 144436797 703572861 637320753 6217959 485240113 345595831 142180359
7 2
478268459 647953943 519800125 885904277 983079864 230757794 501424297
7 2
100070268 473019842 939507535 680791428 789700765 717572093 235230600
18 10
515148652 75053485 819669546 154314747 483448844 956797734 268575517 933162950 820727239 857096824 988863258 906797798 838560620 392265594 80563359 467684264 822882276 329954652
8 1
675209391 465867308 386809240 799203526 1619415 193879210 649457818 78184184
13 6
925080791 895867211 105575908 298209249 939793544 320655850 431685829 577815741 82023787 199209999 758995968 6480842 953712904
11 8
356658779 530791212 451077795 779731315 562109246 97017576 95450819 451791127 436149572 838568144 395699280
13 8
631451406 764766310 973783876 830450648 841242883 295810311 413961027 378825976 252985068 890054934 655195368 957494686 139243319
1 1
571008632
4 3
153419507 795060997 606686200 439794328
8 6
763940942 984168783 959514764 471382691 985014595 429645696 724238162 504761661
17 5
153972389 118049277 868211523 627176893 169959678 763830350 698803241 229059426 458334177 54379262 231307188 286064219 564552467 883981104 792984378 65895266 52966705
5 5
147781364 518121792 241206604 55154979 113094505
5 5
963405920 46389925 312905509 740535574 489362883
3 3
55995780 734167733 254249683
12 7
506825661 270353756 76801915 435658120 206064051 332379945 114835812 269168906 903668417 130594756 511500809 829730162
18 9
165914681 742428366 546539688 469743485 829604326 466898527 43550223 680968406 925052194 689410227 380327952 507700985 653847531 537620023 413260645 208034921 177665899 138802146
19 6
844262581 502974018 231126545 173053150 57308855 473277 16509026 675707072 988161855 907270099 66687047 530979815 732734244 221018984 286198114 524102130 754080929 354010790 116326838
15 10
103205996 650437727 657162250 483689100 731720208 111387613 259869893 523441768 979528887 468270359 683023969 112332167 433349289 606568588 785725472
18 4
609859947 440986100 908790719 527743408 393026653 477373409 759440299 910316683 515629821 524316880 479436715 766036463 925410063 942845107 898453061 14416526 772067193 805450897
19 6
337292017 894497338 37099912 919441652 250297648 769811033 643003346 903641142 355247092 865327504 218703534 775598493 890843783 760576062 726294497 354800527 788451628 240499388 195934095
9 7
523520852 277691376 717467352 232724119 897535400 503342910 508343668 674269541 555141852
4 4
741741223 980490190 585410774 528019082
8 8
728976423 465055371 970120579 31740242 661098774 499569159 971578901 62489873
7 1
115602007 104250807 39064586 327182860 242227008 829564655 928537228
12 3
330801104 414847070 298448807 954928332 861351852 735729060 873527333 76970293 688006062 821599445 840793970 721651341
14 8
851797338 468903828 645323691 531945104 991286092 233945860 934235863 942805329 368685401 912670758 648281996 39714505 902010611 375619092
9 7
269846178 310797983 941936292 162494924 635189284 474730534 792251233 93460632 196956337
20 19
137458142 287550717 960595879 288094860 377233386 113165360 384766868 946673234 657178166 273222990 842103467 455735148 609684445 700356857 552994012 115963403 830591492 514852492 286949145 94821844
2 2
658798521 836752296
13 10
843532568 17520236 238699375 127377198 666675113 887684492 930615774 577005070 142139059 244741410 927756901 973944346 185158065
11 5
43258811 733953245 230398504 413199398 159808143 579683719 407318905 673790472 995680791 332776004 716389576
4 3
581089212 689734369 146574075 669434546
5 5
969417972 513837043 850402177 243193151 407220369
10 10
673507582 492362118 577416313 568177186 218642721 599106715 270505145 443677065 142447427 904442363
7 4
760744016 448226013 518896444 724241654 477840816 463970259 815866088
12 4
327277393 635483243 175805151 923470138 188980044 467457552 606879328 385786160 550816700 428575524 690319713 528838801
19 19
426726760 510596015 26967492 20650796 510138216 553441342 630885403 645612009 914510982 435330551 227870146 174310696 843998567 39731588 551459251 24313170 670652191 179502099 198815623
18 5
906677286 115560662 632296245 764482871 648045877 911344068 585043861 560499917 448951728 890071362 568854959 879080796 388957150 334889685 571175615 745194160 459641480 926709214
19 13
843890482 123183770 593457262 508920439 42214417 918659665 875862053 931453067 557890277 85452187 423857257 669819424 578357009 305940075 686100012 240606266 570052552 424678017 331898492
19 12
182623415 377962507 857949870 606993379 417982684 612457142 644071566 149083012 787960600 515382388 218557527 517599871 160631570 216172977 874704629 545898829 63859916 492335578 269726363
8 8
404019481 285592094 795889228 708454725 786135256 930981576 225359073 651757000
9 1
975647992 887552210 111049337 460811822 775997924 74809827 211387081 366953642 400236602
2 2
667341684 982396537
1 1
405967534
11 1
627004946 356732278 948265278 107397096 811054 829319464 938381527 294353469 804126224 650040916 545864804
9 2
688276718 676115068 435436710 690442259 490080147 996681114 530203817 311304670 49390518
1 1
539017179
11 4
271235223 958790066 234811002 501026751 965572896 907531821 451510823 231663593 302208038 191220896 86887859
1 1
593810479
8 3
309411039 69372508 404760887 924443982 59060138 454485566 204892391 212225607
14 2
751130815 653782643 827551311 264304066 597279697 699969163 429007014 53324712 546920187 332575340 3629181 907327216 285612604 986043368
14 11
304950668 675149595 138592899 842852229 414090875 900195379 852098902 2244224 643116902 530438351 881756759 815405119 230319790 601828692
4 1
88807555 646212422 299507554 681035143
16 16
4544792 740397192 792292422 795184739 968676824 716661704 102540984 182536452 193013038 974480531 160719439 193581483 351069686 334244064 708690428 167167192
10 5
117142338 749714477 892876044 862073682 78520089 627092601 903771915 114173360 240824972 994714469
9 3
119896156 822358016 908854228 414718119 823054925 703585548 748829564 929961813 394347332
16 9
700260062 484100788 134848211 364800079 447037282 988160517 5175272 252164775 118036515 484670035 726580772 689029882 242831699 743235656 517234160 441232064
14 4
685806708 680328124 926768896 56382531 629070899 258155722 205661358 402845240 33726783 108756186 4139694 627562570 443489264 80736590
13 6
147264599 467259833 962628692 718091530 770151965 158132467 722605677 76654862 155036341 869758076 741323351 972995358 281735515
4 1
27583971 850993917 704506519 872927884
15 8
194390726 140975234 788755142 13263624 822065317 681866957 676404147 417314486 11652242 719331679 999667791 220774410 892419335 788769649 773827678
3 2
740208288 102499072 987577282
8 1
819447893 686095237 247962128 68103309 615871037 932695108 619776373 201747082
10 4
243656345 480280840 582325562 782773070 220149972 346155549 34421151 337018776 205047812 224130026
11 3
701167947 772688348 217971394 24976808 114217116 255604270 201195385 183409140 674641412 620775209 144094456
10 4
224718153 740924122 585816679 515718595 709196931 816873962 92802986 454698454 82770036 223650686
6 3
780377423 612748154 139450799 304951278 983117230 799053502
11 2
294709523 388974882 560465161 235556130 905993783 822589439 462201752 684809109 24840063 838589855 569887178
6 2
246620152 62443233 793244118 821996088 671836712 85375977
5 1
47930044 729146118 495720228 929752776 608570075
15 10
307215244 144053593 771683248 43099224 748426884 774979357 74276912 516371538 841631324 734445205 5351896 512850800 385918573 340060668 558142258
13 8
106980509 912510136 945039437 315214513 488695689 867492013 209864726 2518448 740601485 310153873 564306054 504268025 720588488
6 2
502023110 242569638 495139907 978764975 569266912 205835598
8 6
317675927 335540423 865779440 999624063 408734593 771470708 522986090 710700683
10 8
293667917 399549512 392202098 405680 602995632 281082074 961492295 4386537 205699335 247663194
16 3
950796692 758544296 545186121 998252526 794038043 566246858 533558807 203496998 841223588 611266944 852533421 779727340 492200284 541488396 565958015 914703037
16 9
858989537 202713352 805117208 410390980 562579329 394010946 449660941 858465617 869171035 671086840 651106772 635894275 310367668 580866709 83871899 816222723
8 6
588462543 683225625 635568121 904937829 840702835 31774926 715549432 453491312
18 15
259404802 438548117 469321596 586536836 251008035 481908903 159759129 268848242 328444348 806371381 919886447 204620927 594663035 875301283 517488159 698411879 665911306 168867628
15 15
93490118 980060955 494878176 423569214 191166474 865756742 8973868 791922234 961371651 37605518 892921297 425079006 207687902 870689431 283575659
7 4
495052256 318564475 214515315 139035821 393634020 998300971 686441402
18 15
486009142 540512691 421429128 453120854 724903427 435861302 690003183 467311519 614411541 320368429 829628265 190162127 591332634 588614328 28427255 156631998 385690261 192726177
7 2
791859031 237455033 899780524 820781203 253314441 28350982 692920549
5 2
858437481 111060870 739342648 316810160 50683810
4 2
310322120 136388218 729887389 228721506
13 10
758481684 465748216 597803198 354961640 527054773 118087893 413273615 461535218 773239393 257913657 470572542 520529909 663722884
10 7
954360541 653056104 207291628 745667393 799836419 800896666 903323883 172378858 369407886 164066336
16 3
928634191 455998586 551387260 698906181 135863053 86073839 820610282 84652043 835960340 131956411 636220501 563516439 615210305 27105812 158558149 515863461
14 7
950554699 945073545 193682952 474349256 875465078 50555418 543342494 156183408 244746918 382898174 157213011 123961874 327253349 787182589
2 2
833498153 774640798
20 15
775803106 850716942 8107736 921146695 241578543 816855881 789125039 559985246 876953024 288451625 722495384 938189863 871639841 469452589 685876439 590808151 47242626 886568921 455842290 843900442
2 1
799801025 232871752
11 2
861708917 229365439 25994606 645540121 719151203 969321929 148522235 51607915 468223376 315017528 426285692
19 10
956966970 643446722 917755518 151506797 4952936 908016499 832454852 613355929 375887067 674607323 172393642 20653442 28740139 507232459 733481064 495482362 559351713 222028613 820215508
11 7
973633364 934302235 886813822 299691116 570234803 19186628 198076746 940231241 273614139 808579931 48421904
18 6
748451805 847562202 479497259 499310612 565937249 615394323 792164060 763633515 764483932 205719711 726815041 652718300 551284921 910416069 313415173 629658470 313339601 135405372
7 7
947708593 802286095 526833894 725783131 917488784 154329918 81112940
8 1
450571651 403659249 86668436 113433108 751994296 58666865 925649482 864273694
17 15
764170849 448989894 711665761 132449234 985092898 573198300 978544109 771331948 416491376 315016583 93467005 998790307 123367474 550466479 443367588 505666101 98119114
1 1
255597828
4 3
758459471 722134303 338066921 915708415
2 1
856435981 626301412
12 7
713340935 466312442 211411142 137261561 617827401 781566272 414169268 337020789 910496406 372704311 367435932 569470122
10 6
607357376 492109159 680063872 821858148 175238928 850138268 456692698 960389539 307170869 752417672
5 4
250922229 45633776 96066297 686651093 636650615
11 11
94157663 699827509 971972850 889147831 757004432 594701157 974670552 353594112 297269395 52973961 81888980
7 2
384106064 226937437 244171939 841986443 915499427 137278543 157373387
3 2
328781200 25601386 89240081
7 7
41801007 153632242 251769155 166617261 721691384 789903985 505469118
10 1
660427841 861586960 991210308 842701006 680373788 676566164 407110640 771414699 61047275 255920043
11 6
599582397 21532215 291593145 429789089 339627743 888999189 900032037 118015654 364590086 113395066 228115728
13 5
383866729 871103876 458349178 252734741 343733511 334458787 331308376 215866159 316998907 266889524 182498623 229151278 757977363
6 3
842671031 50984931 651751141 986177684 412549836 823103118
