56
13 1
322239694 421955990 543830451 497887728 891955851 520712911 690793773 459313107 792103899 151726141 630572081 650026688 340125706
4 2
434834635 752264473 355679344 379037549
8 2
546143073 561722419 756099760 402769058 832416741 203584186 332485601 192272057
8 7
615135623 791111641 362870616 48828302 962665370 596630202 620805469 354735448
20 20
809453677 546344625 478485676 44553184 449248102 390095976 258253119 748789066 575841573 77275954 230873511 665825778 976428951 489464538 852898487 412896219 357000085 630092309 998693896 880598669
1 1
267510395
12 2
570765751 422621352 411518595 85891065 877727969 52653921 398739266 700938589 411728470 505185285 305101225 453637806
19 2
373617904 825001281 290229508 74096076 420372435 531461901 291531078 552975053 882735126 493525528 217529270 371503445 209371140 433178832 846012540 878103733 910819224 906696853 948872952
11 7
426438324 190562048 834472331 760018425 15016540 736704686 574283207 271740212 989712305 911532408 574943546
13 8
898544789 480110925 514432991 832280396 719250680 309999380 562428165 133448201 656283968 372353494 357370010 315012224 159270769
19 3
452550245 950960383 703287312 534989750 218292429 712925477 809064078 42558635 444626248 542076653 608114868 683379200 806216092 856085178 166647300 621801855 451923440 742082425 215018058
2 1
16739275 437384808
1 1
68963591
6 4
245190317 128159489 360622524 52642740 950507871 657018361
16 14
746480770 333672780 307059619 391816702 306370837 371845146 868880699 557800166 396954832 787717539 424807709 856164660 903834272 680898350 761049961 625694559
6 5
897172997 608333594 672117501 167202232 92094330 688703246
20 3
888789427 920078861 811889796 932081447 558101517 650066471 456020219 775084010 834444920 443200121 121208582 419584641 206808785 732879026 332345017 626536527 215148355 686717531 306927076 485531256
10 10
531960509 350599426 688261273 154702985 322019473 314891046 42779888 393874946 923116173 873213016
16 16
280380926 237853847 576496980 254882415 968264850 581035951 703490492 599246993 504957231 597585782 817966258 96109157 629972827 54745089 989115492 92538894
8 7
137382594 680232204 510776301 631301200 510162740 791612272 278858317 830880887
17 3
554891256 654676878 995447984 328903651 495190537 392055834 532447677 889506371 866428344 257853933 920766122 516918455 838965117 600023516 111991593 357935808 747144328
19 8
841214498 879431665 859133634 156095055 70442933 438988637 866955114 519417365 118766300 652430430 664559841 715251479 565871770 600227929 806997801 979006650 528657701 276919029 534544239
1 1
776385911
18 11
768547785 597739896 819423845 635187723 293833311 673918767 135049058 268244026 404547514 337921891 546591875 954333339 753115038 197903585 198934324 352118548 917869574 990381114
18 5
92257288 660892246 528128618 509802736 613644700 579465813 35564453 576021313 952394873 598651283 618751345 819546025 424655168 85290050 523668946 539620310 567377124 251090944
3 3
205693432 918004537 484010051
4 3
495199699 343966248 452116538 373183609
17 8
294904018 72874368 383587137 209716200 823373767 478284178 692472360 433308103 208476554 778304110 332639347 35444946 774881293 991723849 867739699 616801156 414551225
5 5
808346195 463738788 315890306 796995555 830814064
10 7
571682095 743219836 250834975 777129505 235928072 470194155 142083405 541089821 86521213 757477836
4 3
595342693 743473056 460929939 427511502
20 12
423173817 871844344 650857563 339920227 612957962 782443477 515358275 867417174 468789401 650587543 206759567 153642367 969267314 847483859 380344452 982387849 154657258 189717989 592427038 107494118
9 4
157606908 651459724 47059247 188401825 477548755 713218215 428949590 311665698 900549939
5 2
20697105 917353561 58532325 170552953 493756663
16 1
532916428 766945611 811433585 375115474 287151748 898906141 669500316 926314662 231832900 257850475 365013589 560929376 310623398 549011501 651272053 113298122
6 5
828536782 960550239 705567360 310851938 570114521 795175060
13 10
604064750 454344675 778008344 389109907 974552310 802167244 901952028 813022697 623105504 73265351 750155031 225274091 558032802
17 4
346054632 413721407 860901291 560807611 26474253 42350713 118513968 388224610 659978468 104661707 740277336 904161833 690013344 469779400 392421297 553699612 809137942
15 2
651846988 433635119 297902536 813198809 229389420 754990423 110561819 133820593 75194501 348531755 352887056 399541718 651910937 94995689 549795994
18 17
861917324 244222882 789272884 991194671 20293800 705066538 420308440 81774488 870837937 720949025 840366299 867000356 585609010 849591543 251173240 913473227 640993666 362432366
13 7
510250682 866714453 904043065 783540649 864278533 186327733 817888608 148465153 710411736 622767969 800162933 656183592 645968285
14 6
402749375 926625378 730537928 216892400 701815150 376003455 932963207 639136320 514244477 19331838 492971737 566413565 684804208 152514917
20 20
952431520 448794038 110903697 184605203 977569572 805757120 398184664 567069174 957195074 77996516 222038824 813201878 17442274 117004923 566507270 88097070 666334770 53237537 477212640 455165121
12 10
230084556 231118172 871947539 395542462 134441461 722854481 687426975 646244560 249872480 183805523 324579934 354946315
1 1
506254444
14 13
149144282 882115496 723304056 806894273 752716892 704737940 229442758 507092245 933735428 412770478 820571875 580478049 907251793 995862713
1 1
947556836
1 1
326275909
7 4
199922929 866321800 932698912 15015388 626425782 947611427 582859565
11 3
542862872 896263416 596861198 982905661 719915272 936461101 751804139 188748072 236484189 582208820 542309015
1 1
179529036
14 14
483938609 28626164 523809327 798159924 476776437 999254703 376212812 63062607 550629659 390379586 323075044 662543014 577622295 952627021
20 19
251878560 664191469 44411281 716163747 856090044 309737697 956117137 890596170 35247770 975833800 864368178 258030250 290538424 630836770 325802869 245773986 663559164 260415018 112909959 195060258
4 1
253856123 7838047 906584279 258294211
13 10
388123162 889030945 720264573 359945969 332421709 721377097 999229928 561817080 793055257 50792123 970542867 67924144 946075651
3 1
67376273 241160997 408025741
