87
9 5
102877378 304377532 52536810 519131444 951171343 604945530 792785218 770003649 871743608
4 4
27543748 402552600 882260815 715328562
13 5
207838550 447234033 270496293 725747682 736385562 166465882 550503576 798712236 337337444 788625903 43339316 889137857 232120228
10 4
429386953 341320733 100599260 745015112 368402411 805228917 459983499 404064032 213153703 536805368
13 9
862355171 802005934 735116467 714616016 225616576 93152151 871496277 999966236 346799502 443829350 10857050 254833263 907644826
19 7
843610355 472120978 209049596 585798540 28809375 266965330 52941940 792911065 875200603 309964481 559062509 280156255 235380861 453086489 694545698 401925978 752649970 6481286 409353447
13 11
555829849 259693365 489082305 9212312 164685082 950911482 374600810 304469856 665356517 267871784 517298857 807054236 830004465
5 4
634334755 285463798 835170141 548799250 167695239
13 5
19063494 974706532 972584299 281875560 739019203 370160360 217186270 98440787 309394884 926708101 257402101 53679215 774734268
10 1
39208322 900260110 863160251 990951542 622133652 60769779 634216698 141046881 586669061 628805525
15 5
521383324 762286051 635331239 72420224 449611657 337018880 639538700 988203387 961760078 82531867 316278048 701835589 888414854 783868380 738398018
3 1
645080404 719775968 340363401
20 14
389093652 49263635 559061098 270092408 681106248 728937106 536702624 349672726 95608499 167072467 506287910 266254925 851738576 989413660 970238868 402629192 239647997 453952644 320057207 851248614
16 7
362935091 28915107 322355805 968485052 789281489 46656331 85575867 628820930 551352240 73069947 936436828 215689872 626080025 853054213 774950903 786876157
5 5
256255911 699872029 771018935 100373686 215215876
19 15
311027451 464567505 466730821 914940065 189088459 749239974 45121060 491887108 284715071 149078945 975614219 127712485 618904135 868168021 549965597 60435500 959966612 82203699 511302471
1 1
198921934
8 8
120886224 130245070 291077225 29583592 240456697 290680423 704207896 560886025
13 1
751071485 290303317 891793253 885433896 697883539 648226952 207641261 96402376 278075549 543359979 517256645 441465968 692625482
10 2
357940015 311526211 996932693 922511388 494556082 653344283 244169598 791419829 269719856 854614831
5 1
313834951 23453842 793462072 799868504 51209871
17 16
326368046 203638062 970347041 638095543 762156732 831984969 162127107 790027301 960413356 605773026 299286941 293886119 751127735 300158775 198648994 590273704 452596303
19 19
101106115 515519014 780103359 225744029 752753585 558350190 539953217 581126423 400283277 833734822 875251118 372493625 633927424 773489167 829557630 424668548 745126088 519033568 970067519
16 14
301381378 529111743 753298538 203700289 442098133 639670553 627853493 203041095 201293565 203812320 340216438 91664441 970811751 421157210 624814366 482793320
15 6
576492480 690641605 106407079 162269277 560702594 641745200 230593876 986434478 743173764 287632508 244648442 114954925 179723217 543357110 252360641
15 6
99904457 38811277 338246156 825087037 412588239 879632845 34613836 571048652 914170725 72460856 825829729 416386960 210027830 958386978 578788050
3 2
354772346 890678765 368082388
6 5
894443827 255994040 319041820 958703990 161640892 684806760
7 2
85802351 20568853 190441226 179688615 564365547 523901445 372088844
10 8
453096978 885544460 456732240 238368064 102553142 778326996 381686237 867841142 432794861 871211594
13 3
145415864 666774055 859500149 322521889 502434075 848961081 904611563 90883771 236902860 835996940 79714876 336865419 952464900
10 8
65462887 129635519 271874685 593168295 918854152 342469337 554307716 813078031 979504736 458603756
16 16
401520543 177574704 654707777 491595096 837242629 609101009 771649735 1696855 578188741 353485010 428483968 570807500 564778596 200501978 105766750 197265397
13 1
144991391 295787315 902239659 135333407 285658561 192484733 586473081 850110197 372168414 459796227 795175848 745971815 659515188
15 11
393191016 270271965 335486671 775716200 805029950 292860356 652596524 943331065 285252599 108183361 391882067 375988973 753790788 126220312 144872917
4 2
313814816 820436701 453150697 360535197
17 10
128136373 560429374 548278145 487856572 311558080 901166623 750771013 743947136 583420012 969063792 929610272 149707568 145259991 294758223 529391126 133370471 915768341
6 5
606283003 927961296 910285176 495470806 318554406 992649178
10 2
708567362 113756682 644576417 213762362 15695073 474419020 951792364 539827067 964127456 518071400
6 5
918103417 939643913 670298538 665902163 437521363 301017064
17 13
649958130 727683859 373845175 566296630 319554794 31130959 834780246 625295576 446576693 871769305 392481587 667819541 71813972 778410475 602992552 819822757 699686370
18 12
689182031 537696988 559095013 32810378 829672366 214274197 356489415 864278374 646248516 309244421 33599043 538778820 135647973 453103408 836578946 619913772 10797602 202351159
19 2
300624443 427231178 993192783 781496816 594872292 412896847 75250450 340687298 568723161 225184832 944656088 386931814 942148428 845658922 990789642 516829221 311259479 589311508 516877427
19 17
9575244 324367335 8938059 690843640 356067530 862276550 817430969 509485855 711010788 568263785 357064448 749230044 444907586 669172477 811559377 614000894 672206648 973941560 600175916
4 2
547929110 425242532 95076273 290768239
13 12
10652340 687735986 112716839 692685500 566293869 336763689 96126869 209356790 829462722 893518857 696710594 876850064 577767412
12 8
787558020 297120555 374055315 493444105 650253050 837002981 221329979 663189889 660155719 263146085 83365445 246131785
16 14
168124143 513121297 393756179 775634636 38436810 900912477 253683975 863268012 656805775 64005377 583755170 471124051 40659657 690574015 186833482 762815062
8 3
403065495 340369240 335762508 200894144 450064374 639157011 945092059 564608793
14 13
732460663 398842898 390143075 862720035 29795644 38518995 876321804 928324293 104147095 501346614 460688415 934452866 198184509 732949993
6 4
603706276 598968325 785742843 77867057 253330860 167836156
18 7
183057213 876020524 421501819 283912218 405491008 758667811 868610676 731449053 32952650 302724764 288858650 606236442 359127673 361817005 998041064 155013428 758420779 135583088
11 8
981612645 34260405 673447013 861157389 622294136 386785635 362761357 411867460 331271782 897412346 981767094
14 7
984615374 40384006 261695898 947926938 115398159 490587124 56588994 631549252 232902396 799398046 672889906 666205236 749717500 554577448
12 4
624290983 939427584 113458004 616512582 744314324 92484660 407260908 919338163 425784322 601813638 431961000 256646024
19 13
442263443 753437653 814828993 537599826 597223900 29411046 598876519 146365675 533640276 409466647 728048699 71635713 177493687 637499439 417511756 69576217 678255826 562665720 498788424
9 5
878623349 154796018 361202571 640930303 517707712 390503535 861233190 782578550 7387925
15 1
166710275 797001284 855891090 567192234 620933236 546295984 218262247 132225754 949438792 706808317 85115379 66351098 218208109 163084217 51688581
9 3
336412278 469174111 698569322 856815857 791609447 103431401 437072536 41536321 120362431
12 7
908596020 332600537 691158873 24720518 692806739 786678384 551076900 182150624 20158641 474661005 848058420 685677783
13 2
984551924 935860523 56281221 118501152 599768874 838404298 841907374 72123684 646561902 541799889 405650339 568392701 115968761
13 9
25668877 317452362 530345722 71003395 565732045 58921598 593763866 727417210 754510424 793004746 654085701 237313193 576794254
14 4
227154202 282241741 293866735 976280937 272496568 747670424 414050374 456963169 809077369 845830942 475742360 360160762 109715991 836202357
10 9
701895197 394312389 68985815 311831278 769525158 342820241 979167127 763694055 917290655 58073450
7 6
130024143 663811064 749159354 121557046 31459526 713149779 443878425
20 3
635710834 856611982 349529443 793868466 833793562 29141533 660992737 429864001 665730486 160779401 413629369 764021660 52601957 94956663 322552935 976112185 483624111 31689882 324914009 960512505
5 4
404967997 994916346 25974977 90055367 22375448
8 7
882750019 311630507 841243228 334274642 621732065 857036555 947531818 710655555
7 5
622513449 611116627 971495166 872866571 216847416 782445496 143867918
3 2
989087525 541953510 497081630
8 2
634352760 598182013 95609117 698371622 470455076 268420906 117268897 705143461
19 2
433486801 162721143 815079521 184421546 678267770 546875394 832429635 979160121 252464674 209068842 226626372 269090074 403684766 714617647 117473880 25030614 240335020 428804272 796966546
7 4
194178752 69549888 206102317 899669768 961475866 753158741 579979855
3 1
76090459 255244312 756761619
3 2
665935368 137224006 450688615
15 8
326713244 184353876 390024408 882070520 541111677 81736974 778348084 217797892 434845514 732851571 569400116 888549207 578515858 44564171 737326020
3 3
149922883 947832933 936919527
15 13
559390505 855718215 511579640 502731037 637358192 140475618 19327350 296648661 157124994 894978931 596516799 845236529 741060971 616126434 591589311
7 2
673245621 193476498 456922408 775004138 195081972 233562884 706282282
5 1
206471359 325625350 939793916 477477464 821710808
14 8
626357482 227008685 830532999 230508123 164861250 518774969 174864195 202272519 896001027 225604523 352343506 942755724 833364199 105998139
13 7
906695458 817163987 838056072 929512814 405471521 395872501 33388763 448535541 324557386 989942713 972853850 614619529 552535156
5 3
268588690 879673059 433655501 895339598 691356103
14 10
89978224 853037230 244616830 363443634 425420701 681715221 867702489 125373409 743491788 172114990 823005348 103788867 814340874 15548981
6 6
465424331 944987191 374140816 638921520 689252121 193813867
18 7
112265209 106000292 544322107 233852431 345856925 942477794 150551380 764562610 951608880 111245693 207804703 176045926 628188227 434034718 291377474 862350775 230452561 42472028
8 2
687910261 308136172 381427796 403182569 415481285 559020561 122022193 595354260
