130
11 2
587135763 604479090 80515159 28851498 859705472 242018119 350077909 811485036 761829635 814486441 669811806
9 3
213770858 1509836 353748998 959038934 760305504 676124987 209068870 633534303 570387383
18 13
108171811 306856969 698914258 238053735 59472894 231621933 372861884 268816483 207941476 581771666 161480323 552102697 416096898 639299557 606492852 631828435 351886849 218772369
18 2
62017149 252002298 961751585 573153988 597286821 332652256 704166897 850604127 78350546 737158330 770145429 915998794 290515443 745029695 491164724 746060013 599757834 387337748
16 7
548483814 631761586 241692277 64795873 804769148 513412867 822770215 388517317 959715404 708148055 621158445 155114215 586637899 842674232 535679387 238076928
14 8
401082765 449603681 35885448 251403211 761308822 534477336 417666533 764753542 801842607 426147428 49725911 7306654 547275125 657983869
4 1
64073075 520847597 272258836 588015311
14 11
575417524 630980057 78378072 583330989 75958057 348132842 710996425 419510924 707794266 88881429 8879210 958914822 524959866 532910160
4 4
989292842 440331208 189730424 534875932
12 8
391104332 186871819 308282510 57196183 915384827 526627227 644986326 780521385 320784542 806793931 439308226 168028081
3 1
810059548 107093476 796300764
13 13
85177062 198747749 158077793 888052189 47547179 36331949 228291761 348291498 811038439 131411228 828408329 807314241 312757211
11 10
555887629 210444163 205361546 451952366 979837994 288211379 744226824 84894239 161044623 997350019 994244585
6 2
611456780 650892296 294663977 414036992 150285173 904323130
18 13
426526627 886981530 30288139 566311669 975849902 677836374 477624453 667575147 823977841 999585732 790259289 346568147 400846815 988900397 27504343 992882052 357406800 964312615
15 2
565590529 49690665 177333822 204539053 995246211 433910602 313533894 670410983 777469895 461469936 983804809 882770705 98442484 345366836 484520782
12 5
190451050 122220843 456741470 319153245 73321876 825497473 653263083 721529484 34902809 546749815 447437639 590243657
16 14
71578217 310739439 503463715 644017829 383334461 83390062 367697130 586975586 174458681 466422338 303970598 198552305 974294571 544554999 167344050 329097124
13 2
664894635 459726192 925789327 232865896 530746334 730972507 817696109 953621989 833434656 364557803 591106339 574887492 622588806
18 16
83218447 563005605 387898393 67876958 243132350 996822746 536260841 499302662 828647280 346525267 749982514 824814845 337327994 922253509 499600144 485543377 32418327 808231478
19 9
807347495 139737570 411168484 339073802 301411344 953848703 774252821 230878558 263686229 6195730 280244987 649369060 538558354 711901925 340562306 76792970 227101143 319499715 167739137
8 3
207038361 197973536 836369595 381231996 844232206 567228876 959921433 514911127
17 5
264681539 67079245 489166699 284420191 440300483 549593936 382168822 917490454 884729622 784798417 921560609 52678025 780542072 720209462 103305483 496744368 64525006
5 1
244997281 620734927 716550192 387936511 636028795
4 3
642852246 394711973 365670013 853779292
10 10
973677314 368806975 399751104 159430811 648193323 856947134 298485791 298013330 171486594 373208429
5 4
161072162 548548080 280688851 198577798 492052596
6 4
437359743 142376980 57464925 140127644 312322371 358771503
13 9
630191344 949805501 277947987 853438749 203065315 241948573 966872302 266688815 580916345 370029406 615774496 340651095 149897648
2 1
392465487 714764976
11 11
972408494 66791898 430024254 314031571 393415005 539961943 474619243 485562166 224305389 210453789 670756422
4 3
970600792 520312934 67953185 760816990
19 9
974351850 168681016 40634580 630253702 386536089 238835557 390606873 588416908 490140300 867570314 667323961 359836804 702676331 564100556 24003977 294066351 854577039 438677688 937380024
12 11
41766588 803763638 704362498 443243711 684098388 272773243 377326870 951610242 768561820 387548662 524412803 719354754
4 3
569171417 582051437 103654075 933025387
13 6
354693162 383630824 974820911 326227787 902010603 332042180 650718200 670172082 609433107 940269821 379509384 296100561 836155905
8 5
460527818 623495044 962264695 873769840 888449252 753939066 3640724 168604114
3 3
94299243 609304209 832755578
6 6
579360094 545029777 591948977 178438151 419823222 487545807
9 7
64224152 415770610 294666883 276316987 338986469 859350326 282983893 806946617 804197678
10 10
479011333 352865419 555414432 472977121 795805201 73819710 318920590 800982735 241745175 270657629
12 4
359789312 273263757 365669657 423989871 885450764 52305889 392689753 326076420 9509168 539542386 794038536 803668827
17 12
521713914 845777050 835058930 205999647 865233792 70733255 414593507 867719991 142446895 151173639 644462629 73000367 960003726 33538967 153923023 4166910 557302994
16 1
993802549 139953457 767834722 337210532 184675505 199048202 336243870 822851167 786642036 557593676 212969608 37956233 386074555 374561063 278991028 895709594
9 1
441026657 174157101 686328016 618942901 881075235 737104176 14724958 926883533 667520738
10 7
607246803 55676355 12355394 857020382 775539761 366587015 382873893 210673499 677297617 352055645
5 1
698543512 8449105 994219313 443276708 888195922
7 7
998713532 386398076 656526057 104890927 846747610 896667769 194187541
12 12
410525977 380242387 383767506 945431647 474625061 128705298 83261750 961818058 432726460 239337774 484067024 574738075
11 10
949646995 668349205 996167175 286091504 185325354 745978645 247457356 793544958 104611948 977635597 821950258
8 5
335203433 619414324 988617879 293867215 553190026 277124734 406979045 895990429
7 1
493546283 1120432 758460695 442463703 884983575 878425404 101307212
18 18
564891827 167796941 666960473 791190439 726241196 362129940 34414183 596368937 491391531 492260856 536044655 124453082 300418483 420979769 163298574 842601276 612109292 700429556
1 1
805210198
2 2
807224846 930130597
13 12
356318355 55605362 842684490 441676120 500151457 232681890 868941033 41523324 198427684 475646354 519843849 899105350 306092297
16 4
758136433 812297474 881644979 116094576 95587088 42264791 882993086 546951413 401820560 747011227 817177058 217648758 87945261 625511589 920614216 697717353
20 18
385758584 229050007 393318570 992144452 593957521 629715325 845457016 190488395 129574035 577139747 210574899 770114306 905609729 828093386 444071963 587153246 514697676 666549597 587472197 573102583
12 12
532787639 784174238 93211907 199902806 95110102 199869563 481911737 943171763 516432043 404505865 803167708 456825497
17 11
633907141 35850227 756010055 832949731 447530090 260896228 623980925 555137355 153458074 713930014 355341856 554236518 977562121 658970430 500204548 707464200 192913492
8 6
959801300 942821207 603600122 651716585 746299264 521686055 781873096 374742076
19 13
16966533 866527534 123019294 269941589 634557752 681338139 332591052 469343273 995023214 698908280 949640680 559245748 700463313 802595206 97772903 560171502 789174973 301625273 156166878
10 4
228863292 54641321 607631292 461447697 179352405 9647452 904257025 993956574 967694092 818218295
8 1
985082059 312686238 831675467 134191387 102764708 32141869 356388645 597754047
9 6
858323722 778476892 343027112 148554638 811965338 218414230 968342551 811476535 978121110
4 2
640552332 290786913 786506771 591591148
5 5
925418974 195028738 613647825 89479372 599969948
17 11
554836428 464824307 685370442 358125736 588212901 220987269 548371564 879450508 835781179 935160138 861241060 116057481 221233414 624122051 511366098 94549679 486712398
7 2
610312332 69701748 800823467 464373410 909647535 118138996 356844327
14 6
969908701 137722987 158270845 789616265 6934908 474797413 845402266 575473537 522717504 357140120 310102965 70827597 271020195 404971172
11 8
683949420 977778931 788736617 915075595 556659491 658617116 779718718 950276373 715148858 908253924 704560620
5 1
247274927 445688267 650793917 225326581 532462431
1 1
566231419
2 1
72351643 84248022
1 1
450300808
13 9
976841756 209045661 759617943 6471005 22081056 321828891 141017438 697444328 785561056 757892380 545578280 248400660 886784659
18 8
72775366 681722930 381528557 135154572 487797603 452004946 180087917 469161822 205923632 755288139 698796088 706647563 107378509 458998760 538230165 142913264 354841429 319159935
8 7
900091135 470573573 780458707 491000463 865460239 356660448 693000245 636850361
15 9
416738861 604569789 716258783 652185562 249228382 520500065 121434165 484261642 995943634 493023000 909426080 923380892 690497796 95178115 787665028
20 20
714173766 514502400 148278704 704674911 960495711 134028571 835901382 178315313 667516872 300203136 457319510 868052229 228158612 351273792 432413886 902320389 453984253 31711689 99246434 834739542
18 9
327063052 702192474 562582711 432531962 223165950 456970852 37958885 668831329 810567939 911522970 260754991 158074112 599803732 133376268 212458177 896708905 814628324 904598510
12 10
658648330 255625395 972380750 671236261 889570471 697187855 817652844 922210738 851811597 561704090 184976776 52747018
4 4
773775086 227349861 437846538 700147693
19 10
393858045 168553386 28920767 598158617 939778217 909187265 198578988 764307769 533612433 209020652 228044007 703958747 6600096 685255938 565381051 979737126 844211673 654999371 126250496
5 1
651066122 305578566 428861219 495974699 607674175
18 18
304754132 514076782 761650135 118687252 926620950 137777772 270731006 17768424 485218055 187143895 493767517 618716744 459271422 882521005 318391534 230042987 485615635 704038522
10 5
822204349 884180617 881143534 92168220 274585625 374884039 672128943 609205299 356228235 249486946
6 3
897201144 219511504 462054648 836449207 944058542 454120808
15 7
392580374 332406927 454832764 621959105 805073577 749429914 261444215 47588644 908597530 398801877 486929872 281033060 176551100 333916249 458299260
19 19
952110253 249606890 41916696 978823757 529054354 742470248 766273596 828175250 721489832 604944437 884738587 571921584 464768512 42392802 337040098 545497419 756201843 207963249 410902492
13 5
925570143 874649247 900234490 651684137 521272996 198821963 678075375 769028721 217313657 602593767 871162545 285142942 496167148
15 10
566382972 628216812 239011555 214058488 469791598 48920071 186102250 914699104 659766058 551235012 679058006 326131779 850507949 444690869 488737695
17 2
992691532 941995932 73739842 810711198 355927513 925888869 279465921 41029665 648492047 484132468 683245588 358747365 190845818 69483059 958129576 536666954 641311141
20 16
548402022 960702319 682043090 522833267 223188075 584103528 538359512 775962494 522020319 974053727 639624688 641666296 597738751 831115953 291698647 232644757 486966900 468990416 928209591 927836784
9 9
602748814 871674531 306294691 547996856 568839744 215857965 116280868 18535991 987251509
20 5
167998991 800057785 777922636 65898005 37207229 744528790 628474345 909573287 721027841 253434075 886926316 146422186 195643463 263475440 279771499 456418010 566498253 28569081 159101796 465087182
1 1
806519698
6 3
988128197 531654799 388001482 956252342 577970283 303283387
20 19
797296436 779315556 151393359 636727714 669761444 465238549 563342643 285568337 333608161 250397513 117679037 854796170 27080502 934365030 28666134 251900588 510140452 726123011 688374458 423642716
10 6
945889768 773838327 524845673 186945191 609193631 651172620 837505614 273127634 155247241 845633073
9 4
6612096 692413201 625469787 468471691 815320759 300589118 147031252 515998365 415959106
1 1
942184180
11 4
763600660 460134993 524832691 2201517 735020965 398388170 191274687 66445483 193186900 880556099 894495910
3 1
642297605 657455371 818718520
10 5
361950749 505107569 421891776 652635398 679577609 226020686 940480712 608909879 682701702 277152797
14 9
738345634 991801431 724258541 369848162 875665151 394224317 862978059 325610696 359442364 466012023 782934307 399658309 297990441 455754936
19 14
340143974 532112766 790891912 45861305 675344851 552233506 236995211 6949632 433897453 236657659 787474553 318853534 21664614 908837058 607607334 624597178 866311735 495608798 562645001
4 4
250098392 843900371 234540985 983628588
14 10
207917435 140430422 749678904 551382652 614114107 418010895 930110656 102614061 365054187 697925568 610720847 568311383 79839508 912791714
18 18
800556823 874086979 456003659 778238856 702450553 983493442 213726624 579728535 846186678 463549959 355601606 137381579 890564248 251538091 349583536 982295301 275349133 614720855
3 1
766967189 141718666 196460064
6 5
459444565 502207548 35993663 933253010 393130234 990713577
12 1
641608669 77270637 430810685 844242237 376706435 233911934 197405190 298170672 932819602 181418137 749927305 336265866
2 1
566499915 71065054
13 3
98110997 451439308 81208914 855421957 741238596 634417372 256291202 449994487 57415947 939945098 188171225 17949160 521621505
2 2
265165347 478654423
12 8
183128127 542619300 80561906 457892105 774058382 875083676 302224264 141165214 501651656 909613771 126777734 74420352
3 2
964018911 388119759 719762161
9 2
721437407 617710322 694185307 380810690 942721267 658656297 310209305 455379291 837315234
13 6
160045158 862759177 652350954 979257443 287674849 113652390 936681819 484274697 569184266 579748551 863655991 229674745 63678123
2 1
400175850 980148383
16 12
919362835 25342832 223495362 277405703 881249137 292084715 291889834 666859017 882420900 413541355 252534555 367521884 863758101 214569927 216798985 926734031
8 6
20511924 528274305 430229339 168463497 342382700 854288522 598323175 165205950
6 3
18377134 123976152 722227375 287449550 764296352 638526321
4 4
480447670 887841976 563748861 382832298
18 2
495897634 176378555 326176578 310843137 123967989 21288809 517621314 29150840 767523864 254976038 907224579 648126339 428814259 364630845 689769400 72384455 280455237 175351008
15 5
495998401 716489094 683116438 787952806 493839114 512957111 638702262 775958000 231700167 520721655 469671333 707468303 899017472 965433949 81272194
18 9
238992721 498867435 521582111 925495517 192827950 518357075 799278121 163970191 376947785 616084107 379685974 13999729 178343964 23728644 332712383 608566259 686829048 596547367
6 4
4397898 193414859 946708973 863488321 628061899 613196576
5 2
56476600 902364350 729802098 681376895 828803080
