107
4 2
769564733 391175462 442708078 820445984
9 9
893817690 378815585 907100615 655022157 815475865 803763461 64980140 632258261 915474128
19 6
123230838 67051941 875911040 988916090 633028792 511358280 719713254 356210589 614424046 204323281 288758665 804828574 287737612 476240288 579783898 620384588 500297843 454129478 955092967
14 14
905451768 490586355 994904091 704363216 15676103 571867853 396439848 702426164 893093143 424154547 119137447 837286962 505392875 438593444
13 2
305944947 761218097 743365960 486623575 8266646 604203187 20143519 783115355 234724738 22806403 474250563 55292540 310269087
19 17
215369246 15802826 509357449 446344564 836867523 777391865 615368027 376510447 707506322 692655862 986263706 990269385 811769733 685865044 221863494 196027880 242209375 67357645 903023423
6 1
250082780 985919852 773066153 293353156 544210501 163789216
6 2
591320124 747933679 71635886 637210395 58017071 153982475
3 2
15800122 234117317 531024015
3 2
956299902 614334782 974600587
2 2
995844198 367451554
4 2
453589974 601114028 459645904 371411299
6 3
876351736 498928190 73882456 860879110 34655362 921229989
13 7
252605823 786420909 594802821 79270190 699711507 706255631 663087598 326370973 850022337 732980256 715925128 282072771 296434197
4 3
156162449 690510276 809996013 134760846
8 8
217587942 620637472 25096998 958800705 297445326 697702307 973316130 842780652
20 5
140950542 581021962 858134318 871017126 934332874 55871087 599083216 108919714 119058408 911362540 803119920 429810229 679986680 580324224 931530878 648388099 305614771 295330973 744512631 165938230
18 2
748192021 746916835 612175257 959987407 579980320 286945624 971692462 591283000 560795566 959634423 242938095 98480044 612623341 631951031 77795117 272142582 932258278 192517319
12 12
278440718 161600676 154087344 848620526 787252486 693782108 675348913 911866543 362262787 312863548 962066889 627714752
17 10
144387574 448549632 19513894 22137066 814401125 623270846 221346017 366133388 867312790 120292412 249042649 755006056 965086871 550121457 747614329 594305456 565536974
5 4
793987037 771324213 407212863 30941659 443202977
13 3
820857015 718723257 160166377 920203913 189407139 266990000 638889139 608746294 601979656 777382081 495889884 165774717 410216535
19 12
982539116 375508256 902004744 25730515 119774544 122627496 376404936 500161010 329385957 543512050 644028339 419527922 551357391 252865100 325077017 443498568 606797184 203308561 141639410
14 10
969745224 50698188 191111196 722454009 904491718 808189202 391606402 118170253 277082979 232617545 267573411 945349315 830013543 136904464
12 9
151427255 785667783 538708324 645365973 87451064 880148944 294230466 509622610 956826908 302733465 98684490 878593418
7 4
567496321 755753942 287250349 40034746 653252969 10892851 359623738
3 2
273342683 596481188 910179624
17 12
417198933 212673960 375797300 541213915 6563754 401305406 828824387 635045947 843767106 204247132 339772312 540816071 493209666 386178260 470047590 875215181 756100257
12 1
719224270 426043358 859303156 343682487 662241337 927001864 317001306 986168840 798619152 696297920 308337444 511903109
15 15
349186336 377319053 723777617 804679028 715157487 412970368 263788375 354465716 180036401 371089530 96737336 126759235 42227760 307300940 8664480
1 1
770822432
2 1
462357825 617635980
6 4
101835914 833050517 694920605 326786632 877036894 730896725
7 4
160981583 840645146 1197606 22456569 178190918 290747686 743061936
12 7
135338884 487599241 151998667 717983669 115350673 249362985 725487253 356964658 943575230 350935772 916516903 742138016
18 12
80709832 386366567 734733573 784906835 952580273 311829820 73947744 13426613 959057099 770729035 463844230 692838352 49274169 74981632 13340562 132183844 755325234 709853879
16 15
103027295 156980271 345217620 347765246 486183125 604177835 509415663 830836329 927125128 187965819 98900734 78844877 228277910 487242978 519999652 75512388
18 13
269238772 330533766 860646622 253778870 870962867 424400695 325922660 877588422 797550609 592086272 979833330 714282334 168183511 961524841 676152608 782260816 15489230 712633673
15 2
153429993 823492817 432656204 257276108 409118400 889789306 163484691 595264544 564215574 931280787 410675563 611361846 814875210 345035943 258541371
15 1
530868903 911467074 352356804 989257543 722545778 990919875 881122619 919958693 895668763 345295604 703044068 243709766 764932293 832480304 389457775
17 7
235329966 651512025 606768372 940689195 921597466 151161823 261009227 918675237 630068579 742544989 981659280 757727405 239911456 821091185 878015520 888841043 961166230
5 3
414411350 179716791 699694223 497320946 224191732
2 2
120979403 276657277
4 3
106755505 370019201 724313925 63352851
13 5
870095966 369578527 744900124 41408649 25130885 226947256 270632922 251535264 954956112 728799389 839727056 909606620 789144007
8 2
63574037 428253560 525164619 408506254 45979936 552844370 814959019 657653637
1 1
818327537
1 1
409427165
11 5
659263028 184389222 96096188 48196856 835350796 893240232 516499435 251120206 910007030 877490655 328988998
14 1
671596302 115239421 335713901 357416213 511990038 105929429 850180872 637419878 380981616 18691599 394771589 170939490 151951689 707306537
19 16
791096932 601188313 988973169 615305804 934355131 315134491 321975816 45178471 271178660 697801149 329327153 646568094 235029876 120855419 941842089 454948955 959068050 322414333 697110288
15 2
704308683 544620123 778637630 797893146 68480731 779742246 347723886 664335255 678276776 297413956 344371613 309014539 807870691 294501796 631600039
4 2
798849550 58004841 701805292 32358187
12 9
797207189 467152132 458135923 156429145 715499691 100909076 978147435 978576217 583568022 305379397 809697046 624602114
10 5
449339510 54659449 260322957 350293173 241268412 824224322 463697057 650828170 352176749 226513642
13 6
101919487 348864816 661030003 669508458 128450249 427775922 724691898 81479541 412969570 706217652 579544379 981721825 902616461
15 8
173855661 993967102 999797704 272194139 755131029 12569034 156281596 383430591 829254555 17866184 22771042 676545909 603504587 396961496 178670466
6 5
452336339 805822073 951741933 900909669 6871798 926619678
7 1
734905826 406875412 478692146 418290791 21990886 235629700 397656137
3 3
805441406 357210484 220141403
20 19
799970791 957104520 221321659 512837786 825501364 334948583 818782870 480530625 365308097 793809402 57114652 917927340 486683593 943943459 92293871 410294190 796544790 200442245 844835037 548609494
14 10
871875444 794098632 345094243 420661776 851179005 763350760 991092718 68778499 319096343 193847152 407348979 526489723 355762002 641882914
2 1
832757249 727851773
10 9
156217154 666221157 711473658 774292916 145228953 795099529 230841205 765191248 533587976 806733449
7 6
374547104 361506951 545781571 603339562 844284755 944852565 447286326
15 13
56593740 899369965 500769113 953399283 868896359 556617380 95247793 221412329 239828867 45928940 18564405 211654085 925923313 930576703 26207506
2 2
147962414 772194066
19 13
767914307 155804742 129888022 766624471 683681882 109520249 245943379 66015704 193734765 103532372 707959928 656595687 728846101 655179110 28514665 758492403 777403540 874753089 7325654
12 6
165829773 825415383 169586178 309653834 770364835 519888255 859575506 309610326 150299709 586012865 572587755 908483422
3 2
933974341 79177193 614333847
1 1
806640358
13 12
103455473 656407164 696089802 511426407 177568909 176830601 845405638 590332875 711507169 239163594 767855323 564652412 484831738
17 6
278279318 801126926 641661871 699396261 606845522 201723724 379149089 781264549 616870603 46304022 584483369 360575149 694094428 846427108 534705429 161388 642491480
1 1
749148074
15 9
938522301 301367131 268505420 929136953 722328851 551694229 683315001 163123794 403009305 403232950 49721345 247404923 70647153 120238676 646622082
8 4
488432744 748817197 66081494 509397367 534929883 960674937 579834923 235700469
9 3
334194694 366171104 692466448 376013423 365651717 870215105 701637879 868048291 811741801
4 2
276213976 218420262 448163663 18287069
17 7
654259776 546595656 108769109 744405256 927543531 113715735 794416940 700016931 816419914 540737440 652742392 153888704 695930465 537714046 874046390 145227126 956041498
10 7
343695374 92152524 261482033 585688156 523205546 180786293 29898071 237253792 223075574 135605854
7 6
121550114 980855195 805129808 570930583 634065840 406429544 34085877
5 3
382329194 844964768 957035312 169278023 383076403
20 12
537156182 124306747 965740478 895031221 80947932 744722335 858553149 836586930 898082920 266474277 266739343 816740457 981850946 904160922 854943868 720293829 813873399 948840635 460970572 880841303
17 14
656486925 993945445 953738278 562803173 190231994 611181001 59434330 931061053 721493194 546245953 330175570 132454190 295988628 85551655 772963140 154484303 910509746
11 7
96863321 999800685 675485716 82449234 976012820 47141473 628050448 71539562 222926058 637547692 25430291
12 2
950077235 164812293 595472875 495300310 138505762 59634732 951382145 495446403 520871822 5085746 398924477 657131484
20 12
208187689 238343998 75856507 286964230 985666914 97035752 62177577 276470960 830421082 508350828 70068315 542442759 438738032 286356077 161749329 102811186 522351717 391618581 165643937 615017666
15 13
604326569 880351339 400250207 118737198 521244190 556335868 950619637 438348488 585797979 580155041 75845822 2879464 730658078 870492672 981752909
10 1
925655377 217567228 848871772 281926160 325172418 720723913 471725302 368037513 756808281 265929495
8 5
158894325 537507246 965968087 467462333 772415636 941030952 748048082 950322777
11 10
324300760 251081307 449174252 84381948 396163664 793979487 83729187 114177603 815146369 461132363 60832850
1 1
422231889
2 2
548151711 618560044
13 11
985758009 541886181 715790710 86272418 224975446 151487121 764596660 974632340 171093419 29483396 635440563 936822471 607513272
15 5
918581288 844976305 144623296 883173645 189647887 165173304 735274280 652306140 508365778 792973189 13649886 325096993 209403631 783389624 605099989
11 11
84817419 199263460 296521691 462837327 174669537 675865405 664371817 250959477 742156482 435022362 557310333
20 17
984627761 287410721 620048873 252355401 686117811 647159077 727625961 208971672 881532053 135611001 274037800 168180889 519860688 879803266 352890771 738439725 165423932 448302786 82183213 466848233
5 4
969028472 917185278 952318938 200367290 732587617
10 8
607284595 948018535 996804626 721192652 458885081 700549827 171081135 315703869 532853123 73968020
1 1
896190231
6 3
818319712 86415036 143477197 244968757 111572349 101866399
19 14
859043010 723968905 92621326 205620062 790714987 111049620 52618663 989703752 792061863 561761707 766329418 684883681 459469809 143767271 927427346 794587510 921473992 1596075 952854894
15 13
309262076 703461046 395360267 805342311 889782036 47752940 37616943 336618758 842981767 381716524 340936990 533939095 517982794 377910101 769229633
2 2
724945245 355759485
1 1
417092772
9 7
922628843 331376078 907745214 158527202 831084381 853853068 400959613 938315111 983024453
6 5
98312183 24362649 878262795 792481479 465663414 895706579
