181
13 4
125066897 499516845 661347271 436855327 700707033 279543806 445691079 705734913 930314805 271732858 14737070 608838734 654829865
11 4
235666143 605545790 739212665 495447645 285330903 163588717 1121235 643187978 91199608 427969436 684327502
19 6
246448251 323815730 300451597 447293906 786339149 288964095 197950963 836744169 211620460 896355258 730199621 328795064 936035450 184307249 241431452 310484905 539791467 42947030 745540259
16 15
389852975 238828232 3062796 344129895 582042201 246601280 252979474 873136743 366839524 534334312 366152089 566400025 619899086 977660551 131028723 866672733
2 2
509497202 722421236
18 11
455133704 522291938 641678452 769553231 552174702 993616277 835928539 925865028 131435151 132765494 46458478 387701571 497583329 185720129 369235071 509692771 29699229 812004543
8 6
785425444 689906534 717820697 749056037 210760922 103225221 37560996 253906515
9 7
754479330 894564693 712059068 742034556 269520223 966454327 255858070 750069651 716329984
2 1
845644435 707445797
13 4
757880204 792035421 107984640 10067220 510922735 372116175 380149377 894747446 687450216 511135088 305560732 747220255 28395354
4 3
325318297 362140672 63344786 740188926
11 9
30564386 237276783 662371206 944627824 443959176 243107637 713337248 547544320 941282944 56807419 708333827
1 1
26418645
20 6
774953031 838709053 876639503 489553955 610753084 916329647 354794456 856117697 806258982 621642066 531539277 273937577 723799325 808752976 382225757 765302990 522942016 988348698 181736463 146437383
18 16
940143683 61508173 683240355 881603828 50959655 741039212 821503590 950021650 508553814 428980088 499169067 220464998 94864967 843766720 761169301 605841276 544915362 123241091
10 3
957188714 880895793 680489608 910990909 780686600 819964484 112932905 975621037 142618198 344441045
6 1
621639753 522017817 154852934 469692249 84273402 301736619
7 1
215743296 489183489 1397207 733610287 215871160 892855376 97727805
9 3
711708930 269588740 766609306 696100130 33300352 134119832 310900377 333904234 918178746
19 6
769724404 14587056 235509792 241511564 304820245 748917971 629599364 261588593 231717398 557442472 891685140 945450530 412309721 458021680 618116071 693584383 196327624 641297977 694073540
3 2
264541181 898924589 774010588
19 16
399998363 658668089 784465462 650798518 984346759 787411350 42138849 263326449 369475252 106418416 875821686 484422605 33764499 795618342 97058416 746650335 840982195 184098742 301623893
11 5
795053884 920607269 624690842 195934639 121807157 464637946 244589979 753961884 624048562 922781546 611338257
17 1
849787840 35898736 121948820 51560314 132646713 106364913 40140615 786539521 152172848 864646530 685237141 976929103 544864798 594956088 748596438 546051020 338876385
19 14
302270448 317412127 16676346 844761791 923372380 734765935 760198706 903871873 236886473 261074146 157328072 221175604 6543858 796686540 179631144 38247501 654770019 466862998 362351388
7 5
718701804 100437240 716460444 291232634 52611160 741437452 468381808
2 2
16983897 16617550
13 13
290729067 390977727 432210840 85732349 21340931 150651397 628454111 49658534 664516140 879830114 803307887 593528711 526278117
12 6
474103134 412147340 111607468 994457530 548422108 379343268 863972226 901772737 162861365 999893229 959753831 575572031
9 5
279473053 335567392 435054705 207755248 919899675 383032945 107258821 687183198 566598567
8 8
150836894 585147923 192911249 135370623 854282435 330402651 233954496 312587299
11 10
27706131 771324665 594397282 611945446 109494483 530609525 342072756 203466055 193833435 704317646 633704833
3 3
377955447 593093803 460368428
19 16
839814260 732020794 410404085 678919303 231425573 682630771 363406461 190204993 177431422 98429136 502728182 124355375 549965453 655449315 398492083 270365572 949684573 183589583 263077291
20 4
563172619 363682979 36703683 618409755 740410702 404116899 974343528 671919435 671623873 466012908 518220904 445000377 2809063 22801619 571054450 289115522 213194691 164017744 271501163 598996497
14 14
21776799 564820450 131693000 235444343 111220160 485279109 920875576 386777137 285507075 193361654 426859727 65435146 705104609 595645747
18 3
847423739 953626024 246853600 131853332 310384272 54358161 323437695 920377909 548175909 858125544 998993156 534142469 594753396 769128179 236431678 808460712 209511529 509691811
11 2
588048391 70128731 605588425 49594796 923538135 193270736 920367664 268083844 366725752 282051068 516719811
18 12
605814119 172021574 250335062 270003074 639114723 751543045 303388890 94771196 674623363 926163834 642621798 876850233 105076756 399673792 502373559 876157033 271941452 418464161
18 7
769466740 71347550 456472413 688274507 988426453 461607348 559858276 672934289 34297574 206985724 217883148 99802706 809367878 142636933 446198225 873260989 684813857 997784474
11 1
169357810 26541630 663907108 960614783 466107403 805311308 982195987 869878167 916204422 225788640 756035204
3 2
781126559 893209032 212473768
16 1
25014801 478478682 915002951 334708083 643016982 478984062 833152497 21115021 976898119 473046892 990098582 646138844 27203271 340068177 562515760 67084288
10 2
251183344 496465177 954068256 1296128 105416743 845554587 652923437 140652459 201631405 980808816
10 2
28457620 796982221 487068641 575063244 902180294 335104341 355168296 675255215 416650598 19300713
16 12
38652778 104797097 94123533 771275410 672251379 559841278 539407000 428934401 747406694 878566723 354839557 608428277 445691580 154029784 102637653 153934427
19 5
578058064 829842766 60572846 134885209 742831084 530021218 945575217 970766138 330492617 40504409 785512032 522921626 94930274 103061759 454554247 790268702 243750803 181457156 155604188
18 4
490850170 3803913 604118626 393068408 11720757 993275423 746574929 844004628 3653654 316922772 652125600 312669056 841512325 5295394 395605358 395175267 145477801 262468225
1 1
698442281
1 1
837087191
13 2
207241359 686968391 999590238 898572462 839335689 963914227 533249421 296898020 907412946 164426954 561481678 375603828 746296303
14 13
692214400 633133021 449081187 402090614 707311244 310772856 513988450 819303185 534756724 962587566 8817330 177131497 39473728 8976238
3 1
475403669 690741303 526398555
2 2
915237010 803345272
12 3
681427885 463550593 872037438 256590199 375919977 907342980 705348457 532210289 111078468 607178702 75293425 777894415
6 2
843776214 121716682 592758339 722610194 624935629 961883611
18 9
60361133 206932433 122860707 649982448 596603167 901348314 184006938 137683773 455702498 50939788 253226496 490705709 174307821 527560273 46498392 771232519 316491628 94045579
14 11
251663948 881875183 14969355 403907349 959227056 304833868 532119310 413664725 158511555 549272098 424646213 903236312 163018236 422923724
2 2
662228188 776249829
14 5
945132105 80543455 290780329 15335747 919665192 169448684 216857406 207522189 420502724 364867581 61438401 381957310 624883250 608299064
5 5
959642245 105249192 109043699 856286426 418256374
11 8
907472073 941399598 581425505 385727991 582538039 987535431 747788732 931690476 966895697 848403498 472942094
20 5
63930371 683666187 628095225 799773463 846949349 669215434 332200359 114106138 537445790 443080949 188806595 175972788 939324930 95404308 495228700 46663171 832992153 961642796 137038551 741344071
5 5
823340397 707060926 627367905 229316208 330656860
4 3
504761256 975779581 727418819 585120929
2 1
680737819 2373262
7 6
433149668 829390241 996316726 991679594 64823049 830261713 329047823
15 3
774210451 628087148 381597640 381075897 491072634 560975500 987269812 883696978 62850202 161768518 165302409 326554007 33214679 759321638 546126339
12 7
137045333 343429295 145642379 113495136 477474731 90451799 468366700 773971802 126737593 865453827 120853445 326337849
12 4
176429285 381729081 295289905 353990475 763528094 376163653 85455880 77335270 396206053 108661673 659939650 417303090
1 1
970061359
13 4
518325115 992201009 31146978 465130264 703044530 414229138 582937033 926166509 484391717 826559306 657782002 879675718 882832203
2 1
765152012 910925873
19 7
505830576 156234865 731108790 632940905 63556286 436588365 613893374 593242792 990495700 507261763 959857066 729991400 757219575 499133469 288938432 462728268 445701131 811742897 741713244
5 3
298699199 49183788 770248751 622231804 738781910
4 1
704894697 847871568 472030295 348130051
3 1
322021091 71602773 732852465
6 2
468603764 687548008 479761009 108337468 837336073 349413409
18 18
472389661 516010631 366845363 935297064 919949569 878815780 113897636 182011781 479485477 541381402 698683719 201797489 85505286 143125454 830037848 142693337 477640076 669406668
14 13
845177548 1493759 540108917 374541586 655900757 178135935 954936257 808409868 739483724 497542354 737318098 666405392 971375992 519639646
6 5
449794704 465052606 510910867 35688083 179645809 79284110
4 1
716989005 329586247 664717106 831513509
19 16
821212542 272994657 973498560 165684452 826563512 260201191 741604941 133016354 135692966 626181809 240861803 438364318 443434379 499143245 786940018 403825650 630168019 218537209 738851322
18 3
925078709 877252412 169946754 921705498 98389469 403435872 593364599 479313230 48424165 48129065 331686205 920319395 241918461 73245549 85866474 892661125 230230438 878812523
11 5
925336561 6309202 949951448 868917940 187414783 783307282 225645024 861935641 125835694 947149535 584808987
3 1
41166765 83233348 310350153
17 5
476688396 696382266 298773861 544430590 586763560 694405713 478300528 12503442 774006340 122867331 41012850 391721283 330838409 683460972 241817266 115061307 655961295
17 8
757238903 978122057 254308721 155642442 153652725 733536300 612808835 743332017 726919656 736243494 302986125 637087207 155287459 536761761 669790658 85944830 662085691
6 6
316591210 253451862 376438656 642215823 359764766 343590916
16 14
193817364 666126978 599047572 940707413 37388139 718972215 328298336 752734950 283475190 128507181 576998978 166012501 620907628 681276189 196317854 733718993
19 15
104524486 884190040 640433447 346439768 45315879 290329618 158036399 344774118 461048274 729672593 453149595 817235436 940902043 316139782 602278175 455235225 77041724 124071712 205828103
14 13
172667234 979196561 577806113 730581008 516431150 575011168 920496116 848778439 807340772 152486775 588097938 901338699 415128296 674268298
3 2
232558154 125411271 362862929
19 18
753020944 527566308 55454281 141858969 841437478 746209660 770100394 762133587 1889219 361353723 283286873 396946802 723465794 332788752 231355454 278504354 389740143 502247074 106366963
19 12
77718756 352939582 637653054 596323065 605219353 307701351 359806100 344056900 978075348 751859526 483402255 604644508 75753874 624540602 362218678 538036171 115385704 653235923 968285391
8 1
504943920 430803943 281568549 523339241 796055311 764624606 652066664 663003346
9 5
548597865 627478871 496426638 733234332 886696843 642975962 850750772 993043612 658752318
13 10
437488368 394133207 270015506 782803897 975897154 680738743 353770904 241339107 637978892 172167957 304800189 684900968 162645800
13 6
285118778 260349083 238903239 290079299 485023568 530010819 797332378 798894929 454766678 743560950 263208383 45548622 83162487
17 3
938161478 813617424 116414500 462304965 225008802 85899779 602144764 754036660 862449652 232099416 673525338 114725051 840301519 591032091 256898150 745795965 224128380
15 1
297667334 195807848 584468720 508772932 128327934 559064903 646349147 213770237 209236446 301683853 169146538 827866888 804381844 128263307 3430909
19 13
872899585 331193206 122751889 419054698 62971888 417829184 313864663 69324614 213966624 935083811 330326082 74648275 656616591 767650015 720720481 721526137 576640963 345586856 154230400
7 2
282000553 941359860 348618850 245279717 525126307 455806495 484695592
19 9
228694401 204958607 788868529 980421160 993866633 33221091 507263784 254314220 844815075 637014985 779763742 576114082 527377644 787027218 204523616 847216507 462286115 512816098 446983753
15 13
338747059 259432862 584736738 140801656 58628054 249842410 881925486 60296944 712515511 240030454 792907786 419548176 38546640 11540777 541440310
16 11
845178136 266573866 593327508 701035978 870219835 617750654 228243207 28019398 190086468 973192460 86200677 955114354 905865837 158603906 886867054 21238289
18 3
620365940 563269877 279125571 592394625 206450480 810310001 80887039 206514360 486304044 854541407 52871034 971634257 339626951 551659961 722177422 991096308 624509520 761693328
10 7
935277209 61206257 758491487 606562084 384105868 656022852 644364784 866899915 664658923 444265912
1 1
21576997
10 3
821541308 721071651 295618383 127558806 54401373 621145443 363319555 489178185 351831683 340389136
20 8
470340824 625794469 400376433 534200654 208586012 220782857 276358148 140937690 194561033 566650913 601417186 443703167 518803379 691570142 399208134 551633081 958110425 579580592 87173246 379453287
19 2
653075200 315862590 446847791 447991004 123728297 539461308 206574841 679777027 685775586 318327299 727711021 40364376 829697557 724252472 930147213 561942534 406455359 504303911 566563476
3 3
549770603 651977635 813746597
9 6
942907481 880191438 510037492 195321629 683484727 802425412 745917777 789483055 190110430
17 2
361104927 84275111 42788830 985805869 399628902 543828044 250518505 459197042 849248758 350765917 902415646 61679471 802984632 70940751 307974717 222467219 707057304
14 10
687232958 215301044 292787732 714660732 155261123 93738156 30211665 187930228 60867328 814226771 51559178 514065983 296907439 325592371
9 3
93416579 461859652 923380039 613298455 81612775 947245659 208481363 382199034 354075405
11 5
960722144 851666294 415498552 563041761 468122961 153061402 642513298 336746385 128697265 67592002 971130603
12 2
524687434 793749070 194836512 400803644 431997779 836120455 954002070 805254840 314509274 422081010 439232150 410285167
4 4
702040316 335586578 668550150 5119898
7 4
481718070 681430278 37102235 290685706 912483693 47015137 773909191
13 7
453310810 285148723 861222402 248095590 657391617 969209471 8852808 535516284 177115591 960602536 778908910 244472523 131675830
13 2
898525283 536802139 557287768 193423948 442475761 342244259 15575944 447027846 585428188 7981082 940260413 460224668 880681426
4 2
693866040 354344890 534674180 673351709
17 1
749630886 18978914 476566939 364675762 861007272 852621062 156711710 178978262 525126393 427099004 377810145 173983113 332851029 174489061 460007253 240972793 961931511
2 1
188373396 80882082
3 3
797930675 143659480 909429493
10 9
687597758 876972263 974447050 145059335 558080098 327445829 111297340 267201824 146371824 689179355
7 7
104494974 210160598 977105522 994537064 505826467 741589436 956587797
11 5
916794243 663034052 162008893 486818036 6779333 919515018 243712178 879676621 213654486 191760555 571683667
9 6
690397654 704658682 392866569 652670480 353714836 346523072 756650455 788272775 427017662
8 8
607772455 562629993 316219880 701610284 531646526 659105630 375914256 499014688
13 4
912848618 888338770 547319185 729821187 981576219 963296968 955597699 756391661 686411188 61354982 183432111 579357325 146492006
13 8
40759049 501917532 652143377 811169347 909193598 452745248 529947557 319183715 117234298 112758208 138876046 178504598 422222325
4 1
540872280 189523610 367411770 796991518
16 14
100891228 736301375 442827296 914292181 283422644 273166477 670381974 439401577 218349899 712008005 664143207 346851484 917239526 270705314 579006168 272431494
17 17
540269959 872604956 170280287 501878500 33982725 570562297 50505131 763020328 661759234 653049808 628606292 446803400 985640541 622753026 627755878 338967358 33842669
3 1
835264212 417861331 80777194
13 7
144282045 733018103 425325999 712390567 900752616 405773691 467661660 473065157 388024818 506259300 207930747 865648227 876783399
5 4
459189148 807070769 600664624 490281183 327084722
5 1
383569195 254161220 253674384 347305216 975822358
14 12
676350876 927085582 483465637 551182959 429948244 495152914 926777608 397404353 389432249 477786094 781709330 276557682 343078775 864810042
4 2
678620108 440734154 787950469 972537872
7 6
320605035 449931199 463325290 827515518 765879486 750416163 527809744
19 3
397175441 176870367 608678759 427419360 797133651 687725211 982655012 419804976 165086674 262868867 606243664 11704793 673430179 358518180 425725513 278510038 776844915 260295499 995667653
19 3
657972280 347953753 808398465 968967579 173448871 5928345 507185711 686571161 409428866 562079788 903728827 212642821 865809739 334044920 116900046 730596724 309463181 583658953 777176518
1 1
565001739
11 10
64626511 533796728 678934130 859159218 510468564 459374398 574189858 146098400 185012825 190173456 232871162
7 1
358910711 980281443 723334851 445412539 356708841 461035701 556260758
20 9
852329896 722609404 493155105 453980490 413302500 213620662 690717189 170925635 938364220 855470054 583940821 174791506 563836581 519550793 896591217 477265869 166998406 687454383 151664381 740944493
8 2
927358838 521108824 99679449 378052804 828250971 555371645 319272611 69860572
17 5
249466231 733265695 238383109 188345618 666005309 434495335 809713345 187134299 186447391 278357937 884856018 604963942 683481285 889277966 264416049 796776832 382402238
11 7
925329901 141419289 663184792 295886511 506200229 339222785 793679039 814347639 612230404 79292616 346505756
2 1
202477499 628291458
17 4
592254360 323480609 297313553 29909645 802595033 287099255 121688742 650552917 403251929 30676618 136737315 274441981 688847734 234374887 35263633 168474426 429363743
5 4
393359688 263026137 736930351 104941965 621334747
2 1
660182659 911278869
8 3
684836968 116641996 878190205 774728014 638048836 18757981 248459428 747097638
14 2
988383535 175221581 904139999 630623412 57296288 639138643 628403705 929554105 104782972 998874667 354439148 44137814 152882629 90422895
11 4
128048244 102161124 461086111 919212324 356654293 116220727 894547703 897441002 253381898 579263882 950355965
5 5
988960104 177093783 966410915 544456567 68378501
18 4
308466728 183376709 897287494 993854078 510813518 668145553 878014623 432040534 158075501 647030103 875209902 953609537 755316313 798489907 37610920 144703395 716850816 191987247
12 5
750521645 730649643 269661737 229522881 223148161 269019507 509477735 175104325 692942403 88500705 331318420 276183635
4 2
872517477 773091519 389340957 953386472
6 6
169565636 877373983 278302259 149322786 223202700 718174508
20 18
837228587 898945170 360632408 918827783 479855835 631297006 333630102 652291650 714065152 225200577 275865874 13184411 307892918 354617481 568079867 868935533 992738195 304998819 699456909 915194400
13 13
98101027 530436348 849480017 980923249 294191781 50414377 88331093 961492640 385513480 454097681 275759514 997431835 266824948
5 2
776933533 518963917 302956095 128176090 481958615
2 1
400966256 993155290
17 5
785929558 813723292 28970639 903452775 187065332 564230477 47985501 885281236 465194156 836049415 155661554 586813704 427818792 748139231 431568027 458638860 203794057
6 3
671729643 522570115 946204461 103189501 171665844 161917166
20 9
815909256 440921494 765153001 99612565 164626770 272232852 925449735 609023110 580888957 348220109 897528662 14389164 592105948 598055857 902922772 382958747 731897467 40431492 865707623 421496977
6 5
595205585 959172451 309066107 405762513 709187369 907689225
3 3
176046393 950162997 645804031
14 10
795284029 366481728 714378113 315852643 419925386 346546083 125501251 500929391 515472707 495096936 808646458 914280300 796595156 343881723
20 18
5698212 464626574 819013421 680904568 425437323 874427303 373908008 750993710 353245027 417994738 903472656 668827989 966550398 614886265 373415420 716466958 195951533 465402857 342586037 506948602
17 5
673108836 660580928 356973044 666568280 423183255 180563012 769373161 539840195 957962874 584940813 276445385 97815543 801484943 234596632 48177183 426032764 115752431
12 9
103570732 846019837 609758931 740101681 289969626 456521431 203480756 761169878 762735796 334288129 821593778 225909863
7 1
725691919 454877764 350822023 557823527 734285017 170312580 906043460
6 4
387583986 821307617 508020478 377339645 968938158 350101155
15 13
779012044 388249012 667671724 105361739 129654704 224153319 264274540 882893952 28491431 883690637 341038911 101281903 550294142 678207634 317666716
