152
12 2
951728451 179092744 828166968 835909090 281439508 377674427 208519380 902382942 494095626 492164037 818645841 341222280
11 2
154707164 561065388 744476200 993025914 715638021 859540091 902105191 598365392 310386407 311575251 462692063
8 1
83743539 915978869 124030111 216055708 997633260 382289611 879358647 812932720
14 12
198499853 59228714 867427807 498634970 894865706 30172029 730381493 983542915 911041139 896009995 931449606 667824601 691334530 776117743
1 1
3473521
2 1
832469908 222518173
3 1
722401782 795705015 221866120
9 7
980462484 830386678 489217886 762235006 391596596 984243084 91799957 362184991 609761770
5 5
12846076 27953912 364915287 937435422 503390879
6 2
5483110 531762015 91421498 918095678 401410058 448129217
19 19
346960235 728348823 365493544 928289950 320513625 124022240 694986676 203711261 846543095 297378429 477256965 155734631 704460175 575461088 536145164 532299437 1828471 699784139 587224734
18 2
116272742 307246113 141407793 113618587 952511802 809514251 973019860 782957524 297487744 668676176 33581645 982033084 530476529 173115893 901513604 660972012 113417044 241311138
15 3
381475619 646868204 575094511 955517768 872508649 751774217 3564725 635035543 255042112 869843393 99301506 876008203 364700008 154391178 399200411
2 2
93013493 439325717
1 1
166885496
14 6
590442289 306140869 550268401 970537722 832454644 733742877 970843606 921637819 81395456 802067128 948158467 728735056 45197114 627530986
10 2
12456359 152766227 835795634 938204720 68004674 18763704 134163740 313777955 961569564 482649087
9 3
793800438 174579708 18101979 289585983 514614049 304350319 36197685 287123198 486054383
3 3
988247258 715246468 163210511
6 5
661168582 330362146 781179881 443979077 810422377 720050889
1 1
613967386
8 5
720171723 428372111 430144055 366330235 592688186 484600066 829368919 216503766
13 13
975278335 159505891 322119351 292169448 683411291 348506504 289948283 443981039 511471788 181264591 384019418 422421825 928507766
15 6
856603630 916889340 424186498 924842678 402706902 976198457 160272464 52614785 236995832 981668431 48821834 883806996 239055728 838670283 563276050
1 1
121672864
10 10
309477190 418160154 134641663 869353982 425274953 297732161 503905770 201596004 269882218 424039503
2 1
912112092 725358154
15 13
435331146 672661436 519129729 328147827 344242799 288757056 80228686 729752025 322013994 507744079 315871589 892865382 203374197 522717071 251287962
20 5
609090800 621433536 159853724 676413874 620807799 721959400 330056775 987067503 124810292 495804313 539719755 301840036 547833342 537002863 438558480 856452077 73515794 456676958 804344436 856407633
14 6
995361102 11873803 23896283 799649102 482094977 883222571 216203386 415004979 374789948 811702614 187146916 252476953 707236514 375254803
4 2
411147942 478251040 302372303 601265132
14 8
893786168 777760617 414543104 304086982 412006017 735056940 280267959 123642580 403829796 52631795 5439959 497455687 818511639 74649612
13 4
202035472 716490096 391433422 900023304 896206241 480710349 778145097 748792208 777147540 450950995 840993566 370301776 17954133
9 8
343572519 716295078 209387427 122444583 695245386 660939127 799554105 506086944 345468297
18 7
526252019 528686658 170608830 649378533 750960314 330728087 818759015 268631346 273137800 393397736 177460959 331806795 382787601 72434651 417021438 291990553 17090954 35929170
17 2
224085440 471911778 272086191 738139796 690959751 129761372 941505414 418379774 558750599 587720567 923035297 425161140 326796495 220498117 128050439 42138217 870731954
14 11
646160583 221805179 419024725 771573234 808591066 751004034 517931486 795345249 768105632 245743762 770072136 397163890 577375665 168078325
9 7
460116880 906804629 27137529 844496823 882853684 599481421 316562678 729545446 148522122
4 3
404942971 940156197 403529066 921458207
14 3
167190682 641731736 327850374 694088458 722549337 323377983 572971030 821370620 68039054 895590167 605656417 759286879 425238589 866627663
4 4
796314672 601538641 842193372 420400160
2 2
310408059 15616362
1 1
169173966
2 1
784327785 401224137
8 7
792369398 249592272 637187859 250285494 644676440 992251229 238681345 289337116
14 11
980930298 327440838 333552745 227523598 66665497 530578202 741384800 915532359 231603846 288270009 709021330 930211350 237429018 517212245
19 12
312964201 864192768 856174750 728296527 398179936 522888416 949004881 129902404 470163150 206776986 439476274 948773300 907200811 947339170 998269555 585352794 964500265 72572587 528786362
9 6
924713924 751410386 83541338 722719362 107702862 215408618 449775033 313381484 614696784
4 4
265673167 929268840 792613171 88690641
17 8
365452294 377961968 15244356 920179269 160399771 822998771 853328458 382708413 481956528 371214184 93416940 228876576 258548648 997341165 883330384 730180427 782728038
19 18
150607228 232018648 603613354 639323403 546809288 634209268 197473852 34651446 745109268 998328703 592652548 30326773 781920003 6247800 687249273 623847413 992839282 857201129 476175477
7 3
540483398 557297716 530307019 207998294 441304598 118635028 649088719
7 6
709754524 244613557 435902751 838476604 367712880 504678129 85100948
2 1
322151508 948720414
20 12
230949621 709980699 125168666 395676849 747455040 189269524 616189222 83032816 824669450 717029917 499041395 885052859 196447826 200633382 753312079 586150246 878573165 556568821 446752581 929349425
6 4
480282237 300732934 930343581 320867289 635031379 71831928
18 11
172815139 594136804 825997820 688450170 408702972 540876605 398299664 702972107 989822788 203560821 404503910 866969988 390075797 715421442 137469046 950407987 226110034 635635587
3 2
813189087 178679999 135610702
13 9
782016227 535515478 625858065 888222298 702048811 749195023 596001675 476274391 250999265 662831028 888312870 295780880 404787136
3 2
873578895 576467720 866154673
20 7
521532235 993942941 613203446 110083204 252631075 216811164 597264781 409292324 492094820 131714301 65903777 952202015 531688187 844023765 851961551 145859870 725097911 906212494 518109027 601644907
20 1
260492416 511297891 526321639 840039404 496776444 464950442 730955147 558497979 996755427 204938557 958112751 481057647 48017241 949624717 437613121 317945178 722301088 486901645 90403027 317822474
9 7
511382958 393415569 822371661 985988753 294024253 738922324 673590958 355710546 719539434
10 8
704640066 306776681 89884043 528671642 168088058 561916699 204501731 619049574 344028985 833037344
7 6
745266375 32641717 811873520 747983504 103265169 32638936 473011908
6 3
223282597 759029984 354521377 255166582 467915172 270638924
20 5
907966598 471180194 323698545 788625673 814887032 726348570 945805603 883778326 485541635 823108187 804430556 466434551 529669420 798403852 440237324 558885582 728818038 79869989 903102950 513564233
20 19
407242882 467653327 951934889 824846247 954156649 711671188 805662112 156463756 689015118 67021904 890758114 474089084 889088850 695499064 790324449 564415839 617973072 419680313 992960746 214389447
1 1
458491087
15 2
747543811 615929219 71804931 126083710 987281817 909374506 328846721 186288301 710703335 445091322 811164725 897318398 935402367 713683564 409466420
3 2
836903740 103514988 381078294
7 7
247734012 198156156 863112000 16787600 718504391 694477950 436489663
4 4
302078092 773238981 286739834 906402807
19 17
632731635 32151985 90169351 345737508 61766646 377239486 906591855 586664938 818372267 120045567 695219762 568154472 856570824 963585517 123077657 878834298 844031569 675491418 480942878
16 14
315690958 461104111 705817796 753109442 735115232 772917303 791897 210630633 119951359 663304128 844149388 732965928 478144142 570751674 544728712 436393177
12 1
344968447 520410469 716533708 31019555 627128897 321899812 586514599 30517841 747047216 726789046 172699744 889396635
2 1
433474255 30047890
8 1
247269950 423896990 559466355 283508682 583685140 307009881 519856916 100051526
10 9
379922778 230341737 615602969 744579279 605742665 819745200 647922660 775065132 840383446 552545441
3 3
686140523 751392627 145210408
15 7
279717552 503068678 608855046 639359202 666915747 933088320 791725295 581940194 169909741 779718865 695973516 490752463 404475086 318273236 105635029
14 4
27778696 390769119 351830609 42603853 880685593 905722269 113057171 372010333 940960291 34132954 33262456 125980613 44408186 659873580
15 1
408905659 899545792 20006036 704882286 792864979 820213293 677225904 487602625 515536975 491491349 386277928 944432323 348515041 447524523 438423868
8 3
125706563 61117224 422091645 962428890 351788783 945201652 67141707 778892420
11 5
446916452 956583474 830098642 940605617 153280452 864005391 726248795 553936683 61889500 868541981 458864022
10 4
210552991 597287541 624229925 508515791 707805953 924888812 784776126 626663007 327273898 565890278
16 13
814782099 596194154 604692301 26180556 277329305 81016834 780952209 102424217 70321041 349259582 898326369 804133350 386093523 156170295 908995398 628290977
1 1
54474933
15 13
29234343 961367960 919331135 708272364 48520014 243729301 656722109 742038897 659369017 439440854 56235885 43235292 602290888 243001957 512764294
19 3
864116833 733112973 199405536 654458013 252575396 601693289 149522789 979737463 520931854 45641178 554977557 411068271 820915316 933073130 90318107 126550871 622611982 226850853 796373567
3 1
317627739 636010682 368499647
5 1
456355629 513648518 243505941 281093717 842307851
18 14
726219802 882765171 94114521 941516226 747084239 424442607 879708927 405145857 28625632 137810273 290964028 356351800 981078845 775396488 20270508 425251777 180407509 285277610
9 6
365378668 893990449 851934016 467221168 593578091 875088622 799315619 186770578 329959817
10 8
940381824 252416427 627313341 270145767 977401138 969606513 265964611 858707887 750798747 387771656
16 1
377149826 229533324 614353095 20721955 112799949 413717352 10912534 193118647 907664895 684240791 136920396 243615383 709488117 923471504 83059279 486478195
13 11
798237767 696603553 483857146 787186038 640501332 884521964 61299893 35163894 509162970 308512342 596988843 394479840 201487964
14 7
286303712 744936798 663025660 578438044 763983252 780611390 566604754 665208611 268277870 722452417 281097357 888095767 751176828 458305436
18 13
994989900 776356761 334520249 642137477 864843998 379911080 591025235 494705546 943977490 517629646 564265525 269970576 69189756 952626479 7927941 826148491 624752039 216735855
10 3
928597994 392090748 9980690 419909799 440175581 482251828 828381994 585917298 128181461 337622604
13 7
468942806 861037451 625962081 470938997 477684829 372788715 481575931 369820848 376090773 547397559 285980452 250126920 926677888
12 11
542330300 483449859 973668339 343056196 410704376 739924610 333002959 11959710 829649746 361774356 656476270 199761181
3 3
494134205 307641735 284919771
7 3
764590569 318930911 710707531 493913248 856912795 791769867 792326990
12 3
1906976 849526686 456146241 9674626 4776848 493213941 878344540 123963552 569310678 304706187 734215664 939584060
2 1
320138096 977240175
13 3
253573345 921950179 567025859 171459201 60748083 384061961 861072341 754275615 598941381 693059275 679562436 495259797 910335866
3 1
379356762 890405214 620803275
15 7
102178237 76417565 608006882 524100072 568824441 989699197 797124530 161813513 747900756 683694037 991772069 4749318 503104083 96839149 909745977
7 5
247442091 671505999 467719555 404096119 606766792 440218668 650839937
12 3
990297601 995683833 473060820 861026430 302300080 473095023 508466818 403418359 1919717 665063320 221128272 224530633
4 3
621689105 255205231 929999 869443557
11 11
130918006 216584954 790958786 406049698 791279915 325443991 421498752 383036223 985229394 9169883 453129598
19 17
995006013 829765583 601812510 720218705 192568949 180610549 598331656 691882035 691193544 318142656 922486682 87278828 913830383 468086917 519515975 414038592 755656289 169784371 318505723
13 2
597360080 296119786 400827805 379117435 236135289 164653995 972855347 415538170 51292392 1172455 650975571 470079442 861438639
7 2
934162476 894020354 206248716 195250046 620199034 111621852 422314183
8 3
446494963 831932829 693038830 640277323 736107504 277758903 577013721 386640441
20 7
410648572 815974986 925469847 752864283 164798030 301550789 462763455 906230512 366684877 680258310 178119615 382180898 758769799 46525235 784335351 791207550 507441132 538327180 499165907 654982007
20 8
633475584 68917294 823671066 113848224 367078713 858980076 158577273 994032783 371451497 189937382 899119003 12088259 604743246 968916117 152526121 858789267 307400192 208866220 778190990 121780037
9 8
153774295 15673126 151960510 58104394 35377881 778701696 55205973 219796906 509357681
15 3
251826777 422198371 305014200 767990787 315265058 262226791 825815397 977847967 319436407 749938934 493629152 47087618 925039630 801067216 484565627
11 7
60565701 983228009 180612834 480866093 588815478 465174142 878756776 963512604 305978115 273205268 552406771
19 1
836188981 525839930 865006323 21840011 322309215 230248978 174777260 60561492 141791327 676109732 995108315 791516649 212794520 220390391 169068144 431711597 23814632 931309891 443695498
20 12
456796506 295433989 412105273 383100309 145464283 570815739 206440655 647080703 420827196 38489256 77721863 266436421 194203503 742327756 449662855 6485096 688279983 507337344 193406397 198323581
6 1
77250207 253363503 969512109 813409460 498263446 413065283
12 7
233613885 273813430 153898043 361259053 42511716 632029933 227331086 953535668 571169012 791480976 927687464 931514891
6 3
816351343 730056170 694293263 315070665 439664134 666165433
6 3
306035430 179107753 818624477 950955464 482506349 673474459
4 4
951552586 598769378 728308277 254166418
11 3
82587039 908995364 466698180 493926654 654142942 548714626 677785107 33236846 7267998 600538602 223203892
18 15
458010420 13975109 63167547 990498757 978670334 426978483 790165470 744104800 389605717 89632016 937349678 341149025 961122533 388597884 681016116 623406799 486139012 612669786
5 3
217149845 735784769 127837001 894905489 114956690
12 4
738672876 195073658 392509945 965414014 21992603 714363876 438144336 369329658 973646135 34641118 817213959 896869646
6 3
112933157 589505031 944904324 388852586 191439454 674408174
20 13
261299351 272979441 208755700 721497340 623137270 621461665 432077278 556546455 324444780 638300463 988646580 985940511 250487449 375351782 363251418 283812920 606163980 247424531 909103964 132076950
14 6
596709457 276904563 118996812 640102920 943655700 213510217 282118891 156093302 848679683 342917942 4116557 168141254 95731967 423517886
4 4
473919749 74039653 976921501 540734448
5 5
302724429 542988478 359071610 805916219 813341387
5 4
203231425 576606356 414689371 159224267 189014694
3 3
354177346 644312444 458895123
8 5
263542082 782824849 480542818 180357360 149884831 78988688 642296013 573296680
4 3
18251750 550224535 865728713 384942361
9 6
488583178 597070727 995481862 810633677 492355922 726171937 853454230 115260731 103192655
8 1
861073783 967373708 399963502 310973741 571646811 501259750 233907479 748396136
19 7
216033707 603945460 704524939 420989508 639054064 567418401 916095990 404635890 889142811 694896374 116161586 154044 537050113 576309770 351270634 826655404 874626544 494250484 877171678
20 7
464723879 337089636 134917985 987289237 210586039 832989021 764069330 294875990 478526641 935243936 480203486 596062248 815685895 40051906 238971874 873032087 293191249 915062117 923540863 724250271
18 13
588857333 370745761 891006263 611482939 901851496 956829988 708200646 193606607 724248837 473098100 2567566 253258688 756531443 335822884 360158867 163449880 103897620 618417983
19 13
46154171 282660950 597146750 457429036 503970326 589852902 575402026 192044869 781704072 202521974 222137082 49865069 39778757 467779088 932589589 27656719 86303143 309180952 20964944
3 3
209498024 340069029 357323428
1 1
977049208
16 13
291914151 830817897 638961407 908922810 666513345 312169292 168923451 831107077 407104326 277025846 968223122 550603563 472978352 942885127 767885807 373303976
5 5
720507660 47828212 657016968 725638467 460185119
