163
6 2
432974417 476796241 318062045 438550872 864478267 928424378
14 14
404975835 716996895 254126973 367553053 232017441 265220175 722752677 406331488 249565246 776831239 802290882 574435821 534604428 511718218
17 9
462612382 376784775 915612588 399532140 653266384 768699293 515401526 427231277 266053024 406560622 443048861 278052604 611325506 594451073 216716553 674502960 372753466
8 8
459858326 794386460 135049926 927030016 535059871 106088286 487144026 896536058
13 12
397818344 935581999 18432498 887108193 414143341 931087341 391135685 457695521 502543547 73549616 585545341 712649184 242520477
15 1
452236058 421016867 756265669 721796895 224189919 285308597 476995632 478307223 426835588 244016592 167258127 555654347 459580078 364345756 520138612
11 9
300409972 135158595 167882218 998201297 993859439 129119370 288261703 177029308 219441355 55190052 37929614
12 1
501806261 204090486 377388161 401390638 358590747 681498364 396162185 321288994 944165820 637922520 886370798 943215865
19 17
17221599 156140407 299837697 716439866 855914498 121613698 1450056 6764326 139200460 761804555 891606490 483399675 845736309 673935722 199003041 415258937 533168189 59977436 181765597
3 2
882722850 679446353 746723414
16 7
900106655 529731580 989777164 851976937 522497434 190307216 719861330 184429618 576656993 769603518 388201323 960696050 250186180 672999606 370515193 633026946
16 8
840259769 148397149 985525096 722999592 69151887 90301275 135243552 915359318 965522450 454472544 690672683 274308808 275028957 750603990 62906547 894850501
10 8
103783927 224303368 360040969 637541568 371511947 817159344 43007019 752772545 400287888 764142276
8 1
678518619 876188349 526597510 689755588 446852044 457234394 579756209 979186983
12 5
762551675 72901042 624156961 853996709 114625445 607621149 248533976 876151219 506860756 961760516 248746310 923686779
7 3
27747959 539188939 46628272 725308355 162244382 355392672 571765545
12 12
39276853 197483499 70246892 979872815 144281977 66080686 959217360 971497886 59705806 959965702 657885721 718471248
16 3
34497237 230197649 572529546 907163731 149584756 338012710 584974902 701634544 250916658 495770340 836734136 256638962 869159890 779010793 852446823 688777907
5 3
948081615 771757248 420141596 689352077 94397214
6 5
793073793 187625569 62466612 836051268 236352265 750185881
12 1
579395004 403424961 22057866 232979560 469822320 563103247 702460199 933159736 141393320 839097272 679287567 660916491
1 1
829270308
4 2
564530528 76991166 251701928 852500153
19 12
483716308 16790067 795627398 588395998 14161041 281159434 662658423 750219288 392689776 769730387 428243359 668188148 871610923 319724199 108828419 474043275 848574520 752473031 467383534
19 15
432595997 370556783 288773161 792647226 726655998 573053440 965272669 631844653 720808218 124956331 151390215 492284575 961509292 623287411 39944578 998329105 82291822 131984770 157498123
3 1
797523867 205349103 797808458
14 6
516329849 632899756 68866035 726294314 554817862 453860805 336666958 879223617 249186757 793314811 975806627 846414289 507179871 640169962
20 14
455778333 479664862 794877442 573476589 81807032 928185532 757596526 693208667 68204535 568677457 288276662 835354738 514546844 397356065 472841196 939384008 231820908 359680712 709854969 802281617
8 8
263254437 740995858 893084903 593914070 550745257 535466771 912233078 194842740
9 7
233189761 674177492 610914577 698280110 34302674 847816078 723870817 45034290 19970215
16 12
148352705 881054781 538320153 225247586 720533313 62081219 293752708 702622191 126250649 745875992 343411913 904444360 351900311 991582978 655060389 154037180
8 1
11602299 385974617 230982854 69012460 495538174 791914125 943718962 447654173
4 3
866017673 713960117 815406810 407845782
18 1
941865901 402536551 666548050 243548096 350720892 948359749 422165055 547670616 972573655 892678939 755191942 634440538 492131077 442737080 631561027 26418220 629485055 642666852
4 4
4938299 734684382 827627770 251114065
15 14
998344024 336091742 585104083 298042351 414404027 369476072 417867664 871854620 719735679 78600153 700557322 304602741 916385590 429404191 724909881
11 8
149329771 975813994 69528758 319647674 63592397 256098422 817509224 496985875 448003733 218399061 913078874
3 2
110298437 398989589 236117326
2 2
997001420 306827179
8 6
464405497 361932615 236513609 103536771 917897244 708782754 446933990 659165414
11 7
723202037 652289229 782723980 75776489 338712588 655926180 82832551 495602410 783490208 771262151 104901526
17 1
180058992 933665376 890310344 210828493 207593272 721551300 153319993 264256644 75117274 756793589 544999506 801967119 209818411 384788070 29732587 86251210 359881141
13 1
21203229 54113875 317542102 499082393 261713770 962319906 899868700 949916620 631581813 917637915 471333670 147280027 36582844
2 2
821200502 994626979
12 12
469316261 491319467 963506597 209738092 339193150 992243708 500160468 434035761 984337439 479593479 738654218 848162610
7 5
473061455 762803455 419333920 245786253 572581829 142872708 418779854
11 1
949940589 292380363 484645036 950258198 235780127 227678341 512310691 339334544 750558886 141697777 632061329
18 9
671138142 175402406 401752803 689798593 596692388 60146819 45443084 19450283 140511638 483990445 975015551 660702565 285643601 402504989 479517920 863070486 558527474 887301338
16 2
559758207 341322124 445797702 82613388 445532712 841181733 469920007 478645089 307996118 179584883 247695742 469329946 159102683 27689686 234590811 805471421
20 13
99447982 764262388 234654957 576872085 452134296 339622041 37345141 933668741 110023182 341245117 236955490 851854667 589810747 982305892 978987823 215234409 56778940 604618313 634780852 675921462
14 14
807028072 853907928 929921191 826214329 780854962 603045306 299666000 576886238 235041990 12115622 483643693 924998037 668188195 865886065
10 4
567390945 79923867 395895874 161312175 819425540 829285256 682854212 496826828 760944604 740658349
20 11
114817196 868751107 353822074 531326376 191318869 268254555 75309647 429070499 973832145 494768626 353581986 192412276 585124223 262640310 110795339 575096091 976549115 266501956 100658045 315764435
16 5
519676403 705339176 463734171 512429773 869645901 126437293 122428503 259686375 418690001 696207886 438309775 430277518 345252120 176629362 396092234 792652584
17 1
964861521 647696745 277284831 493397848 705515078 771981783 305369977 499125316 361358162 970902146 309728331 33209028 718315075 258392817 187931289 832469407 442932001
17 6
864917812 84601590 732434611 578337480 318909158 284150705 631081243 175594537 467700810 753158234 546029258 72210998 667868562 192332479 594759182 740630494 384691232
11 4
396808867 447066300 820093368 78984558 41201072 391075187 421052792 574170065 535757510 203945924 793240445
15 15
496458486 623811123 784138249 968918369 762268497 779017445 829086334 529782370 732371018 976480817 887073365 589829623 195477469 126137779 21201985
19 1
555957983 363349795 975171500 645763902 820387267 806274010 157306318 130898324 510451940 478232911 280355436 215820261 71630624 905193553 962079022 521144074 39992296 477887888 100172806
18 12
303956215 539916850 671447355 127221465 920046494 806120099 269798590 220834092 859919734 274465044 384299665 907825097 232576786 187204141 645321140 581390488 186152957 491941334
3 1
554195512 683391314 75370502
7 6
945749641 841617391 704334453 838388023 794123026 941493495 928706130
2 1
640715744 517512714
10 1
842133059 810309257 959575886 452883194 856092767 436089568 550810226 449843984 252705535 689094029
12 9
21232707 346094148 114120536 115083297 199268226 49389619 856726759 79546225 299036092 431460961 197005785 657185066
4 4
61266523 369074084 726701403 417211261
7 6
144794663 627721948 38733577 300228542 714109255 446093955 438198991
16 9
997104440 69694496 728927315 591552264 518810083 535419547 302326318 289867714 940852443 108621020 188765555 788735000 212065344 100011236 489503661 497265713
2 2
391934414 132303238
3 1
520445250 278367079 550998203
18 17
127666504 165824263 205970464 777945592 14421497 756356165 535879949 604910304 422094245 774791059 280960726 273468409 800351692 72440397 738774408 137170682 698364791 521584831
14 4
289342273 112312964 318888033 878056546 894886897 197435412 569169751 354669076 714218722 334273818 447436426 460203869 307517235 821214089
11 1
856549863 205610856 589686909 736630024 747690870 975428902 889698838 537751532 48126913 44100443 933847866
10 2
886320267 687483750 661814777 675389137 997084322 786229250 396443179 186736674 997410688 390711287
1 1
592157246
16 2
601602568 933561304 31349724 931904622 419409504 780415610 698099668 28268066 518265211 233720999 959632349 148459369 532163591 463109682 102332618 463903359
11 1
714472104 684247687 979564350 475290221 125108489 509026439 118698648 705012647 426237323 761189238 133191045
16 12
7917994 295011649 331671444 127695877 764740161 480145877 449935149 838814676 118756147 317120439 940008899 338860785 415524648 127665072 534797994 939508357
5 3
619139831 624983047 776255788 813965636 734488427
11 6
283177071 103313435 18337871 602749689 784104045 810549797 644581482 191208322 188434876 266933684 896821858
16 11
123132155 503474551 861269741 68707453 510712129 235565414 568606539 196004096 441977965 484599201 35838456 66494237 310666586 716083878 395042685 700464738
3 1
195048974 836069388 724370537
16 4
299986540 359451205 258371953 172815646 504189208 835715645 153654974 132724105 728097931 743434471 9127003 718687325 163611029 814234853 737903941 245305965
18 5
969329272 382012301 495410777 428724733 831578575 294078202 617168693 196990320 142420284 233420363 438989137 287867869 275141928 740361958 605237684 594848368 839605167 130326318
6 2
595952008 838964607 580084201 711938308 658327557 528366149
16 12
771897948 379759468 48377807 269023305 60570512 487027790 671054895 12533250 257318956 869760964 655485770 181196710 836500029 524722247 470769925 542188001
11 10
795959876 301823991 832290601 650922219 224237472 677316956 583210393 765876916 730186151 753181337 901009514
20 13
348353417 246777129 903494823 601021471 56626544 17641305 989035263 173500897 695208115 276441867 511599411 229825452 514873923 686986744 652317054 135362385 289417313 397332343 212841814 414376256
17 13
918467863 930545117 882327701 795548863 103884466 510678974 455246136 59839970 621588685 414293358 589522270 586048654 201388230 173887687 59505132 867348332 938373897
6 1
935831946 781056628 148022566 872126374 172286990 956551259
6 2
772579268 157121712 680731873 123884676 866379428 660404394
10 7
796490487 867220063 335232020 496668756 149789113 723133117 486428737 228217264 568185807 287818582
11 2
716759066 279260128 892428820 675949056 816525209 715031194 593783824 231171002 181807934 760438514 263207194
8 6
247837321 526183464 78590247 115752746 459089787 802447233 801395021 148418643
2 1
972792320 433941968
16 1
426030643 886092892 20540041 489560277 335198707 777083682 22322930 337305786 709354823 943820421 613892470 176580886 714291437 175960890 737943840 113306560
10 2
801765543 745973224 881076146 807210604 460954618 307235769 135281535 615686630 806184211 378178175
16 1
399665551 156970712 546086573 213800833 17758226 341897200 746648586 40753882 572963076 97538156 156600566 389976586 305322129 396987124 359629107 584830548
14 6
264356548 513545956 479745669 77497647 738352624 391992515 848251156 954824912 136020053 902623930 819085208 158983541 375157228 788081860
13 3
657896487 655952761 250088747 335749100 231784130 152090073 81008601 491764076 246781822 583014320 769958894 471243835 160065834
13 6
864738600 968911359 675079206 111227504 800701701 109546276 23078160 871578060 602303704 284409470 917776917 568927654 942725097
8 7
415137241 641923411 672528000 156581515 22935765 937007489 614577809 919085854
10 7
418626224 280216713 841375080 284687871 685647412 893429070 566913401 102269396 868710968 169038620
16 6
456882959 602043396 461215001 180131000 528863653 463376096 715312631 67125031 359596674 938061293 949466862 736832213 244707257 410843450 471667573 553530760
4 3
277686320 705707675 303515192 215285709
20 2
973089285 889088457 825158162 959710635 825543685 612937318 622751992 811620519 812948539 975808400 877418753 992783774 431223961 348084803 696847793 243529062 731302756 15548758 632281897 301351355
20 14
300597626 938516800 801350200 96872672 631077892 160588229 838539483 824389629 661765103 994660380 947049860 273745678 975650945 557398610 464064726 158105199 549343983 86716870 783412905 22535254
18 15
536082400 569583096 888189181 879712890 368780818 262141187 780986797 935520237 695440490 120777165 137377263 704542413 950761013 16089141 349453383 299530042 987991778 450712729
10 9
462680497 264944258 441034959 285673068 470186614 323325321 193799477 656915109 227062670 633965911
12 1
660795832 278203922 513721721 702630124 525482531 156483505 799639280 175474362 945844718 673747070 764228722 230308736
18 7
361332090 837380633 723184699 780043601 881284780 787818802 601540542 744767401 338929213 160726859 203525911 885659399 392371386 257966023 195264865 332560103 28814329 47113148
7 2
456223345 654513436 136975276 354763984 812208804 332994279 694877471
1 1
754971852
5 5
648571595 955139804 256545603 122694327 487967448
17 16
549405745 930733410 667750852 469252815 532951570 760424748 479756642 266032665 375691585 94109700 702743041 232986805 420106345 551512459 443187561 710146388 901518298
2 2
177720633 630967455
14 14
782334959 179990564 459359284 901065548 144967294 215928172 612751398 768500109 896394233 474155130 756585497 535713191 889436060 180549371
7 1
249006261 511682787 953544101 969160867 833535776 146407402 749087760
20 8
678799230 606132321 56634073 775523506 278512629 820470586 842619858 223190170 438646309 817275528 695806449 216618788 71427960 449465116 295804260 241536636 471932187 902803257 655009887 859131851
11 4
749427273 126880271 811268124 548946140 179182665 79047505 443632981 709766093 684546888 60981915 519474105
7 6
74492334 215125276 50910399 44004127 427113508 801264331 409507138
15 13
380990601 693179298 250430224 423638259 831168421 927722862 633216413 864503985 684990837 109124654 518871518 696376318 584647196 821854514 443970597
14 11
334491702 685783627 41148397 690687056 270378559 832672780 426340605 215663221 640435509 57380385 737211969 768377278 32808632 852869525
7 7
726399856 709493032 642620350 49510912 860840614 725615919 463732829
3 2
669870820 900890161 943588963
4 1
259801574 634979653 881366473 130183125
10 6
665288405 441216794 871444710 571382936 181390574 848830865 814238993 868015364 935852710 793894417
9 5
144085132 633336751 383621823 38979215 518789787 450300075 504997287 579666895 430440748
13 1
981588683 804486106 398578406 746573657 663249145 366175099 566867835 513987290 224892952 116678233 613751696 795780109 465690646
13 1
225616418 622119822 657258531 167110786 74932400 472011595 57783288 749154338 516727905 339833752 55444248 212015585 318248579
20 19
101753366 764051628 68990701 598607950 350654589 50122171 488376071 474031679 456886718 228873829 125250850 503786610 757824498 629820949 127151344 740656588 752600935 332038120 204731425 569456639
11 10
545886668 992572352 716914675 335462266 204271831 127412226 505920048 5096630 709420359 863607033 943357149
3 2
764603813 248812926 705814758
2 2
634656956 275203831
7 1
388186456 337785801 48172560 422440530 987396358 151398853 262109723
7 7
726028941 184411259 379086116 810804450 102801108 189062425 239583168
8 7
184074663 141469143 511312774 76951954 36998466 567604133 563228590 946759375
16 13
326911443 868360489 306156239 807878488 832811530 810859441 6175081 471660741 394412447 657674061 760793082 911397432 704188703 551715324 173488022 263059718
9 1
886528192 305104094 9185528 408760904 967104830 638614865 330617540 284053984 310875730
11 11
947286217 447381466 734503914 560091912 652410558 619342436 782861494 984829296 780988513 33216153 271567091
6 4
802580300 200367934 779294065 680025637 33590235 776575902
6 5
912575953 191112274 499422658 23146325 874381358 237305757
3 2
973939945 445385495 835820514
1 1
970554507
5 3
623967378 254180771 750006587 376102206 929836958
12 7
616970663 697997819 974061988 239497906 336855897 51203912 14211975 600931600 551658923 35831241 441749387 185055012
12 9
899939047 80334722 236544266 349562073 600510812 255980587 847433517 545091501 302181602 288870540 311646732 878574795
13 9
108416251 182197636 231326436 936477754 474539544 514888504 320949762 967440219 562299759 811362080 631494001 711146472 534862359
16 12
94230224 995741253 42859403 514894074 89199234 689329839 956290189 899573238 362804882 117459265 572867758 943467728 337290069 281644142 807179261 964733609
3 1
830736834 649789876 68988942
16 2
453219637 714485045 738468099 321664052 931582829 51093887 680781552 10702606 814762582 87823297 745757108 270352837 380103498 416429909 366450728 119287911
7 5
89646271 449854009 826516975 388857967 913808138 783605041 599813507
19 6
784123545 286542745 778007511 967728904 60890656 580098716 846778712 107540183 865980618 210861608 828155514 879377360 875748653 243829890 591866960 549664982 619936390 805394562 92581680
13 7
732576616 397461687 211123212 604727431 657942710 103227926 858257785 704535080 102945541 182506728 892414878 833478472 195880544
3 1
93750844 999301848 17479074
19 2
931196971 859851649 824112019 294992853 165697330 480159872 458271448 350532268 937041965 921630695 946354290 728563806 186422788 480481561 679284115 523925993 673293909 472878740 880730386
7 1
339797053 204704245 495596691 939123300 714570070 618653562 307680552
19 14
128614714 18507672 888191247 156246602 496740325 886150092 163409814 428285922 561479709 541123786 908518420 574246697 926933695 33775511 434132179 77583575 756566892 235849630 826493186
1 1
241090213
4 4
540699337 500471112 879618506 282292126
18 2
460253925 596204272 143234944 454897810 515669226 803776263 7947789 910910056 812068977 52272034 387290040 118894244 601534806 345833564 77182572 126628855 909643997 314972009
20 14
817588731 344588630 985857578 159797744 567971242 747640021 803759375 893405470 435165766 931006586 937720014 718187396 395623213 897598057 513616541 939092539 490791627 594239767 767276517 723984405
2 1
432324714 296226726
