192
5 2
959663009 383435257 212307529 331098651 160952186
2 2
874797996 739606798
14 14
207840325 689665004 861398386 259037786 48671540 919083840 658954245 640639430 606718589 483177021 405311292 834255156 57731739 773463076
19 17
454060464 476663569 670511325 202606375 471784418 92173151 393752659 100844044 982508261 950934165 20106399 8773582 407422132 919976428 129304767 760234466 109568278 923485207 632841408
5 2
240034673 101531393 431963556 27572999 850520270
17 14
596095840 457440227 745771644 44211889 582366344 160071423 412048119 897527569 622156933 262449664 26295771 806101077 768658124 548244103 433125338 380239203 212086160
11 1
815908453 187095024 976657371 284547916 533687535 512389817 626525534 48561364 210639168 877226848 916330173
14 13
354726231 765121966 943405958 598943586 718880697 810321493 126422915 367857129 529410971 672641850 510731859 480733144 235537975 199989270
11 10
991712096 380453816 90245347 731425073 656988696 501899427 638795192 871703892 285393905 788473826 531063302
9 9
240645494 180613687 758076728 379152150 786391988 882343975 458506680 905334991 408662791
18 11
122905266 462943888 887328535 746127163 917302864 21590357 989322345 654139293 513191127 532644223 455815749 91587169 387895967 87286980 220245215 351804206 754801052 357031854
3 3
80872230 80573881 787698714
19 11
896019096 590536858 238996036 131099344 290677168 142532523 435716223 856398411 120751063 587500997 479650149 687429692 634455120 757314002 625947521 770740737 835931147 447441746 822216970
20 18
52651689 576403308 674477645 659660360 323225756 165720789 416208728 196163862 437821959 616583279 879521106 443282510 785662210 812870642 528403216 327233282 783719755 281195382 495993012 533646361
7 1
670579702 782751761 181764785 841772281 159419655 283673684 847906027
10 2
338055978 361682647 48671242 279063096 940453033 238869968 27598356 225061272 211395950 453640388
2 1
615361061 897081647
3 3
572883692 920654688 124315429
13 4
52612200 582604494 646979621 96550197 935595325 188881922 528000677 198093145 846164911 240888780 777510155 687077998 339303568
14 3
775363952 412444547 181428468 369743167 686624825 710804785 700551124 725819751 573047973 874117981 958545188 591468575 521926814 607332642
19 7
759740547 864430341 559145016 607811328 681965269 296033516 35617120 379759898 509822817 649980583 452849614 221647872 978741989 204677791 888574418 206605304 84003190 840090814 278494586
12 2
561300096 890475560 41677288 233557224 974522541 916627921 361084456 697862813 401791120 938884023 681806726 232331606
15 5
71127075 386027110 440661363 872275450 152649768 816772707 967694298 387220160 198924153 929061154 453964445 871878489 169559057 790766038 786767509
1 1
27112697
3 2
416664783 271902318 724404111
4 3
799221635 127409236 574027429 167943404
20 12
264430960 117017694 235607528 607528377 512117715 269054565 175735070 525425981 350705667 626744788 292280660 582810428 359838223 100356339 171217042 365965081 898187946 242661350 567198430 793665277
11 6
444787977 783996095 482023787 608158793 5900422 273865906 466402722 684974203 835880067 894025583 406498662
20 6
123008083 563726486 50605121 858731590 218468730 348814249 897127202 25456288 560698980 730620949 355217741 949814602 42684487 590154872 209425564 950916228 368787111 528029021 426023960 642324976
11 8
183010679 301304130 986394988 301774749 405185940 542357415 917641613 511516834 580605796 377820424 927564039
4 3
73458306 688362980 890280506 625172513
8 4
45930008 192892088 913877302 887538750 642986180 421409179 469804752 316940306
5 4
108449406 246562283 888293626 900618097 23330066
6 6
304870148 230774214 746252319 702949838 314353162 327940310
20 17
699421337 429240103 224784178 172411318 936958878 831982076 201857247 79375894 502867134 749981106 348335296 282930822 237390098 618835547 136706801 919540872 13722901 898416601 593284871 360255623
4 2
357533208 751820294 671471328 120628834
18 2
276807067 119072808 480004362 456921071 158272643 647137454 619653515 506294649 247014554 187724459 985689885 706518042 220008146 283513496 650799325 726148639 441936894 342728666
15 2
401840745 132478025 269811026 548455619 966192627 770302727 822029313 436231409 834339655 735093915 769595725 469216461 735346888 98697589 31281418
20 7
199418639 618937993 624669232 483966562 238744870 645124806 549302114 689639644 536355811 935644162 318834538 475409895 82437546 131246601 820750163 503313522 655116460 934177637 449202521 534625534
13 12
553875581 86005688 303005021 193196703 984728017 538863062 927891231 19913343 1573448 530640792 386283080 160746475 516348333
7 2
33130213 326809827 932175115 735042748 581901939 454492555 248621282
9 2
176217549 79725663 766220014 759809439 230955826 568784324 796895257 899162275 600591070
9 7
147128310 300276306 73160549 620358699 937821643 839364299 91202775 727080590 155683032
18 9
241368434 142075083 859571551 265625983 316852289 401405063 870246370 342534070 334070887 65770531 87009501 548374600 754385637 29728417 652726393 106013195 74145561 752269759
10 10
907140177 93484009 553578360 944949546 878628143 411897430 175481678 342105290 236613147 448991287
3 3
259561032 577920765 806667598
2 2
164645513 810753646
12 4
884910321 685490679 169269865 749811854 354321914 683408236 442792683 334295917 149049678 704385327 278752663 778178957
17 4
221168347 95080756 572187457 334913808 543825955 536307053 41001350 396956444 106235287 455733728 993916262 253713365 218682797 646519051 37449780 763014437 744566300
7 3
916138824 908886628 958067289 451531330 432925879 455520134 266989650
10 3
570342825 504005462 381039156 572671187 232599337 299697189 570940565 18915753 328520362 855256992
11 5
485067581 533972239 373171822 920543610 758174056 899636289 305583555 718204795 961460475 222731481 858642146
20 13
474086304 757957709 81623418 162675272 834695084 205276107 594345804 978655949 86255924 167138742 397087308 106346704 65485423 231072749 383195856 33939185 870971742 180702726 308911686 560262717
3 1
976601813 621564857 152014932
15 8
684844355 667220806 961062109 180544642 583668204 482965210 464701581 613042363 387090911 231686750 927615123 100414269 103027434 43269187 969027511
9 7
381965680 478478418 394526730 538995948 589415681 316453324 820874964 260895049 185817524
7 6
350470372 669449373 456873616 451386318 796783490 312035642 310262082
19 16
41141133 692006065 111919251 73200895 275833126 31808416 655515107 780691069 83480886 287432400 737212002 155045323 874624747 392113345 10770639 836548948 908842176 284066376 813337707
1 1
883511044
1 1
178467785
20 6
703866193 950729151 502931512 194319436 313298992 294780765 552822326 736071684 59510421 759186443 69078906 985829311 448654353 276321831 64800637 266653421 619535531 712268973 938264531 663446707
6 1
411775200 988199552 755387032 508610472 410300463 15560481
4 2
966736171 327213152 327192436 13699765
7 1
664921235 63053738 917383894 484615135 789127231 5536191 701117449
13 10
184614364 829817780 49130640 121275397 572031424 6979310 485894360 209945596 888520211 280952208 541079636 506513637 785045901
19 15
107809785 719197328 791635499 156289849 724419289 422360599 865420646 77792479 989859822 426043527 794596168 16134190 998303091 407785593 69498133 406844682 389428686 322796644 408368852
10 5
853723717 41871505 546522808 375097034 184236609 110503779 176265544 490142282 619642377 961221768
15 9
842301107 566505002 79584990 121748820 829981092 58586709 4682846 614158144 410052457 699973615 615475868 522957796 944795788 348009582 815996553
7 5
994169589 127770078 752112821 928886704 551843812 823301286 284213705
1 1
483211992
8 6
824857409 427439341 444444292 639007320 867254619 179918165 630115043 94964831
17 12
660686811 538746692 569173221 425485795 413249552 239894385 439241814 583901500 436498567 818320451 728705406 692964814 55932708 610003961 278067369 561563616 310056667
13 8
344425232 501256318 217625961 963434378 454915316 234041500 31472830 362428990 788847064 354776271 469010651 315545127 270474642
18 15
214419076 319573992 821124327 734557716 147344324 946518983 788745564 832913253 839604609 447325499 496692367 846652231 404150470 10716002 555301100 401838962 965077933 915352427
1 1
388584452
1 1
854478065
17 4
282007814 998961903 298513198 927662948 193772102 604708758 423116187 545931503 193392178 890391687 728149792 504062844 34356389 661866801 593978286 456921043 70356506
7 5
736309491 592397629 332216465 151461552 326295464 443851448 21021881
20 4
80990622 400129905 854655535 768804547 789277835 939506783 356919563 941328187 853293113 971156195 488364294 505076968 478313590 881833206 735215801 943222046 999729063 185850979 853729801 322095852
4 1
824967372 899219124 46677418 705953334
3 3
194711636 282019626 764487622
5 4
43575344 555690670 232044207 570470200 983307630
6 5
890493635 265097425 778745502 725713505 247606007 768951319
17 12
254222313 738748527 393198163 559585799 416286021 42831616 214398375 338944990 202286207 837020743 587551604 414359539 338233749 317548854 48770954 253838956 742180
6 2
253336765 928193614 760408181 660688215 158030821 105153804
20 6
415045216 190266727 515146311 799847083 549430628 9303863 93887070 257075094 81741719 74072788 919838218 662810584 352338946 832767314 833187001 129647256 616838102 225378703 485736787 946287017
7 7
97262922 989369338 22251199 792074920 719826787 14503231 547446920
17 7
632211338 367289695 822800628 144869615 79657619 519031588 800929038 12074431 231336629 20943934 236865913 309725627 775519839 876819011 861624436 633193369 924681984
10 1
782308989 502258117 533889867 178564112 12591486 609737223 773793703 933478761 519156890 14987985
15 5
162911886 750661119 942379683 786941307 946630433 724371243 627279227 221898295 196349918 538572892 392867799 15878421 215210228 515647624 207026464
11 2
671507525 575588307 646758913 313654208 582644294 447426038 779534255 174567246 691900281 417239501 572708753
15 9
751776503 217067409 353762112 556686747 651049409 728019332 611595715 133365450 887217248 753713976 932868254 46971752 738293537 644424221 375068237
7 1
690985653 570234310 416233811 523437107 265670740 954393515 795214635
18 9
673806435 314184818 196843960 956673264 769573513 362635694 380076694 975510330 522304610 521850089 424826031 155379285 619300431 952690791 66753694 181796435 143968821 593621064
7 6
709650721 511269075 497244003 608488067 398943592 391200270 776241949
16 8
388076928 13299424 294883656 779043526 424526370 36688370 173530386 364439866 7200685 217052595 139973834 862976228 199811169 446353817 838583909 77318876
6 4
241445476 669866844 984275905 159109064 855982386 775185367
13 6
215056368 200410424 8459299 899552982 269229133 465526260 379539805 50783582 758406818 973753416 522020190 328544397 553467556
18 8
517664935 495622173 137495335 218671041 418015483 342918281 632793232 859427448 448990651 200212539 515803148 362455820 297634510 360391785 6764111 68952049 614563766 128724736
2 2
865214230 917799123
8 1
147727861 836988047 950101832 372015551 861473726 219444303 469841186 629518855
5 3
876605943 685917314 194983959 22827605 481315294
3 3
533164164 294153328 576851769
20 1
459114873 443543441 139747026 202488238 671038637 458390622 292085100 15356120 365817108 353171414 221359487 127336179 429808778 144924870 587115526 7873501 386529665 235186920 441478038 941244050
17 3
879773613 171769139 597951446 960919462 478007972 925174089 928497914 238590699 982258802 63590285 702376303 760984226 635912048 966795400 100639498 875643030 51970070
14 12
355587969 250522207 512316361 399966707 774438253 183389546 933886367 111156134 588292256 386143572 834337426 631383399 941415731 753612564
12 5
370862716 507549508 391947028 119317553 886344696 889050730 467525416 782505878 764850033 215221182 25956203 75895930
5 5
53806077 42169166 740585511 799336568 252677159
14 4
686688129 705028234 996405630 30626247 364987553 434038048 213752174 576115820 430019809 747549468 992753512 350242037 248387189 865516924
19 15
862879265 241070778 137893459 484707642 234568145 322624605 56562200 242066550 163693873 80640023 338144908 13919353 228719491 614189303 406128722 263754080 161369103 792794316 814638648
20 8
516040798 127221835 825835444 896218634 200043413 936226949 669720952 383204481 422925268 913017514 386905993 344294763 249893767 374636725 186487369 847463869 136439538 455720061 569271395 713343626
20 17
745368124 155345150 790554967 454743170 946075160 796234762 116960804 989385877 635930769 269087325 936977713 541025785 783400432 320086770 183094294 568762914 670420764 31656754 621167634 216784746
19 8
462545722 352415090 100589995 327274043 587723972 306681147 913761887 878966701 715763260 344547695 188677627 557805343 463931251 443571725 928164887 232363583 633977585 885986232 71350720
4 3
739787802 603519367 906938658 365675631
6 3
295344670 933686648 101824639 432726847 642181613 364589000
5 5
729860640 27330552 250116681 276877225 735861277
10 5
165646512 380769500 132537548 531089330 272351550 171807760 346359566 157626551 575149873 335929473
3 1
353867659 499369265 324399311
2 2
261592567 866751979
17 6
359435501 495382572 137368686 253830560 978003460 518081772 20773148 426457968 910169884 268368746 951768435 433825156 677970125 103209699 2434949 670540983 554980507
12 11
393333447 313958786 2634343 704542094 569523419 129350616 38092621 133356395 768361705 479227242 216663736 304577589
2 1
421496697 737179637
9 4
688610136 462425791 225683640 977833414 242489558 905296929 889713884 599750435 482527362
16 11
340489775 540285767 65897716 782269603 677692637 247142232 431041946 38444382 604618183 392803830 617028001 637142699 305632154 648587592 637973834 728279756
6 4
306994012 424830526 668950257 915487168 919990355 627696038
16 10
593844493 62604385 646595700 397987282 931537519 951327185 7695891 2606439 515697239 399084588 527293056 915573010 912794844 123903706 161213469 230549676
3 2
977273451 596788741 946227748
8 1
784063325 371750967 385263224 970983082 991934092 530250459 792910509 346160692
6 5
726826001 455852222 473442988 990030144 704489168 290919696
1 1
178643998
3 2
519213786 287590794 506240125
17 11
147652943 157493992 562575090 959209536 728299843 829522140 364232938 279331294 230595660 144149545 163088975 150488576 994516196 634980976 153772939 831865167 885387595
3 2
673960080 52692098 294978210
6 6
677718017 542074497 176163183 181712237 214070466 138086470
1 1
120589241
9 9
143888357 870603784 548618794 697904938 357597579 473546442 951279441 148022424 679560573
8 4
350892841 382459906 587314035 612559074 690328638 804223515 745541778 403910820
19 9
484962577 447592574 289400748 377237863 443464895 480473836 834249384 771382870 354346408 580173576 479174819 429151196 483469780 262246998 498672500 50367195 82999023 220151583 516335828
7 4
535688838 300305450 199078186 540986411 976104891 415100504 819049386
6 6
328810892 933912293 240869930 368691314 791061279 583303810
13 8
817358414 483046765 316611801 303670651 551142779 914482940 400768019 334323747 858467586 534900604 410504812 586429398 294007772
18 13
582293948 163256602 978349626 321301718 437927446 34869106 328939607 641104242 419257781 210755154 711397344 432686028 78096638 448466662 108232797 788489938 278917906 329926126
20 9
171317695 878454598 860805258 429001881 654926697 334715282 531504605 993394193 484832936 952195531 403815826 128388359 204098404 861033041 621446801 376412597 191739524 595698865 344732741 486504730
18 7
114158411 772759701 337583227 271645707 920737414 691452520 388273660 96979328 145798808 940594175 802642470 34575090 910213616 94185972 915830644 348851933 775953891 605701776
9 7
515040338 12214512 766981006 484030188 31471387 234274910 569866382 485744430 425925074
3 1
720209571 760399838 577960417
8 8
115618066 562199478 524404046 502429917 909537138 261303609 469980318 276536595
12 1
796032149 988361334 644376453 922610177 739330991 621131462 748604563 699379918 678700959 614739875 226252648 821940100
18 4
781994225 674764856 601726109 128213237 903929037 143741063 445502355 907889956 183262999 923944090 881463580 132175580 477649702 127580892 905237502 909431703 150678765 391165232
20 1
791653886 49309885 985135090 331996583 620847199 715041019 643784638 387560 361733781 491226315 524758990 156740777 482189656 735059439 806970285 62292748 718289515 978422369 691459295 172651313
12 11
235563415 188498567 460249395 461024772 177491696 668925113 357465559 517502661 153386099 577024787 534487924 694742549
3 2
922892122 82825931 725223376
15 9
77975477 706033037 75204484 553500064 388909090 621642510 407869603 501531944 521588395 704617293 34923147 922547415 152488751 752526613 429568017
11 10
959836598 801442303 439691776 415384833 687528844 991493488 162363023 61282048 780033855 402100707 719558305
2 1
293372896 527910806
3 1
204490550 740627705 240692212
6 1
626752522 103154236 508018322 315448792 292525368 985994347
13 7
415321815 621521968 85688953 801744676 712597713 775336872 268184327 830295118 502414554 622045144 9610779 384604054 695674892
10 8
522023359 730194984 971294665 960095865 908975914 174541365 151760382 534742271 817824849 166442741
16 14
558310018 164477821 518842640 298146453 602413725 87559497 670391591 441109212 36283387 842538150 589313726 596025787 96467322 864074666 728221668 769831986
6 2
865283148 971027709 667979872 775088438 360361597 429436414
1 1
276857503
18 1
51740429 177225052 412972483 293234053 115555432 346375370 46664240 806245452 883464224 634653443 28837680 678316797 599704066 830534197 884472050 795396564 411846515 700889476
16 10
955409558 970787869 943565090 276291765 796795733 398358575 391580528 550410458 191975763 993366297 308956720 36669232 199447148 244056778 617098753 215283977
19 14
541266523 982547399 852931389 459746009 634452322 403717808 618988261 497452076 583117670 303713747 931035605 334090086 234722491 448778286 394926913 843549869 782862422 139506974 616830038
3 3
421228618 703487396 134221991
4 1
223768396 783261052 127445416 416074251
2 2
440618147 235644041
17 11
630530900 150036394 719445135 405331897 82829349 808195767 792255698 234714317 768620651 677569636 682087115 884901820 234470017 901037660 132811787 429036664 461250762
11 5
798215771 370936679 696203245 330609530 967514985 242163408 300128896 826818213 945300982 649804348 21107873
7 4
968930887 933311845 490722979 18151507 910265692 568557493 248201987
15 4
224056455 830908784 632484342 54215691 181368434 128188244 487486396 392657013 147265351 112720306 335541018 737458322 15747421 391998113 812000638
3 1
754103237 788993712 131328271
17 8
882712852 279469470 215858405 632250227 549788836 486022411 802897558 348263755 108837497 700912018 45241699 948960393 186970783 293082216 738966173 602649335 220602166
1 1
872772426
20 15
458156483 556928501 540732566 580541935 709717213 436306775 392847211 217726787 420836544 891816284 83879715 843032304 193130172 22978614 291938805 522590513 736940463 937822007 708785879 613227734
7 6
996777355 335856979 357428116 15051005 232872011 603477594 453084182
15 8
690879418 82392485 417304139 984959873 532008990 9448406 436231929 845979372 428984614 975139727 494436990 182445996 319910983 88312509 808357549
18 1
901994100 66528675 265126264 167334668 344317611 339135100 710848306 120149602 870506322 633982919 414373920 293667255 685555381 896252237 897636022 725745374 91281355 864833146
18 3
547943728 339216653 10268726 61018811 177575225 324894818 652579479 248731324 314232954 251769296 63161334 228749303 422777383 527977993 593799719 415636830 584397284 70224857
4 4
840151706 227014506 816727201 78464543
10 9
767175568 554513076 406823550 632953225 57957625 100118836 717329538 589849545 627704008 337976897
1 1
125991119
19 14
46458411 946839356 999124686 436596172 485406553 378016317 263263305 575583203 835484719 256081782 381318026 397928633 900129643 863855911 376121266 102502822 558413707 839973698 51800723
20 7
755216149 52354820 889279270 682036177 541590404 548818968 663719086 24875241 591226559 36539583 837354801 77409327 711237254 812404567 587590273 991526002 559195901 620393048 586741503 358902080
5 1
612439618 46386020 849275993 504972938 407343365
4 3
422114409 577969506 868944702 279827510
9 1
998150123 106560582 761849112 727386457 152698443 338128965 164709269 702910531 997056070
14 2
722085887 773553506 181766974 355743919 806503319 519674350 592848700 22186863 182810256 715924144 501873992 979921530 921249547 729630435
6 2
203594395 294306884 674542283 737057080 2018286 230540204
10 9
809197794 849627636 271814877 516044070 184408008 537932072 471692973 469918359 997875728 951864745
8 1
967243124 380355499 597918933 412784497 934990717 403209754 730129228 855037388
