37
10 4
158616280 878603843 469604411 242985301 160010640 853636540 930425583 233958588 877910917 165128677
6 3
66204973 924507502 477992250 158755353 887943538 844939714
20 3
135085399 994780699 473442066 18063552 796613710 947099681 376208167 265274604 311594881 769775293 993335539 88013429 268319482 672836006 375063464 412060702 850076334 548244357 840467214 897126111
6 3
374452934 353290485 733151755 679561573 210097729 909769942
20 13
271081367 527047247 483266621 110656874 922586025 756419371 198855942 144309278 67546491 660437199 387388403 397716590 95868168 4739683 286818210 206372438 6544602 296200799 378575990 515559865
2 2
462707793 538878207
10 10
588626530 906073008 423554734 521391877 188956151 73665389 444482607 702294392 173712023 590348399
11 5
674975881 445637434 595221734 913194919 487836020 750731346 684905209 545415709 552087031 814945605 121076653
15 13
458928919 801512314 179144599 694174869 194473979 936540907 485913600 332085003 417516567 77091157 457550988 13860279 2448211 333678638 623633466
9 5
972151220 669534054 950015755 237747260 616600475 989594089 67559205 349228138 600887785
1 1
46390492
5 1
36312933 671037817 722318418 1873483 1418002
8 1
99445365 577693529 570020737 132183861 157960879 599406712 530306813 845021690
16 3
969968529 226246703 522601383 845224628 748038362 314152285 94929616 651205270 7461276 155498868 224885115 639303035 608446958 778630254 925558920 858096108
10 7
51393036 20291427 274528899 59855351 470029596 904509267 595025417 162681697 734816744 746922872
17 6
752966902 589666805 995013456 379539256 848861331 293339389 291186964 125167233 115124725 505597772 492470458 80375795 390212684 824956865 234838964 748583547 831882474
4 3
587213079 833994208 620034187 808887903
12 7
178871297 994030074 538195605 723994449 814979300 34272222 549738020 667201761 171840412 925398300 992664731 924628083
7 6
730530051 66925814 552337538 49699586 847275810 424617973 906316136
1 1
25561949
4 1
490574573 928412407 853282169 929033889
20 16
515475083 948754633 88761983 715926904 978262876 386321246 264481673 996162029 872095087 3292954 670350936 222241694 626102704 910351734 859321575 623100379 643806786 585314420 389557686 924333735
19 6
130124093 281017425 740011713 163913841 511446037 854300556 286063261 526107028 652411096 569715850 408298742 322572719 91436391 710252901 573487674 71149724 256615569 392494962 736538126
2 1
794761323 609262012
4 2
855328242 155979174 859137890 530514311
7 5
381091810 699942184 721725452 919334244 396656608 348944997 520131557
12 1
804283041 698902660 812797890 646958738 506835515 750007037 919150885 170943803 220871273 601124975 671667524 291521119
16 3
204507304 953978391 614163344 372508248 372159719 588709475 132585966 45079643 887598537 704865227 695657631 134441278 16625744 511148040 841776932 740136642
9 4
383098747 58391480 374416228 768339497 47715782 838848504 126249704 358391417 782305347
13 6
545514859 596770266 22066780 284984599 478592774 100269152 365208744 387425853 841200066 902210423 757302081 232177743 829141838
7 2
46658032 460325143 784230970 596779420 571710384 283862924 591636062
7 4
913458476 273544795 910706804 589374404 325249875 943451317 648901717
7 7
647800435 92082794 125870427 884138440 500125058 774253633 388353250
7 2
585604598 773241302 835973865 482773686 747059469 764481262 567258578
16 4
807629619 371246240 564078757 295396414 549908819 731724525 356192052 187084024 847107860 585346515 62364141 403397794 551763095 661619435 139927454 602787516
20 15
71911778 697928082 4640149 215080605 378137092 846248004 390485185 116026128 237876364 334559273 537659517 367750793 766501472 2996168 73609919 638044444 899255903 41132504 566130141 991870890
5 5
106925988 608161277 515374573 211943210 694745468
