20
20 6
262146478 909694191 373901305 569936311 524706082 631154166 544884693 902316172 377329790 10752416 875339843 895126092 231790215 393814971 243740579 698928318 225848007 951310614 529796380 578657205
3 2
6702257 966549172 179832093
13 2
722072244 511197081 933728881 766236185 73647736 829178085 242997576 479507286 255845881 960485276 89059598 625417776 483311704
6 5
900570098 194313468 91174978 105003309 850259775 593812086
7 1
990790871 40197508 335565629 462997123 833495895 833817046 432034032
13 3
108472881 147698703 691071289 795126095 15185988 400332822 54754346 202769619 883481134 545325132 520295814 81717557 768409162
11 4
49684594 794102672 593496778 236487617 959418520 317043956 619028601 995268101 270206599 534526634 639336763
2 1
369378232 449347233
16 13
143152255 549229495 79086833 25704751 817799229 905237327 787076543 851096142 680134758 847857866 939990417 127833139 200428142 452415007 336596361 334355223
5 5
53847114 239593860 561878118 769152991 189700820
10 1
835937199 480153191 122814778 175762485 696951091 447069210 846325544 810205048 804916718 701182844
7 5
914627857 908581916 48154705 467064589 711633482 202394837 914878680
14 9
935507837 499710970 338332656 162343240 430872067 456294920 492764778 787825686 426013933 754850800 755073931 567869966 404144618 987645827
17 15
212941352 562201811 401681549 457283477 632130080 250855657 592380708 835828948 679020272 655410597 357520477 999739131 522085849 194555733 835548526 818805671 398543637
4 4
190446670 278891231 201107979 886776957
17 13
631294421 756766337 121218758 851346923 176594225 462852927 427650950 559954413 370568773 954389956 700005908 679866564 118248442 427887219 897377967 522845504 284608486
3 3
987161937 390236628 289767663
19 2
851124129 254031672 675619954 585233339 372223967 932268314 988973793 304620885 142210617 850542170 422571985 541137430 137151476 699630000 755317808 315289913 951608705 741601723 247320210
17 12
63036730 390937440 254843603 346141370 297487392 537713270 560133602 741070413 467556790 96446769 148337598 376955202 708880707 280146069 625932891 991030959 111599399
10 2
495412252 501404161 190037334 80611155 617224210 462339182 909774318 619488778 507982739 788745750
