118
10 10
554344931 58015161 295703824 813320893 640988664 474668620 497289671 432959613 147883304 674510178
19 9
843692851 286100628 116415342 771426626 277394806 560062451 47099006 131287448 829120133 802263317 196743973 721980312 952969339 795608866 623927535 211642622 432585889 804931582 727233724
6 2
346846434 826918820 325524224 435503510 882884972 739096556
6 6
4150552 810253494 962406965 89722043 942944172 423798826
1 1
872005613
7 2
153489558 706006379 717966610 608256050 235777203 537924975 487961821
12 12
309691336 104959375 905713793 179173513 396682058 635339861 358864042 296527579 46810186 444110034 885026341 588547789
16 3
20491289 565161692 10437327 227509316 976519488 212373037 623568256 966337072 492881105 435466189 894029989 890417986 890013040 189571749 798027886 407783157
9 3
90270019 457392557 395057723 237668000 101192119 620215275 106683386 976785111 12543277
9 4
795484636 742228021 551911602 922800095 146391352 888808749 450694746 963784025 395523268
18 6
995017805 49299606 671576132 468092717 181872282 386970964 964771296 37723613 463626721 478222586 287966009 468107644 415568273 256304825 479460101 724311615 336661598 992212074
18 16
198406773 766599131 931212270 971535813 26713533 498960040 753752332 517594208 190132013 155363141 635643162 946324660 964559137 527356855 203655414 770749328 892771930 77395533
20 19
794801871 633008019 728159228 590554812 2807181 759486971 707440901 544155488 103498137 633214663 161263234 663397642 902491088 126472261 397224546 175270686 422111855 103020316 41092378 670054580
3 2
729858739 860896564 897641839
19 16
961232064 636387654 374616205 958444126 689460563 170400728 741057401 184547758 954984827 684555693 932595918 653778676 580857234 91296657 69030924 985914807 757225780 977110229 778271574
20 11
16197274 689148674 739277406 552213728 740806761 775153680 557426627 258944132 302804722 458398731 992945168 271358361 747745101 431625564 360565953 757744057 444659408 470252603 263687298 670219242
12 1
325433873 542426754 598451561 344864072 429394046 505504105 471831306 588199216 925180557 191772804 221366407 610733199
12 7
544152387 962087115 876404869 239997623 14163598 587511361 668467297 549605167 29224358 497129153 848817346 696723697
20 9
504183319 160245876 117432988 577969923 624132613 350011411 337712066 453640765 920020637 145905729 881681215 93393416 93190690 449756720 242864232 458510031 502640142 970420098 965878326 53246339
2 2
631447608 636979419
18 16
674346382 189769834 458972814 723103727 526062825 75966690 454513246 190595667 270765507 28555331 935910396 681696221 130204129 438670610 948245656 412780175 641155450 141056865
17 9
23608475 287430444 410061963 283842402 854764478 71343074 334790048 488502961 878840342 247188952 197336781 410380940 714061440 333180415 691640806 875070917 559853013
8 7
784184474 739438814 521536054 927352725 19708465 150579395 66647679 43720929
4 3
458753371 571425749 394601561 228745904
5 4
727783917 42029953 445642396 246333042 768454366
18 12
262882042 328026242 584708417 51152874 224326642 317708653 980997296 450652001 402309173 1864050 576026843 826800396 687894530 607477935 571152063 250702404 179047605 430849848
2 2
570157061 481158699
16 3
186979987 535986590 336508595 739946404 163699622 611484620 980380758 715766438 70472949 292252850 792872144 5529675 347388739 869716852 226470113 103304262
19 19
535813327 377580187 230557457 101905270 883085468 721829336 151549552 118950249 415197567 947272948 771475979 490851582 466318620 568025695 707377233 444543271 459447456 220312161 744286800
3 2
490253784 149319054 580512059
17 6
221780586 690555442 788703658 320515330 881126473 40754042 548726457 115832560 211278718 825098206 866367385 397377604 886940014 698659988 222905631 410177476 965688168
18 10
219783790 155438214 632356830 406905815 999211988 429114038 261511621 612375065 38177264 456368029 733399471 445942502 906195799 671245768 685895523 360541553 828142363 961116183
19 11
380354028 373810930 570035259 415975508 997044214 796623980 778547926 872104377 661287784 502677007 183930534 549541823 551086178 988341725 920719223 141819404 757648118 924839266 228231289
4 4
789995402 592399047 753173297 657450280
18 7
643495427 605661607 753430635 45589284 517403781 204227255 736308545 193611543 690239065 933220756 110530430 975488902 86873211 293201174 141135952 571586301 138726378 148945285
12 7
994329136 567643472 837361657 948745286 789991217 393074453 653963026 446773878 13608772 898575092 826792445 705306494
17 1
614385339 114657822 66542628 841146962 523068379 205938507 391009191 320860723 709992040 101352256 211915449 392051450 350640224 680122559 362947221 903929636 326328491
20 17
41474258 149257789 414594672 792470789 796500315 921165459 159769264 544542546 267336861 35067163 758715729 408915440 542869295 902057555 652439390 751956691 807081465 869825723 975275195 799543974
17 4
402748213 693379889 944773432 982553346 359237176 440084919 206836083 140660770 558309389 561269119 720828663 820388509 205153038 320016005 299487260 875900881 50154095
6 3
125211922 924165606 517256269 638550730 746311322 24256698
1 1
248605530
5 2
707536624 681500015 686738994 971452028 377302526
2 1
693562052 993702362
4 4
700261926 330059667 744748854 73507630
5 4
601246872 179320820 238544577 861534168 776303274
12 11
483596706 847813820 646155658 979790759 76439521 88370964 773848851 230963460 874056663 388886917 623580228 634317978
4 3
987270838 572326324 790008069 283060739
19 18
894684232 63203440 875397652 274972260 980951074 856492722 831142006 767954984 135538229 121209639 499483883 85000109 240431036 348420016 827185621 385527213 717187021 772684487 638763220
19 6
629988934 635795093 988138889 207779210 211838771 171554284 20606133 419699042 136435358 893278432 543006166 363028583 710826594 713394089 573709634 746473504 601871951 259081445 229132526
3 1
543954534 666121080 344411299
9 4
138377927 628472974 750574632 948234262 84787780 360789070 5700240 407148472 909442676
9 7
885831171 662555948 210280803 323421071 637694094 425682196 937883018 572235063 981098582
14 14
237121995 574622346 820970183 857518735 112328465 656045318 621311615 904836699 413764248 691206801 515801175 771047353 140926978 690279204
3 3
299362126 352198081 822467460
4 4
702189888 958174233 762862481 294759140
1 1
62472945
1 1
87321969
13 4
42650224 777450448 502269811 670922945 852797539 709822777 545974847 6318770 612617494 12258427 974745796 313804555 959084330
14 6
810733344 49954438 195773976 408749457 362855796 718840361 920242336 511235581 641301730 442070302 818307302 288420711 262350142 120892108
10 8
919097032 158642646 565884869 550480567 171348833 910584994 29082375 377689357 929685354 721139041
2 2
895849180 289489289
16 11
949287048 761938608 66072602 662657174 853128154 766175646 545971038 417068371 836870034 384787708 299407665 359755544 661261303 208099565 961231774 374485600
9 7
711728864 403167779 459709687 204717909 218878918 470559554 51473579 274429008 582846941
7 3
513611627 967223452 454294406 176050344 884128675 651637213 118902814
17 12
84129772 564707261 35551415 664967423 989462242 696492797 527413340 193330963 872291937 12291113 364066309 625547901 786135458 872454158 331899538 665592187 432173841
7 7
651377773 257037015 630469601 754938551 615930583 741436891 572880344
6 3
452980051 807518518 620854874 775286701 170300832 244512505
20 11
11401721 123253335 926109238 264787038 207255892 36108043 908780416 386231868 194698310 306199966 85817060 264082700 51488194 456613747 163038665 200074543 17995784 916857916 212280268 526501428
10 8
370912179 829978884 2023785 595652779 573298239 73805424 200786318 20957564 920200951 31568970
1 1
783423434
6 6
572829096 386992197 450928099 467593993 675262290 275753978
7 3
521572567 405896782 177679936 145584062 336454509 936212966 813070601
20 20
816172798 836225862 803076195 394186861 310815760 456163390 482957461 745847495 934830055 883793539 859876182 409111086 32621818 71046468 924964979 630762866 651043775 278881732 352862738 294456196
17 17
244448496 496117977 672254914 908356393 375338663 245347783 177287933 17236377 102843956 909994461 945875834 852915190 158036386 411943344 177506315 299326163 891165776
5 2
777462114 990436484 811409018 861299831 341344400
1 1
295166623
2 2
201207158 987314144
6 3
541143079 492273850 283085471 245207684 826119392 276654491
10 10
897810827 684941079 607194236 76747915 597962148 646387887 420857968 115357860 14290783 432333597
8 1
788541614 69160154 244504946 367703118 692212478 597191572 635259282 743764784
19 8
713074551 554970742 963863358 926735085 822938499 496177524 677570812 26839969 708082080 672839654 983351273 70581419 703212675 922447655 286474216 803537114 847507429 55960440 571754873
19 14
758408549 400472420 750499849 73471539 326196294 499374053 30756235 526678528 721070783 713110198 984770316 320459913 508868432 539935527 694384285 336213033 486230468 886939611 337010383
4 4
543547110 477805555 220315573 729676884
10 7
347106320 756598618 13146475 766114213 759803338 573507581 524946012 373672094 453390172 433553096
10 10
2620307 613847068 487027214 573874610 306658195 697024737 788047780 573851183 207121979 707647615
8 8
467554915 6621793 173598307 50634826 681444568 737663974 9500822 469220799
18 6
650226418 410142632 300574376 647883227 547366431 80670962 110723325 717330877 952282325 774021661 697546280 334401375 74363636 76005109 537047848 900072986 35779091 620018832
7 7
49267396 58458273 158150936 844251684 179555384 277426028 843946195
5 3
427387354 572733262 249833073 283796356 860457455
5 2
92399929 729967194 190860934 810808053 267097457
12 9
355110547 478323425 946516292 576566880 970970534 363311635 876387683 282863980 161976961 797761922 809177946 370152829
2 1
459242834 59852034
13 4
784701650 171977406 622749875 507093359 324508460 598061394 540614512 300495091 479252236 946438598 560158665 342318964 376249588
8 2
636802233 399382377 364303471 174246624 811328002 303768334 729600795 929939612
12 2
625688126 982285343 758140348 6139361 864630224 98331262 484926674 423555233 198714454 805266044 151435075 877596772
11 6
414179854 577306041 655304126 61130525 412342183 774011546 93660749 342735100 998464876 401983852 868638450
13 11
725168682 390692160 473912119 810900685 717339106 312746859 323710004 136669597 82256309 901460158 273413259 632697473 86074421
3 2
170875888 457966539 964928239
2 1
680052153 336326070
5 2
365615107 125981779 158835537 378693215 733375234
5 1
77189261 777115744 371781289 226272733 414753319
5 3
548018285 222915585 152010782 464202547 278510113
7 3
866246822 244417558 888998911 423917764 214122867 597203845 546572401
19 1
762812926 621963593 83461705 151100365 513504198 863332432 193764533 904084476 13084370 742218247 130606248 832348266 236916802 185427334 223402604 517233646 994080281 669724872 720158453
11 10
394192444 463480960 213748965 416975102 960674984 964806462 780852464 494604781 172692745 807392095 751144988
8 3
680623121 506804836 124852348 161231753 264990977 274267701 49188606 117382908
19 13
719023058 451643810 6059324 73704330 152516808 940803044 353141269 99772384 82817428 217219959 555346624 765581594 48873521 229462953 854045947 484661545 36800769 300752499 428221940
15 4
960420760 129096434 704309558 612271240 335021112 31275192 369425620 954764077 860940922 6210365 752776496 501586115 231123539 447947639 245834511
6 3
120505955 836481235 154360636 412994161 860233605 137897151
9 6
816139230 978674236 32851742 857262881 727081642 726226014 298942943 224828629 7935596
5 4
105579577 878238958 325706692 15413249 359864801
19 5
501273799 222885035 168855685 795771067 333231582 40049945 93997992 890299582 67037328 832364863 337027244 506313708 47125499 719736187 243455017 405108902 634161430 917290060 482114946
19 8
147744503 979874136 738138796 343654959 478030903 153427923 614442116 979631714 856479116 658744204 889627531 11050719 501990363 907588297 222723362 253858193 965105346 679225093 407334077
2 2
551640888 189866687
1 1
696839267
18 11
715919528 453856231 420808741 62094536 526441236 66145704 649334818 395868032 599851210 345269920 966820880 884045772 45092536 907976352 145514671 13168650 186749780 157897303
20 16
799966962 656170529 815588485 554681230 302239450 5609343 588595086 793554138 805220695 865159523 138876276 718936776 312179031 891024977 655624565 798753110 266406057 12854753 508205468 406334192
8 5
719166986 794114836 506789283 864231511 751620020 231241355 833855482 650641641
