78
17 8
13712000 657035792 640801075 305834336 807268147 833818318 89715736 380466727 273943653 603114432 963055287 824585054 929502913 858901291 414770270 367220 216554424
17 13
909820546 702787374 118497321 493226009 541219389 87590418 960225393 212273286 630609249 911678175 633000136 968462779 792019002 514505125 599258401 650528238 24885941
1 1
560161033
12 7
273050737 144708513 468240955 446711718 968845772 61643250 135239000 738698079 591518946 95992287 707009322 70792870
20 1
958269165 953742559 893707156 547159616 414250109 967550123 785818595 77359406 89973992 42040684 148190100 839584453 665432034 24745455 195230938 947221733 924610305 207093946 227175713 681865646
17 13
408384540 859055132 488978582 687229025 729069401 256995510 933531273 389154366 883254104 953000948 436274260 943808010 250891023 938597747 748157705 783370519 426209680
19 19
510091127 534738082 647207742 366546531 959961360 66925893 14594318 193036965 992303350 659883042 616865918 513315339 537644557 684012385 248808264 574918429 658754537 381456220 424300978
8 7
987459591 594121082 913730713 369523954 348402510 530740656 639216102 490193025
6 4
644094714 505353180 804339919 203278186 264726880 181866312
3 3
944278083 208924500 609866402
4 3
655766813 7206149 252505901 163325969
4 3
79287971 261969477 472364343 210275419
7 1
490789554 990852632 436522267 386916290 438648491 984843862 585150178
14 4
207011312 665730342 665532982 44772899 878766441 52776793 874113407 932637664 424430212 407853440 409468229 78167134 8051558 864522661
11 4
929834454 694711677 358678448 20443255 541035762 110248526 760729383 999367416 899502462 194222921 697033981
20 4
536131101 72652333 972365333 466831206 928042039 584879787 744434253 696585385 84803843 818988847 666289566 556362699 672291124 810184720 543531977 706753613 479808346 595105626 452699867 855490446
11 4
293506202 117265882 804834447 991122208 36517134 32700922 949346125 910670109 470417499 309279666 276535577
19 3
585625947 199488906 891665904 170173671 143179829 704448065 654704605 211974815 319203953 585138055 890210808 620688164 383216881 709202563 917275315 41400270 943186981 749072939 204019948
1 1
46574723
14 13
626852 993026085 257514494 867492423 822784500 281018603 536620397 579769547 615172093 307395568 671548634 162678586 893109811 549795567
11 9
559445354 866716171 587953161 596406851 663991125 866684807 311064483 976726720 466609816 795730181 732645867
6 3
694333065 543068935 429508363 502378039 480371152 504788703
1 1
286809774
6 6
341320973 262022862 858044091 80991163 756675132 50987001
5 5
219756902 275249336 189581915 459799471 290493155
6 4
137187682 219215234 504586639 387051503 973958012 561308734
11 8
623260747 311516037 563915730 700160465 109093680 809814304 826301383 484051151 38808473 19970793 351207045
17 11
470803883 465098948 535342473 242762938 404055861 157108875 547222501 458699419 697576292 165517730 413465301 641279931 817403456 446600972 463606620 345604300 756774492
5 4
539880377 414101674 792296822 634144736 940094838
6 5
357101108 735721056 472291539 149791271 742438088 30572085
1 1
736341972
19 10
559505817 129933731 355498490 923501487 282448829 174088837 990157762 380739197 166690186 824862949 195649096 774542337 651614758 711709174 438543598 93381333 693758194 759861590 367319186
13 12
551439513 814432777 92721198 139153737 386835176 573298789 24852486 257978154 972641831 167157382 578163482 812209385 773739223
1 1
190526188
17 3
361297564 846997422 332078966 50508681 943131375 669540918 445976470 632897383 724956797 854969201 42436109 465616361 1506194 227340052 569699518 761328328 391433459
7 1
973799274 915091024 937214683 108185288 927350859 962795941 387681895
12 12
921684790 548328977 358668439 663498884 124574975 777451906 352636743 286331036 391377546 191892864 724040861 44674018
8 3
990534939 448148564 844651089 967176517 46134543 350337612 692791793 171044800
3 3
741137581 311577850 131947427
19 4
867786961 543520609 489902825 717063799 770834280 361416548 996999913 842982031 467604690 503612293 798847221 921431883 935802571 95738656 529555865 819360068 620868993 694368908 710004133
4 1
727386133 368915793 624187982 236868422
15 1
604116995 667768240 188249174 956304229 324423483 497376834 597061445 766452764 535160731 472277170 257645748 266827969 127202733 93166566 275197996
9 9
934708422 749761890 833035731 978634369 825226816 687750562 289500576 966729005 621100397
18 16
412599064 929690669 724284619 780066028 338263574 251923518 680998518 971443551 38096797 367651711 688693850 683585192 786562749 412725868 71729998 327426771 498062922 610655810
19 7
614151576 112690620 510377853 835210137 791759802 193810402 701682661 265303173 354032662 24578314 869801946 483323718 796119527 175625194 650174135 509898963 233634132 445839886 562950693
14 5
76568030 311988420 627027176 371827123 302111546 676211097 765273687 334826887 726686687 122593913 316938636 842626322 555453140 951966417
18 13
357233031 313507315 709681759 541593913 569021171 179942853 676683803 216611982 509228174 475503778 629200736 144398093 688955640 926697729 713922505 816277392 859145498 44227566
10 9
803176093 819292833 294742694 211748100 876697732 451191627 261082879 130585223 673081645 279661067
15 11
496434449 186758567 923638393 466835755 237416317 389242393 8228523 509919309 902434068 191066782 969408889 370393522 91905991 115144696 887416479
8 5
708291693 298920794 958014686 20563134 633323153 263833945 562856732 383440925
11 3
664534277 997885777 160799295 450717910 149393591 785568178 101620901 763804935 179723440 670880898 562978437
6 4
319596549 243237064 397874309 267550906 769775680 242245094
19 1
726327989 203154933 573207168 812087856 127223433 999391468 102457001 596310823 197059475 803919969 140023750 159445246 746253921 144703787 614942915 641022782 896448182 951710453 543394175
11 11
182255204 512790813 64891613 981980749 788987975 84034081 557241917 899204993 347443192 786864672 988093821
10 5
32247101 895180377 564778700 194218405 530874397 886248416 562519747 752066296 578630423 334218146
17 4
930666167 219090944 551770939 436130440 656171236 996785013 89414479 124492738 864527761 898484641 460824339 21549914 587167639 622970000 511365726 955288132 161286910
10 9
5849781 385938076 309774529 464169348 252218762 277057944 968427243 218008593 458919551 397132522
19 17
825994465 894073189 995616061 996718270 747531132 878755040 424523220 328961371 867538904 941422543 279226395 798498358 607612744 237496115 645526590 633107547 525534819 939463036 428371782
6 2
239227043 882272900 284795746 686896487 526410891 744557012
10 6
992371205 60886998 32947125 159095608 702124495 746642209 974631621 809993718 684434850 177418250
19 19
643207808 449367077 481517612 543837170 303479727 466679460 742701898 197723560 600238580 262982478 503706754 30919968 911950876 146476290 184037877 927024597 443165743 746199774 626426040
2 2
432407778 393896799
20 11
954506156 253256075 613454324 317802038 373071084 703636535 918495978 326000331 101694481 829758251 902192587 424886685 760727532 451472594 210374831 189880175 853923493 638492473 924697791 876312403
1 1
178168015
6 3
840507610 181548098 376994211 348744018 418402085 470175249
9 5
42372051 468766383 12487100 546999097 649346782 88901383 981843451 570101498 297387147
2 2
991573087 380859246
6 2
908173229 972298242 834366781 768642068 922551718 878680104
12 2
457042009 943262978 3879360 856052037 253094644 397425003 729572646 30412155 84796472 370559810 185032853 291142277
18 13
440510476 470537646 851414413 745743793 112724541 354172356 94193130 678194328 57943099 924112540 137365619 448515469 736181878 317830123 331706342 98466960 549067316 638057469
12 8
667414941 502464167 457048478 474091365 325331465 113436965 721708820 821261284 897552607 811358881 266573418 942210674
9 3
227719892 467943688 164507277 465637513 579064951 787534660 132995281 72649632 497382801
11 5
765098067 246739806 251548130 670843433 559021358 899839995 600125503 976227975 341409493 731904599 72642630
4 2
659288480 760450438 943973211 402010016
7 2
707662854 607231859 644657367 539027348 503887574 481374356 720307260
20 3
579877258 693594735 919312001 422537956 533687965 4256651 678254072 212400157 562889620 221444874 296573268 961214386 718001279 610011932 556447575 711065898 711348601 560014017 544004358 447856426
16 2
15764439 471994839 454377184 406059433 460799033 201778686 966959608 544316491 745757507 279861474 969428719 705488951 907632302 430609416 836853598 552589604
11 1
181236668 122094140 603130647 921785252 83286786 847076688 811353999 814019330 365690256 381319320 190808562
