158
18 1
667482329 708022222 368934917 971236899 658306959 880383167 998249472 888464397 841402823 998008844 962729273 296995799 940962249 556500582 920080516 574431626 278006476 958944361
16 3
735173389 514896596 408165743 30191810 476505584 761225522 218646562 312823419 913128632 255693811 184397428 384621597 237987363 880467926 332015719 686115783
11 2
153203705 907510866 978128502 923680859 420445528 90728192 457727705 304706044 370425977 937534012 554983814
19 9
159814940 116317192 964276224 282995594 480828262 489934782 522301585 975850645 777581767 291370194 759754209 148905164 69835857 605061057 766557092 945566070 214850064 463698056 67190479
10 1
279212053 24370376 410743106 690406763 126336290 298739657 543736138 479718428 118412621 932207266
1 1
964573558
20 8
964057092 366698911 648699136 177309807 249924667 271358953 646172912 334497886 743471917 548757386 980723419 733710308 541404422 54397907 565699907 438631485 649841047 405762614 904077154 420955208
1 1
407788245
5 5
2074046 520787655 815145868 162842906 207352678
9 3
800658479 553071109 528120651 676698458 684668017 518909016 237477701 804273161 623101425
14 14
888570851 68215068 640365373 370454382 858564417 728388392 625926622 616029903 208327343 68157500 543330156 943103800 635683589 945219899
11 10
748749934 328165646 640580030 842744956 980337281 370755612 610855684 109656029 80616284 138067216 479824966
6 6
731418860 929959559 348714357 120343592 658099127 304640602
7 1
983546419 883841901 930744296 169083404 952673085 146557174 856683746
13 8
706817067 807466857 868013487 793692168 963930074 729888627 925585627 826017116 747302198 684268925 180450597 229389259 389229822
6 4
959911567 770237815 744010898 775038480 4499542 755964213
7 3
169681432 756096722 831462074 610938519 165474624 979598967 181173690
6 1
58218181 383947031 723663107 804213228 820582555 14755464
16 9
950339722 649690864 13107088 493486559 778238499 633683957 72537688 124526420 898449880 552979822 835550812 250012655 928285475 44017732 598284364 269148953
8 6
227602702 618185578 755581401 93992820 313469244 648635375 237315127 392346505
13 5
357766324 176269970 323859713 218235312 928328844 952762631 937599389 263713007 972123133 257753143 226376522 287382917 629022726
8 5
641885644 289763001 962385502 612611250 897448017 507951753 389996766 1689870
8 8
621811887 307569642 216578226 687450559 795280514 155678841 418210189 20840672
18 13
139949540 179405809 160663478 75398170 946053829 831803076 220005958 418631896 321400867 306264388 458863936 719272794 650248935 142088595 240940951 105642944 910553178 553435851
16 11
463751547 680870646 733639056 466549793 439537466 409829255 619654939 283765793 575238396 916977174 408449194 875794382 954903196 454496299 372868901 788140399
19 7
423705502 509712587 131275897 272823498 372459825 883891427 446873432 402266162 158867348 677431128 362686297 415031545 968657603 494145815 958965718 16152302 615983098 272207647 852574949
18 10
973829052 448273585 784507802 633203184 764281490 565359941 19707512 48065696 655749091 986985768 598384440 25026065 376409043 964154748 785223299 1917709 945496623 846021349
16 3
112814764 672038359 24782772 62386114 137945926 908614905 230024620 727149151 330208077 170704436 231314461 958660995 824592503 444373832 900500889 839640075
18 12
542382160 925962178 947999587 847808305 528754167 32621487 45420985 726533014 615626771 919138924 90127224 101430001 498240986 925840922 129934658 783570816 316407594 979359831
2 1
868128432 654061082
11 10
999378393 595669873 509071104 335796314 373585502 254414837 367166892 408106771 301341768 627742507 736237312
6 1
342435486 285395117 421239030 764962472 898128157 316296528
6 4
845698308 848784119 118157978 528068423 8429894 381944512
7 1
716403820 205072745 358483633 494124521 752829644 56576541 870346518
16 6
363426238 125470598 20060009 373128670 69883640 100191012 973256851 220285847 189318804 282764391 176351733 826634776 10879391 474838207 307572457 888176025
9 2
858106294 520186551 822673245 737589410 585857250 450750759 107527004 757646207 769730299
11 10
779795766 641566953 428368410 849770114 452906362 703208882 460178838 101214980 399152249 38949252 1971857
6 5
159317209 115931530 617755630 984487393 82188780 445253407
16 8
969984136 656221698 865847246 279490382 228509652 876696156 398792405 934681752 591007550 364579732 941785386 611910465 369998426 457884173 759918061 4915231
3 2
405681079 626563280 469766936
12 2
934142924 31225396 814303477 803285009 605534505 791098309 900819385 165969683 253417846 822318768 410828493 594571187
2 1
657188789 149602501
18 1
848302689 186831693 218659214 648965106 560750539 581291764 910964489 556247602 446006320 286868646 935836195 950563904 507748833 652678349 95239191 407953790 618439864 391620358
20 15
80320248 832114761 789674742 432534546 55024500 921721064 471310626 503216147 699703622 359454494 761642041 383655273 990171050 329358364 533338322 703925974 375774025 285799690 206284132 149911378
20 14
735674552 164001614 921448029 214404760 149407525 635378215 167647667 409297381 136471378 836801739 705378453 409527269 220262484 524116396 285532706 189662695 552175837 756258110 175281450 285958146
7 7
715281491 989895804 762838731 1971819 611906750 225650914 826760317
17 16
568927823 537951647 295880444 388939601 372993619 473032334 138191395 366079978 669401315 579391543 217458680 465776583 870430096 718963060 86862227 957568850 983446959
9 8
618173583 566573424 378878107 897505895 303309682 840792675 999224435 186452997 99023683
19 19
294760869 841626310 534975840 673347163 150036682 762699299 600541331 938784929 714574138 23054606 291023379 578500891 113561598 376610111 946655678 593650117 134742872 339644447 596923646
1 1
82594827
1 1
131729738
7 6
515941817 764579865 992467124 18208522 455204077 226952572 733136582
11 9
245128714 759147970 190565009 424255004 766666334 18705989 298343000 979651194 391000043 896460772 19780516
1 1
487098501
18 18
762374358 792421739 531051840 496233854 808299328 383081662 85207127 877139620 689841963 527090574 905277510 691571590 361057532 856501820 65693650 856141171 895976267 898720510
4 1
419933866 872947649 583074862 941214143
15 5
417565791 151006473 604958553 194417538 62321373 440287403 293562456 713775455 786122859 870767271 661339535 903270291 824063487 955511135 474048962
9 4
104721058 67193029 415967875 7277015 13118003 421938662 34325256 922691773 955594171
20 6
591888966 948203959 156826254 626853162 969304587 963381863 89598003 224833313 876430195 970641255 967529715 515731731 649871100 579271286 747088281 49275881 1017539 299706088 251762844 397795747
10 7
691730940 448129300 785427804 702786059 345532887 937379120 378773552 795637758 322257298 265863885
15 4
618135896 238571456 117784838 927093586 400258930 750794764 384279397 808772892 376067222 18518201 725288869 494494827 183299730 444624372 950624732
7 7
276084239 17133854 599846944 48054986 145785641 403125783 446206760
10 6
470800609 899818255 451980712 718358891 794570579 6735084 943957926 381393572 795017935 937815953
1 1
20344467
19 9
728114765 769400556 279464452 603213335 458220582 864393025 945721782 51015549 595658335 269554000 301414791 975789638 540543327 900388488 506086882 408597859 753164045 363046445 649514520
9 1
8466011 39763364 353550550 713930555 827171475 22261213 559935818 597636360 926965003
15 11
20170033 27283870 467879735 45404652 879266345 926799782 452138178 545635196 811093567 856019573 717688414 743106169 802148198 25909738 637030300
14 10
429559203 31717334 438499598 828008737 342726340 159052855 538555882 736244805 488949039 484475728 360556244 208264286 978841118 718152405
15 11
48688553 668459166 677906120 469696658 595395548 909230105 805073025 208988817 934950956 406108637 17125456 547966009 463263550 533417070 508597126
18 3
341080525 551146063 588893875 229971321 866040703 226797403 812979540 514903623 988688879 182697611 651275346 779954013 337446388 572383626 127923145 136562205 159481343 724323171
19 7
742868970 608796953 409744401 264644689 665480080 46690110 556512773 167596634 115501921 168775539 274177096 232029901 273196067 312795505 987545197 620789641 788381527 520960955 717856436
1 1
828200320
7 4
857254753 83956436 17671407 868583747 229566109 512088265 663233993
5 3
807755937 70855688 895476728 115949332 121226841
11 11
181745789 32303650 544087969 539734424 182289701 318121721 102333860 476887434 930747668 411967016 481555095
3 3
189915446 585096112 619495951
2 2
88490628 634727447
17 7
654276046 520717909 145990160 976473500 950582003 558708117 960587241 247053517 618481300 741187712 168248614 884237399 653786690 950879895 241867454 542293224 740335731
11 7
520905997 863935365 558692207 316697376 892697584 400875085 969546720 349179245 598294320 650226887 197653958
4 2
544580270 430641696 679168920 793195034
4 1
156538620 873152483 244101266 134426204
16 2
642004310 582678921 245372066 137493874 689724966 961358936 908033435 611987156 473233709 744833254 356499015 923102261 957157398 563771499 202041686 371718104
2 1
483268188 769792835
12 1
777927210 189247002 731750971 901160059 960476498 163460167 742505323 278167722 164485272 752588892 694640725 891324149
2 1
137174449 688487580
11 11
684254661 714806385 954065819 829157837 494961441 260344943 73698807 691740203 361298291 133332045 253432767
9 2
437453173 423258733 147857591 858554374 496560180 540229790 33984789 44679078 482053074
7 1
65680248 388735984 286127470 312657600 778693813 248632659 144440757
4 1
916003356 531440227 563695345 909774084
18 3
708843703 843166930 75971245 166067530 742385988 893460462 365504463 502306652 381601342 262187911 272753619 157701218 172237767 14146770 459050985 733538194 23016893 391619296
16 10
461061401 756328295 67936022 323358287 372026455 516294123 64746177 822634706 441823347 97396934 560289430 103897462 821633991 762893941 232156521 244605906
15 10
764154908 60120302 316594503 372245990 946841133 325675452 148819830 974654576 88653737 158616425 195296895 164971551 516813345 159846540 316986892
18 1
76288054 280560694 890123644 287164289 590692592 255407718 313544653 210385496 906516797 862222329 833701831 554588365 245009373 459664675 782177571 872745118 673475033 148408251
13 11
311874063 796789894 826160450 347997544 133975660 917944989 548573782 935926686 233785299 243742670 515628244 955341903 520175047
13 2
474258641 889838858 228804227 422935558 157889373 250940087 160825185 379605100 550971114 929392394 205307591 515956414 894136342
19 12
555221521 298816196 507403134 175462889 988112587 772244612 749450881 959183781 806826302 641480312 829617043 332826561 820826497 938376618 678507372 623582039 260986515 322933529 273381195
12 6
802068198 815008591 9087506 478432215 883692590 786865820 651233295 430696682 523504709 250929039 689367206 543966134
11 6
92411974 157854173 598544286 292567501 551043108 11399634 671860466 932777071 656309239 505442638 722727000
6 1
10054280 160045649 493888512 762608966 386800003 873149632
12 8
392926543 221922694 140063923 623546672 644038817 199047024 135880976 789605005 820602419 698231440 285451580 344486628
4 1
335541660 795741730 741412744 63435635
16 1
117939019 41661589 569808000 113294227 247753547 220977858 257020187 330631614 781898792 318265889 995451699 678456226 216364947 240241259 101397307 249642444
16 14
404313215 270203940 390243087 598932030 616669051 437511351 99106188 502900173 504943460 322088753 145364189 297505517 988604711 747846444 910530925 254572646
20 15
261716285 689860359 40688033 672279202 94281430 340520301 744972583 293321573 16449553 707830822 901178446 926575902 360832123 181685806 483308142 712717064 56342492 871083134 233931079 965512779
20 1
747868813 534635623 210136948 472155033 365739223 324054923 235919718 617985117 15972192 69467336 317570904 7745478 385697861 887745499 540958792 988422447 827087958 422377901 165723155 994927168
5 4
624371342 591907897 927404677 603229492 636060266
18 9
227338637 826492926 692800111 449695062 531992380 331797011 825029762 880575816 479613230 552562136 257882543 928150414 948229629 340064953 465572289 364620546 317332517 807693691
3 1
979203240 959668591 545226110
2 1
614821219 84629050
19 19
217134197 502613773 663477200 344546344 997302587 746154926 210862651 21877689 845560576 268649018 944831357 180502289 539216312 730594122 442778402 980601241 179697029 332408124 705810150
12 1
443324836 676443517 457714330 933168635 35541995 763143713 786417696 781553745 290269316 354998744 15421439 760219373
16 12
343003096 818700677 244694670 189525778 436114810 334412306 952425714 450214890 301391017 569927837 601162565 576011761 366072203 870318746 140973958 348835352
20 5
415862680 747147785 544669912 445555432 218912957 624454119 879397530 82450639 875376752 958847223 891755053 742622589 920303348 691855007 159363657 510819484 875078128 865695125 815143521 195185329
18 17
430174671 293349741 536911760 254903141 699186686 874848090 730889195 864790659 103676941 509842489 804681214 523038061 308076407 319133703 149365010 721627585 853575007 547793846
7 4
91064770 851774436 597952982 398523476 151915825 34323462 983586712
7 7
503680815 69450684 745087674 424292341 5539931 637084908 996153591
5 5
614857901 639332903 73745183 794511662 126486284
15 3
588676939 114994583 485167414 379301156 862573397 715749880 40933329 986349340 521436043 808266143 416434329 420279897 949590426 904768383 899649670
18 15
350795440 22604184 297899697 669019809 115887727 641539021 327057366 952595811 66828231 646460193 147222505 356073722 300205749 721184023 28293714 76014723 911604928 136493982
13 4
402518847 857384200 162618531 754522853 703258472 87863205 351847818 798644754 98469401 243876495 260562089 796875339 881650374
15 12
700561415 270325716 476059297 361224922 773239428 116751208 83320824 758447193 617096357 631691055 353905091 325533070 965638249 218141018 646511353
12 8
495657110 109031974 745977381 346279350 809981937 291077435 275611644 846563547 561208075 426219553 11719189 961745300
7 2
627543474 373497064 749438451 652072052 249575309 36633641 858802325
7 4
7590290 717699786 447789760 191814504 98117587 958569589 937154126
3 1
128114521 896219011 166746343
15 8
902434463 348276652 843684443 967856964 719435294 809634687 735575790 285675835 969238033 685221814 205371429 254020660 660586930 797543769 566290540
1 1
374833824
5 3
86961543 298864204 394301746 278810266 124706232
6 1
791398500 182390879 543298278 618773061 620633353 32352997
8 8
157376416 795451662 890381508 535618210 636964623 454521801 450650768 331607915
2 1
372561741 492589214
18 2
803465562 591782985 322756703 656585642 600786509 237354848 984732563 382960831 758889977 542685638 636340932 62945734 478809605 540246450 657141556 44320153 43681954 898656072
20 1
684005167 313947636 335102940 367253172 707822965 951091136 864355449 199426080 442974514 183948077 266377033 652501855 814024557 112909864 487793929 276474555 387069003 326461769 14736096 527436893
13 2
335304446 681125941 368366970 672874939 443553441 389901930 712436146 924250345 94298192 773635730 64346020 309986816 702593813
8 6
520478252 195819067 811103996 92777043 971574139 758235569 507491889 291635662
3 3
760098694 501867211 138937269
11 2
637465562 163225278 857267255 74878703 400128372 225095502 302455468 704456750 70625377 40720639 953683718
12 12
815850279 823382046 1603381 45549376 645301882 361123232 216701887 403384908 766019916 333478748 203284878 498381339
18 15
422018225 180185471 628567143 729482884 423487982 532635893 604924319 453672042 196525396 369221400 501936366 12868423 278760043 318094759 382463945 202191298 313705097 644005658
10 4
917572175 4013649 638644907 32887215 847198807 2733162 614974068 973358034 3170366 761191905
10 8
985720227 163048934 56598874 825968871 118302480 526048558 79797235 4241822 576131757 612220222
5 2
8038207 745457735 61397452 48619769 568618837
2 1
531837432 850577695
6 6
901234040 834318775 790357697 386086961 925811178 141163291
1 1
510318617
18 14
646129521 487538816 809501215 808271314 937558702 294168548 452669200 20134470 455912562 488432177 699962675 581530540 63055336 398200984 428818606 491123100 152822277 629642204
20 17
79893395 613546641 193027143 711663974 499089520 853321364 779932847 366929031 629623799 671124574 622553582 784088971 919492043 421623903 267642575 281457901 695653370 604599963 151128636 581350867
1 1
509522157
15 10
18209729 622156639 901213277 690822677 676600603 412295946 675086594 205110466 985379312 382723608 689216884 536211986 511012475 538031896 227154770
1 1
551637273
15 13
637555301 126515236 265325891 85568485 973472859 871669500 490620830 524600237 228498806 250651189 802721470 259054932 628037360 17113746 665856331
20 18
582930460 407925423 892199799 539888353 16702684 297750271 949263007 652365739 940709096 893777751 556464193 981359630 210361629 450448090 176118515 415207303 149537426 218662523 301198889 831815187
17 5
189871843 523955615 209478821 370005631 534496047 115872263 37948308 985507934 421213085 87674409 965624103 339702136 451606737 198387913 447509916 314411052 535877002
2 1
348045118 80206749
5 5
45744905 931128725 829828070 266282148 44591529
9 1
534254285 682927233 506916845 21737210 293884192 226695382 927943390 93423295 710189873
18 4
384494155 779218892 617021794 230062548 197324437 897198274 473149889 293605618 103692027 726702434 446619593 675047287 99507899 611777606 899672491 927920996 218093192 485813154
10 8
449042932 610703988 621492423 40582109 835512354 37567054 504892071 642502671 584784334 610239430
