73
8 5
80504156 531199026 22569570 252213627 606131514 427602015 63715692 197396625
9 1
81037878 903957826 744043599 577112664 528356889 821061778 465668298 49257783 784496698
19 5
618300521 119836792 876533240 529978217 729719323 434794987 580584921 947783716 979528528 783385671 913974068 541467205 374869624 670089005 733076949 878830214 242580972 194123315 594379673
20 18
817886998 578446816 235482649 334655154 579033797 414430102 533163512 598962729 598456631 43188537 567158634 146090082 135864791 400752778 240132240 590799680 530709426 332242251 162874255 395228163
8 5
411298015 681132410 91668234 512242892 288244943 919352370 250650665 542434881
17 3
966202609 746864942 112158324 483475838 739915185 372959440 587842650 554407226 339426669 155913055 697670937 493139112 114025942 934492618 680141947 337306826 299159994
12 6
224615337 324728026 230174645 216794038 643464129 297658475 161500237 445201456 243005514 193444465 189432831 642722512
1 1
409503758
14 13
437593635 95294431 887497501 141065488 928456714 891269740 12349138 196472345 700247171 66272731 913777706 229639263 973248530 756583275
6 5
739811545 642862711 693948879 303360974 226816616 331448608
8 7
200266809 83933286 790646246 939478946 857084431 524715007 855705013 667316685
14 11
904162696 316394588 898322846 571673400 80824476 974060472 544332077 555089745 804459850 296770975 177617619 843614224 922087903 50602975
14 14
781919729 273517686 698389714 300183082 6848571 692835101 963163068 736833971 377444198 509504500 271205041 314886656 739246881 572467050
6 5
315900337 100456194 838910041 429683515 390128484 161600937
2 1
609511255 418851416
19 7
596798488 826121158 575395862 740750667 934233205 755420543 897220738 766649021 194029107 37363121 833574815 18300816 805440032 979274650 414620049 651375331 370554764 499122729 21731036
15 14
244307681 285833000 478535907 602038482 26097527 210648492 703849050 399894049 925748658 426524995 469758436 7000348 991470318 46921889 250057646
15 14
743384791 124259146 405665648 96235507 359264765 837007450 377081776 223507857 141436890 231514942 770563994 619524418 880223334 730475470 278772350
18 16
688792728 485237831 599512282 517079785 907944227 94197126 849897779 860614978 877475686 753773107 892488880 639125932 187113852 734582846 55246699 828962911 532358047 514393945
1 1
17800730
9 1
940518689 894948219 257658325 492363993 851196809 311148716 629186516 283667467 347992117
4 3
282441220 960856179 530996842 875859940
11 4
224856004 132875923 42601545 391791781 746695719 428792628 631149311 895317430 591935444 472168584 393048360
15 6
631210373 503575659 256173705 998774447 30416803 4922619 943102740 784892056 221792602 836330360 449147292 763150872 105285203 869587931 653060121
16 13
423164223 883810628 830694520 805607574 580231461 453381716 321929057 910239547 86819048 38446182 593496465 515505469 634948715 659001490 493369390 696426006
9 2
773282083 216286131 100409095 515341227 301276669 116403154 185863625 886842368 448201437
8 6
92902942 909074550 708160709 160442322 864681283 694370522 61162729 25170024
16 7
864835162 269170507 560215999 770690806 142912541 773266895 704635079 609919373 503019999 788566204 668002571 399153391 384904170 612668173 857020823 413166076
2 1
447195036 766225531
2 1
752551082 550279930
3 1
398692669 74436839 310785272
3 3
198979642 941380943 39920093
6 5
762208195 783143555 961619112 731978160 753562823 658371385
13 10
525666777 403446483 390389335 621483270 264630185 927114773 167245164 382361484 931230292 162320904 423176174 502107999 846734423
12 12
338961118 253749552 343996584 69657487 539830082 152660170 823065090 425418913 909844256 855400786 836789754 208956538
8 4
750698890 667027545 16945661 291046224 332338074 175060510 650086066 566729216
9 9
46893551 671787773 116318783 468924533 710656901 845065542 235135595 324514228 185467816
9 3
222199179 240152791 884754389 102907294 345389084 280606974 954606103 184753036 964576078
14 9
461821010 373960481 88931532 569429400 351179207 806060090 196952901 466440439 792749232 182268671 552579303 902422294 482317003 564352348
2 2
86814139 660785094
6 2
285977316 237479292 207385290 486925966 509850715 250986875
19 15
674792217 626797586 595082714 712719450 616332353 624646880 178113575 448446148 278478527 924166123 546348676 700447283 58541631 64669350 306940462 950140998 710169186 39129890 567628986
19 5
233938098 232391289 210465945 234622250 670998111 535381625 185227139 428854414 964630182 981112626 920270620 282142390 583737543 193658862 371148789 269019919 578879664 892045608 718580401
7 6
434603161 403919394 95311190 696110438 983767530 601804573 224042991
11 9
365355167 139050322 493895589 520523289 586414244 610030351 488208603 514613891 923234251 693143036 76375682
4 1
262408577 235264640 2643749 45283544
2 2
89850439 34358442
7 1
304577265 638770884 341627683 918482239 44141638 40174116 551607961
8 6
574810775 255009186 253224372 231001375 288745591 232071815 536356110 881779635
4 2
499900736 224976408 135186186 960003090
18 17
602733176 150604225 44617669 944054923 175044934 294568062 238373613 803810061 179973438 803248831 110245907 319870172 13515250 433596636 944165761 277379965 632822661 152190609
10 9
86348626 821787256 529479001 223087027 595088263 979195191 869350802 780659474 926816403 518014569
15 13
966354540 260874620 30988234 78286094 287407817 258440831 35829696 776280759 614061980 298321217 980982756 151504652 838190980 504559410 825926740
19 13
281774877 708771049 449366244 257410403 461546325 522667691 734222271 65183488 183446563 444707918 705322213 179526130 165155974 73494584 995449425 379358035 67182576 624230589 273090062
7 7
409925126 715351477 141565917 78945761 634124309 58112852 495239757
15 7
132140053 915371349 197055591 757068036 20130696 391838745 920208031 720421740 370481080 294637808 300505787 267660767 518556029 915248455 113168383
10 10
152919446 45988161 315893247 556372355 970128024 8062320 932925286 655799723 214359270 990918004
19 19
876532750 976997375 91005311 789486768 161771288 393508347 44498404 811774056 939655923 36431523 346839155 805972256 877423174 824601785 451697536 335990457 461605832 838908532 296379885
7 7
195653987 461789711 714333865 241965979 764774979 239502339 922618318
9 2
477688009 884531586 623574103 152528884 645399792 960264772 674471696 5233797 402194565
1 1
814990150
7 6
995406010 68800341 646099060 958961068 780827361 512493616 780080773
20 7
451004013 876570575 319679179 617929501 907863656 231531303 329516932 808686810 315187961 886532659 816491156 206557286 565676030 194296774 721009627 23634480 451929018 27816515 204716251 282101562
9 4
627255948 858072712 543900731 523198930 681840321 710486431 727479811 76708121 489378413
18 1
401128964 349879210 550860578 949179470 587971370 716723495 359663364 946557271 475018998 879594111 848827578 353063908 880835373 388908237 167252120 97711011 600471613 109168559
11 5
729624238 376351918 378479636 810995479 575258750 14590415 966083603 969471062 40669507 972761311 742532768
4 3
878612107 253897340 116848537 602451056
10 4
490520391 641764641 478874886 600432173 551249911 894900321 157531969 89430499 897351281 891323177
2 1
216654184 788741058
7 4
418223236 160507842 947920575 724618620 230681938 912643626 374510667
12 10
222322252 253807550 556914929 844954796 281204499 995531044 683761368 235219250 458972534 62954372 232240617 836705343
10 3
680195045 917615053 875842478 112676164 664550128 929604844 165142385 740565309 657830937 707077818
11 10
430519016 260299679 357316390 957623928 628556277 122082132 189770200 771119966 210840928 58392616 132690950
