40
1 1
594086373
17 2
618023682 602525684 655045846 362077870 784850965 415092438 290946163 916496136 105577648 445125211 551484043 128458677 297432184 712351930 924655783 258583622 160652797
14 1
983557324 58692446 270005047 374564324 209735325 595133778 960384935 371101520 205767020 993882130 308557792 742157273 501119929 189811784
6 3
593618985 189068464 151759523 455480318 843811474 835798569
14 3
67267295 592651160 187183653 303530028 615901188 45628985 892678985 526365174 359348112 358195724 456036729 264208931 981437173 170481762
13 1
880791724 362808815 301609843 193769772 805336688 794909189 836999731 847881301 288665072 960340884 972829509 957088834 80261666
5 1
877287004 605724425 620177521 398623209 189072847
11 1
299999555 525543263 542473592 939656374 362486518 590890011 114654574 7213305 912115293 863342307 753605611
5 1
9549873 459307660 906390570 552767137 432801975
8 7
935627432 624895223 291429749 46029403 629618958 651932534 733418986 131735052
4 4
603999806 294364260 880536842 511903724
10 3
383626951 719865315 699454135 966394654 629598817 64206635 745278619 732078467 566156906 359963543
15 2
596422461 682893025 946091515 805517041 548666363 331928699 494472793 399302504 924861495 705823102 411372321 348579583 449548888 51250405 786547478
17 8
593372023 769354928 25855027 524012339 657851078 508433217 870280260 304903847 604067141 216001674 81062056 160898382 685471405 551437515 989792853 50300277 585612420
18 8
701040217 86509801 870492234 480918836 899456902 800628766 600971397 367099664 62047131 38745604 333234324 798342428 869791480 116021993 308458337 422463586 407611030 982808179
20 9
181499253 806892561 395857042 311780692 238259440 672973472 130825821 102219275 169451683 433362627 508837768 801934188 867970639 262744132 152347844 404031196 723536026 886254583 746504642 196719073
11 11
259794370 224746485 958042117 278957711 533033533 646827230 398385523 67603124 889612477 897958197 283759535
14 4
15770737 264235867 859397870 680886979 858523496 795820641 806860128 733039947 886610045 824793545 593173233 956757648 928560038 344260360
3 1
756977862 422737692 376102109
7 3
423636508 66067355 670708176 243113248 137490954 411309680 550088184
13 7
344010364 33675327 609709148 650983820 382328200 497864841 496998972 903550401 309275287 362459506 232717574 107992775 710252936
4 1
311188078 362897691 345138155 500868724
17 15
522910316 658294193 533385643 157966352 742845964 485536766 529319415 841903919 272431142 969748837 949169678 400609163 313155773 317814001 867879252 225984613 776854224
13 8
612877697 564761787 771470082 220063357 256853916 666032082 873288700 537098043 92665619 660979392 195919827 622130651 657488297
1 1
60399424
15 5
649972989 283863389 316185614 116981839 228457250 600878848 964361344 97700603 518904091 114846877 881001899 929220530 286772916 789192534 79619521
7 4
764856728 237546410 951515777 581036364 650634979 977516740 745896139
2 2
763993727 183811826
5 3
918939722 106106817 559410487 460557595 122499967
12 8
81258233 385624817 125174844 277738915 898570515 188304872 907008026 277202152 328438622 542454509 621818829 672752323
11 1
824643292 612617014 428234008 842254682 840518383 790517592 421976131 550192722 399122406 155207416 402181175
15 8
277205550 77267876 440541585 855377970 18189983 955409347 62960889 397874327 217174394 72155542 21298459 878566542 667908310 141004222 446610490
12 12
835988762 926116730 991513851 5813867 578521936 968289973 830985842 693038704 573516135 366776758 627148979 379649645
11 8
224673555 377182509 735053833 576121763 781321465 564053123 418750061 505026278 843792904 519257560 22441116
19 9
323170477 710377952 466487496 167849638 503976943 499238511 305792597 326497275 734449134 224059664 418964063 32800314 11884343 897449805 203611812 564295610 815227420 893532219 591609208
17 12
803050415 261182639 171058205 989100277 662208577 288449549 155689555 182705227 450595843 810544946 554163811 688287095 492997201 928364411 217212367 146347076 688428438
1 1
674644678
15 13
404742322 833576205 508435319 699783007 806879616 537089983 383297510 478830264 767464347 380970191 138355550 298873928 196273246 653856153 572230364
19 1
400802809 762305210 864523314 960295938 921770800 319766137 915748608 598715128 582580583 340989503 132344001 28858063 167572873 65688710 276213243 324978948 107598694 991317475 536458689
1 1
611559200
