74
9 4
891949077 71108651 173914438 176102947 934636080 450192842 983288294 577940610 691977034
17 14
399524767 864104362 696658391 999256823 300880568 210787936 817648140 607828932 896975733 717261091 2499670 393978175 625401973 292170571 747582478 936317476 528538569
13 3
203457952 27269262 760247622 24166768 304748081 819532571 50186906 165859126 766044440 782879767 518775558 658942336 525504895
6 2
393621715 32609843 211765913 672186107 17647217 65820532
8 4
581802381 815302421 170904848 691409761 952510433 477754753 237364495 929805505
7 1
973066859 514277710 444412382 98403122 545833404 656318312 233111602
8 4
262856693 24787434 83947483 631358370 203608312 586713008 126705668 223033205
12 6
868898631 781343327 928872424 455473598 263164116 440915336 341196945 943431297 48650127 796077697 682062968 346180120
12 10
915498801 295554949 114246045 569317949 452270703 949442961 484164472 772751901 684156155 483322271 198197366 303614287
16 16
448660801 566095317 909836098 156529149 363236823 412984898 295026781 732728942 490007167 447124473 124082456 830533720 163881220 787455812 176925386 313366709
2 2
356876663 299056163
12 9
965743093 733954513 933607338 97878510 212573095 534753145 276303260 303556549 501520346 566424699 527224653 206139156
19 6
220049493 730525379 341969329 816475776 707590533 323689372 433530982 174008647 232735531 886721008 880891377 313198939 118529504 323044664 978690698 336328304 712378527 904886661 949828057
4 2
382746954 79299630 197193904 322363114
4 3
35764029 711195744 85652435 841420808
7 2
299955441 469225610 924114639 610080157 947626733 889052535 484066673
18 8
322983579 901419012 169163587 345062678 418886710 423898731 973026420 993388530 578638987 888283517 436715214 483275035 163249525 325520069 190866030 27148952 710692972 39449190
7 7
478101686 756688213 838876732 346310042 547996739 981926153 992355064
15 13
542636392 553367270 588422064 133746838 908385265 198159804 785763588 571153604 515115299 843067782 816013795 76091653 757869 568857324 740306425
20 7
423711225 39333368 898873459 526665903 821039569 381926695 679903079 449498665 372313761 490910430 560701222 296702480 165273878 40870818 568511941 196032292 372820229 616894446 957055924 996102799
19 13
328533257 106014843 863165809 18657291 730435834 941721700 419401420 294948 980392753 418894767 209321532 253620627 190635839 646930322 2245975 163158822 219070766 874732155 929119174
7 4
325389214 714714383 615232513 212229764 349705280 868828295 615881688
8 7
104038983 983263085 208496610 278296869 862892766 348324083 958295383 20792292
10 8
729634332 366864939 88601728 777688664 78563690 960520994 245966471 752771629 579736603 449651212
16 7
806349774 689544674 720893695 751333618 102558812 211259796 577191699 749298218 255370765 384304367 499462044 63487246 366859652 24000345 310273773 946556395
18 13
680207783 308039144 903960066 766979489 199135600 913714923 661092454 18276643 527589276 809484323 783097006 434749530 353118178 638052823 736949560 46927100 763728599 989764991
1 1
380677282
12 5
830351171 165442219 228877415 29147937 236371902 747808013 764087873 90500601 556888567 500891979 273669755 724630325
1 1
375170496
6 2
318063457 28413672 235204603 68322007 685281623 437113435
3 1
163493329 16471853 505733593
7 5
408553200 795964028 240112754 861597505 480951923 560055397 98814810
6 6
479590341 702434423 276241296 411976461 816211645 640338719
11 9
53431407 546504667 966852310 822291779 395617561 92389359 376836258 809483341 446015625 8728059 301711632
14 11
546978063 454030639 927973062 12568059 10370414 541694499 503780695 579049476 731390065 66114127 533207971 631777045 39915759 599805464
7 6
996113733 620237515 300745761 798196012 33987680 95751844 55284252
5 4
574628357 248104037 19579613 692957238 364446244
13 5
532951520 433231028 421363820 643483683 499097936 728684319 117499427 490275283 665701277 636124802 528259937 672527036 95619932
5 4
679509966 734427347 631117021 929903314 806592247
2 1
244010105 757854010
8 2
292367441 829482254 486120241 326316306 513234035 884524217 645331060 91249505
19 19
737623278 90110998 410324553 205818432 42228878 504218988 885020450 878554796 91474499 663867288 329697170 57346260 68212823 927593166 408682737 803170697 690799351 422121608 477374410
7 2
667129558 928733205 159866126 901547218 5554825 940032995 802158122
4 4
375266106 457598510 25074079 912973279
2 1
265888303 137515756
3 1
686629027 408987783 179763629
16 5
275014337 254595397 727122033 307474887 447207861 909234122 466841184 639496153 413818564 262285688 980751160 540087923 490237155 631207387 467110420 916308568
19 7
263411298 684983274 499156656 204993055 174770371 341461290 435254938 762771405 424482401 785192590 681134474 723432103 868868021 301977490 353735302 740004374 350062041 779094861 672828141
4 1
815494517 725283096 547452998 531479075
2 2
216575604 335677394
20 9
165076895 661776511 935941055 105456363 167666972 869127321 554127238 617517852 482680382 540039921 945823699 104239143 500139147 213253599 206818708 449111314 651794354 935362451 658376640 847660553
1 1
577864839
4 4
230161834 452672428 611478409 310973157
2 1
90696888 215071286
1 1
975830349
18 13
333163758 872802860 663394327 347273946 618470805 694537501 219876248 332984197 213216081 46913735 410736872 685258078 171647902 97405466 210903620 693976438 376055757 66177526
18 17
302603724 287858431 426495172 128845205 763917001 857322123 647930105 760843022 956589411 147295636 460020918 522115298 771049615 411963558 735787013 626981617 800086165 180612383
5 3
653302643 671763950 487086456 935136145 395880867
7 1
827345842 297237116 822893014 377772289 294752108 919916958 375421736
16 14
969474896 950049917 179284639 680484349 930344695 403984430 651953600 25843622 187600508 717464803 954021866 536909428 390752123 924910618 823460904 697941153
8 2
193539375 370337513 500358122 197801349 836267733 515982378 501099858 10651584
8 6
663714316 199631793 989954413 413529225 680890323 148936986 279325523 207395100
20 15
336640648 836602427 365874966 501734094 745765909 657141402 994004002 714845799 527954251 631327435 625826002 269639870 118934136 846409217 157367574 651199805 570853840 906908958 446673136 338748680
4 2
122815809 315688143 592718180 262498474
2 1
145486920 350217897
12 4
116478951 359894146 43372528 546826860 322968920 147874797 586575020 122970101 611349635 546078199 702082505 784991573
7 2
978901129 18649969 315874105 187963495 52943699 353458666 481870284
9 7
430420098 885749175 881269916 225676293 862240566 705164970 622670657 281178273 195471211
6 6
706303733 372364898 569071509 736911277 907648490 163993023
13 1
351949182 652474470 257951997 812853834 80501987 678970911 630325746 116316047 934817582 434666235 740501231 438778552 939227327
11 9
384316551 900190152 78297887 310441600 868571741 780224263 169131941 828908487 114166817 543668989 434708463
11 7
25857046 646869186 294902484 23635173 9055051 20217512 219409156 781374066 259585225 410635758 349454761
4 3
664619848 452336309 571419789 544185241
11 5
413976454 592937679 89299723 509505975 304790006 598748049 891320420 171650479 109605296 455478764 913157997
