98
16 13
614590027 858429184 2039855 811069115 586577990 674153883 38370930 689468929 804160149 482735908 747885271 774482937 276541681 802186859 848454818 671830502
6 5
601611137 456477325 257932941 318160384 992643470 758256859
14 11
423440416 825374691 958509151 690895931 187484174 569802572 455553403 548896444 128623659 354513344 77854870 164225554 660527621 180658341
12 12
180306401 723849271 785768615 669017381 752246670 700505308 802583053 603204010 611889843 875562104 288669730 722768560
2 1
198616852 200947917
10 4
597228939 689638848 575360052 416181130 635929230 130677508 598213403 780846896 252157729 307877004
8 6
359509021 679169010 627012012 636153580 773316428 405914418 803899072 957575734
7 7
296119915 364063214 112243918 938901291 763966452 749709194 5554169
16 2
272573385 297886554 864645331 276496939 146365734 459978309 178721826 386851734 70655314 45995296 41485119 3645167 469089323 889062641 384287390 416902243
19 2
19192279 335972128 526346406 931169876 478785716 702729478 761923274 980102383 184207295 739802555 382526387 503439347 521093597 415181092 160947554 481604357 85933886 137864720 792664166
5 3
38444278 997761881 926110152 145792624 220505402
16 10
927965256 187111618 793252336 666016624 590232410 611049122 563879692 9161355 976901678 824469586 852142720 242568008 269956681 412127904 499459150 543172395
10 1
853772881 824129997 561222296 890465624 330733760 151817374 98050118 378711933 895104663 547202310
11 10
595749962 17442828 30666387 939209246 860990604 569864991 799439881 874336246 204124794 277506295 606263807
5 3
844018710 153984016 525850157 509508927 975203623
19 18
767367331 688958380 26085627 286606271 422714274 616613248 356278761 239381581 556748539 381311504 624972221 185520556 745532024 179165213 2606756 386788536 779603466 624605929 828888573
9 9
77965472 446462097 37309666 837165237 6311258 892697885 691707683 853116450 370425701
19 3
666987187 345642654 994934178 461891583 367035272 3456502 915119759 311393954 518708642 529905088 911448533 813517317 187923568 722363968 300660428 925878983 995261526 448773415 237352625
1 1
965050037
12 2
633599416 468896375 440873833 347295568 645264546 47352472 304081492 853075697 109560019 675607289 447933519 629753030
1 1
93571672
8 4
591740012 655401131 846054779 221122011 538496458 667926614 702186566 819200410
2 1
228503935 377254282
12 7
601452405 175839062 445972399 66579459 878748359 77395232 540037258 697514903 277939801 753698166 279217956 111261538
17 14
551426673 125066053 952844118 167517702 904342311 77743129 849149542 752939745 606252944 23125276 916817355 689323191 83768318 24502944 694433774 662556249 231920443
12 7
918768179 135440067 725497616 9003037 64841656 961552596 944982136 501572801 462515260 308682872 938578315 848315485
16 9
774563475 96394630 250164340 651013714 588331022 617501554 81545411 66134989 278779494 622656682 399984633 444104701 753568984 133413331 210141589 408303605
18 1
368717802 990717915 160486833 589925003 958326356 769640558 110026114 857146592 941352766 566751327 597670620 758780243 410842874 746559741 982724582 159602862 967898516 514532092
4 2
376688078 799309266 837319449 201968761
2 2
653137646 234283771
6 6
92774428 218544493 659910695 618502188 790182409 455978944
20 14
647004462 421027442 43971039 93042849 881109365 668736287 516157318 84806501 415847838 319514121 583437581 497272745 137592684 292326678 831289855 773595326 499366268 933623605 902230680 203778405
5 4
626538835 262693327 791728260 370907180 455186214
10 4
761378597 136857731 874987420 481605162 362324314 589764989 242204797 70803230 295939966 111407667
1 1
191487587
3 2
950347546 265910925 513767711
17 1
544941597 22114370 898795569 514283976 501180252 949000406 271476547 106916582 903115926 782301788 574160249 985025053 477257942 8602917 345293284 801230645 236095221
8 6
748316189 987749540 883204014 563696980 26192379 51925003 408916893 412983070
12 12
899831506 27759939 999927774 415475662 683743712 749890825 674146975 779944610 168155108 226579170 178372746 446976346
1 1
218245626
4 4
961086059 440450563 177589742 385006736
5 4
93898617 608647670 413847330 451024966 383925267
13 7
756885229 199234749 654705655 100497734 71092715 879662970 183972751 663883476 267400012 247230445 596658137 786366117 600147245
14 12
670907960 749941615 801292779 389700911 604651421 57061334 71391134 307595129 897922416 288575367 618732280 232650342 78832990 519123501
16 2
257924066 955453126 167235162 278768813 343708264 173730592 723626281 792371934 378324531 680954339 793714872 651252287 57542072 878255106 510084905 895578797
2 2
129372528 248893299
7 7
751288152 465325342 447007040 94914304 762876410 240238239 606134907
12 12
830036987 220125214 198257758 943632409 148748635 544684044 966310612 690865315 228767283 994121323 30025978 267113297
18 16
878835210 687917481 839408147 481995726 174197564 458708797 526612248 166923774 861172710 721598567 237301278 816121430 825340381 976147824 688197263 158620479 310935310 384677730
14 11
229375252 485365305 665214230 952034395 256691563 174575567 741597410 828113470 849500313 718136022 407657381 370414668 461386441 737423723
10 8
610780923 340664005 324415115 11199985 477756895 45965405 945490328 944476455 807227396 734679534
14 10
985452565 286192731 77199748 324657953 15421307 279336570 996027793 82332946 486679433 711876118 289996741 506923187 389263260 393844601
15 15
432861899 301734698 545040356 712471055 900980747 58730307 410497164 635224707 243047653 478595066 866788138 46271447 844179228 267239694 39247918
15 4
816861884 66931912 450138623 124138865 417292546 567430057 692383570 809865829 176605434 729464956 57688644 184683949 887675265 359900245 728757665
14 10
423911513 360036563 175023665 413259896 805484436 351593316 936893524 545737543 218057889 513877754 807340665 539485668 837364381 644152721
15 11
684508071 375277974 642204286 29407219 64306851 181406804 715740542 675420793 356345827 563602357 446308294 986709781 77051707 421066738 242797253
7 2
586866609 100521710 583288954 406526984 895512972 60326111 696779792
18 16
837050133 175535329 223278084 567253109 640790988 825304591 317969025 388837475 361039006 913996164 861563596 642157384 861535254 501840207 758338710 263826746 322568055 370505615
5 1
652794419 707449762 307167481 328131471 278467546
10 4
607925287 12922500 456598804 518507706 257959219 205497615 450197356 506819272 532641873 893953178
7 7
78319209 931526474 385730025 642714629 879721991 124121676 611356448
4 3
424553619 932498510 417340759 456581359
9 4
418658142 719482620 728370549 83309712 491051656 508627337 80784137 170500175 886698311
11 5
955991740 151419522 575949255 899265582 330491151 778108296 417296427 234024634 653182767 992439062 398558498
1 1
111858324
12 9
123708932 242697109 3450989 857317480 291971467 867989464 558308167 490736772 923662099 573063260 587857510 574677935
5 5
15888951 848376217 108215286 588598694 434641056
20 20
284533963 382372292 222810815 604183960 358458704 542341011 497092484 783422586 62999241 219400459 67132303 866245976 55507367 420396163 464222076 16991621 869188129 67315616 690553791 849615800
10 10
642900343 406745481 268332745 865387235 404533868 256181369 156390086 145911871 922786229 715358014
6 3
306183671 885417062 625042775 162642454 74616634 77918654
20 9
800749207 31195986 300552129 68301000 595954775 380840958 222002090 43874940 83193353 19161100 979122488 598385525 196581529 159934018 11508835 173575053 461955638 726782660 361122666 674913218
16 5
333976551 853185513 864846732 487205163 223517700 260878247 356614496 699980685 839577726 2786881 508778412 288634133 521656519 562625232 763634076 580796761
3 1
627749919 77800952 842145964
8 7
850012576 613899264 351245313 550825905 194895229 445486743 536900892 609239
20 19
62445163 913720325 221305576 747207091 808037285 516110428 6058057 680057709 659474054 364094774 927818333 420173870 111036983 123951867 22529470 728368447 940331977 219995034 158389666 567320748
20 11
261949523 885896822 769735997 968090785 547373158 941761554 777850952 183682143 738259025 905255885 349310678 153465663 482922422 797508345 293582741 337141537 133917407 860459383 283480278 614603221
8 3
670328931 963101506 81011411 882340029 535995672 727843920 258877082 187433145
17 15
825745586 953626052 303690312 958618891 745711411 241995360 378560833 532573524 938620607 682872238 414903090 153532362 827946407 744662347 905033101 575419679 83016485
9 8
456093373 393415134 841933375 956708291 674326174 509293349 365094108 13445226 757503934
9 2
957070440 232708968 215991338 320421401 102206897 314716786 575506959 514698789 751326601
2 1
417046894 863416729
14 13
32629594 403423373 114281592 719630078 17298854 564387543 834233740 918305353 556593151 272848669 940455844 173986311 873456816 757906413
12 10
488499794 950001553 407157387 696580225 632319239 581339381 596245609 394356851 883472222 25695907 643567289 378762018
1 1
931405049
9 7
314172856 176154055 396644213 427441135 530787057 419675606 596694275 355604725 316789224
18 18
84531045 504294399 850361780 474632657 687779211 666667902 447594161 601975609 740656135 973475008 441474922 367012096 43748194 565746798 848244548 152823750 969982002 457726780
5 3
226833289 589766593 884193733 694871515 376658466
20 1
915585253 897180301 806100535 453698896 763807136 571933723 851550843 137934472 465354657 714227162 980040232 295152202 346249301 507627430 364985250 991087652 992219580 611394400 164734171 829634197
1 1
877836349
17 17
422448175 373380629 421502665 203505190 706681354 649479357 682085790 625568984 976190023 712220155 75713152 681147097 441588195 840529307 623153667 436284395 719609353
12 12
676865736 670376565 912780933 907215133 513469550 540078341 583837983 134861955 67244100 282505461 790530266 571573177
16 8
473341984 270333496 810036343 368232051 481052779 363567316 546043650 195148914 920033416 588289956 297555255 571671262 618450765 114069974 642860614 414737548
13 1
130464455 990739191 297550283 795117752 54879812 304805250 365088843 60984026 552978970 878121520 830205468 467165367 399549577
18 7
255940401 348912394 638942810 174041936 573483449 633221837 469347682 530477408 590360283 775195216 768170520 321116877 552246026 589102469 493861328 995435943 269534353 254653133
17 1
52102974 613388312 669252054 88992154 433224202 920915670 926653306 250787233 433100827 467922110 190937951 204777808 617055458 255613796 677515754 205358770 952331958
1 1
564533514
3 1
328194985 375059299 629102968
1 1
597501010
