64
11 1
20053156 203803633 368495021 881293953 329487190 58526147 667074492 480009333 15364206 701116082 788659833
17 5
970476205 837516914 939711070 451345876 18337808 873862885 793251209 331308788 595701720 727525959 145226156 116877450 815689876 760737080 648166674 595786581 27361773
15 4
47445142 475897379 780164509 792050314 73924322 52108646 685233987 767958768 465839969 241099392 984437287 676312592 526532099 395431023 24241476
12 4
693805925 956176561 959065547 14486073 373451947 12182464 998590660 955460530 452523159 22737594 526807304 65673460
10 10
999725498 550802540 995249161 832993224 213660237 427983060 963886928 151445214 411419758 579277294
7 5
550304300 562688924 299907216 120657377 572436234 684571400 515046908
20 4
7331483 488747641 99091265 556311617 273757937 354963441 572767343 91074762 923816464 63742603 159592477 652227446 825527192 710119679 792450853 166410555 873642088 444707070 117596007 394096120
16 14
939199559 694120875 651292327 569643358 801889585 654382421 27096124 825426822 810841323 584588257 93458247 763145388 11906780 597036395 964092568 695203371
1 1
493668458
6 2
85910470 774414874 579098717 677584618 913768196 774371653
4 1
124925843 564105528 43951231 446673895
10 3
4726511 50717820 471392889 717681710 589059062 633007863 360313631 204124132 154446677 544169062
2 2
692338878 456411404
2 1
333204186 511913599
15 14
712784962 979174755 329980120 65379046 210117449 666948630 820438418 408993002 668659614 390135746 575017853 174934510 983061622 180839267 64799828
7 1
852159855 126185260 266977857 854197915 963325148 12984148 654991794
9 3
571429024 107039666 443735747 393142598 973801496 772336025 536986915 23458387 820584979
13 4
242555177 266776782 615203811 734733268 46589582 313282061 232577246 327344256 957268975 535962007 829941488 497518326 360468523
15 11
86643702 658248526 12179792 237959143 456471362 802472430 713682977 794850780 53149319 401960112 914998779 140062547 658589956 521395568 250371605
3 3
642686993 15203044 771859639
17 12
229025188 372829479 85144214 722041675 384599274 834543984 920715135 105250883 168196922 759831857 420803264 74034747 744431596 947095070 466028548 988336533 810695126
4 3
217665349 732844397 659307444 65642658
10 5
354646078 817498585 711533891 806676875 435832977 385571189 635742447 121773997 898867791 246606938
6 5
777385686 510394473 277921401 207226865 55351778 650096423
11 8
14813584 640565082 47517882 538430533 969603826 213721855 6068721 951753828 568278146 82096880 531301299
2 1
217281375 635490563
8 1
372658818 666536672 97805645 990206481 961782019 6058124 472631621 871460733
6 5
616512319 412714274 869283297 466063366 762216899 139374938
4 4
853168921 280691773 295267087 247062168
13 4
676291804 1309981 826934956 679007602 330657311 16751345 628232168 536413162 923744840 197898826 345416536 490691816 850705350
3 2
253643698 522379411 84421868
3 1
173190116 125249573 601042903
1 1
399120614
7 4
841282200 326088365 120954642 917106590 640550067 255393583 784950550
16 16
34731720 489617131 483044655 453791911 241342242 408796938 926210342 329520356 675569846 426631301 803001259 100837115 952914499 311201504 692696593 104241360
16 13
311723465 653876764 342856189 458792548 246542289 324649753 501943452 253824803 674041527 725800655 574156979 197378803 463120025 182592344 651068796 450502171
12 9
33650667 889651807 66755147 1464260 982802112 97794387 972060638 14194457 295909582 159490264 862948077 182887295
2 1
797124193 782112255
8 3
165493087 150939138 558286409 716457914 691079824 364648982 458115743 499094444
3 2
8282636 731804166 130282009
17 12
643421337 288550017 949200190 33290470 391490442 805352799 774441637 165077104 744585455 34588713 357207639 189333138 78064721 974889089 633589673 119373363 192608190
13 6
629899844 149382973 677190324 825240352 596732556 32942647 79930804 800573394 767263053 697935336 21992589 839468668 948448645
14 7
716915955 626523472 355687107 749537005 512055236 866390399 317316894 669224918 449215604 250590042 486153190 56812171 63177887 914526558
20 15
842085448 750013648 500138141 416114312 780034228 383465787 653584879 11441555 596725135 555800025 626173332 20529522 605768636 530536362 25809673 429363364 972286525 34030785 615555443 185076921
8 7
202308508 203283612 204097989 305849514 841551324 368159585 437029725 653397582
9 1
424045287 838526872 158132718 423689429 244910625 713992887 45882223 268710689 80422280
18 17
340366408 736625371 264897022 996258382 349419038 206822799 365692224 505792607 380964803 537174138 717757730 26253214 634881990 708762273 723523214 15693049 598346423 430834305
17 3
779043416 994819366 984172566 482472825 616205014 707467101 236423843 972320739 969741471 64654465 43379170 144567447 555666583 388957243 163828681 873401148 456882824
18 9
369522041 353176684 337773138 657798458 607769672 247914884 200392483 193484197 134033881 276497868 737483510 452393438 290617145 56356539 687031426 938411417 71226674 139842498
15 9
410520223 644668015 89017399 964019473 586373655 67268895 912685943 482500776 328110447 310344124 229806094 401317505 637821005 969488920 23886211
7 3
865101868 385704748 790463887 974906070 351380622 734517252 920791268
4 3
372014301 891918113 695731863 219295159
16 8
162900988 351516808 411852761 394714806 383908865 22869653 400874124 302178852 167727379 632173595 667586199 313883779 173130719 497744625 339530990 535445986
20 2
491185903 709163698 827808101 462117274 850339202 567922887 974124678 761023966 681246345 352269991 979727075 624485454 980751616 557203390 739539224 233013819 71507778 805639132 178490265 143119633
19 16
299061747 963541976 156328423 574953781 419855051 159772086 581998603 293777538 14879686 102429212 350559839 206024726 479569718 510805582 835184594 59338997 478821489 698749733 595131909
14 10
874426048 325878764 939077932 328723382 851128269 138299592 539115026 624810166 512173750 740187864 886645614 831777392 458647319 679279646
10 5
623907620 509326410 969162935 946886686 562410413 823567294 806509488 293318596 915160363 868147313
13 11
423729986 388547099 360635993 102121938 433462331 135605217 775922393 150060209 676442518 825493267 435251971 737306566 690947272
16 9
756600593 609028218 378186096 626931122 396279229 698344670 685872405 253374834 986645614 707644305 451967208 245031904 574257247 250309550 495113511 364907651
2 1
683433854 278986150
5 4
813531263 657575821 219597372 83296585 976503281
9 5
986829776 722991982 526728408 182317528 976028412 167792552 200732964 704328281 871071741
18 17
840305135 652837952 741207786 60209442 465927637 809304318 502724691 522054413 312313728 420850537 594675913 577190698 759380550 810934199 367605268 909786847 905520859 159344457
9 2
583158851 580936443 55347460 172876684 987491687 156739762 330198544 225148376 229003837
