36
8 1
726856688 225582281 853892009 897952821 759711149 97059195 909109406 750132014
3 1
951574177 701622692 631391511
10 7
546960820 297202886 388025788 998558911 814086673 628116455 240277556 663909642 38647214 467134225
11 11
772350730 172030050 711381277 913654938 665104714 849229786 549261634 881254171 964902644 315155123 548549987
7 6
333908788 29078559 546473131 921729591 659403623 288233692 908734275
6 3
666071267 935360322 404426282 553852573 988639672 555272682
11 9
1594199 672904162 601060671 936814819 944490540 604838946 79150432 783334339 211379637 878601836 213226427
13 10
85633521 467781103 724894442 91434576 747815449 347303994 547033137 110474390 852058736 986961099 358413909 779512540 955905829
6 4
552286304 689403243 589881050 922951028 791890663 61345683
17 10
415302742 264565043 336846108 450835126 754887569 874704808 85483151 498173957 899288217 132682461 260877813 559404303 679019652 719208436 510990958 700848463 669254275
19 8
219610893 236597674 886631093 817868445 306602773 367526570 607591559 950621348 520278812 911351755 35987409 923911193 311998341 477043991 13517345 186643648 853918737 268894696 305312306
5 3
605866462 415882341 235567914 215804308 460882328
20 8
76151345 485623191 771840634 575713535 855047325 562481914 308865761 791618112 45145674 634870300 662678654 89327900 191894323 898768030 72674116 482480728 414014830 257147225 787757618 950956967
15 10
891264139 969269215 880667995 274134275 956865772 99880679 145560040 115558489 176587874 327302079 177275728 786138547 494683757 163439584 389018093
12 1
765709105 258177655 936439778 948474920 395040064 820895529 308719495 343048234 353645125 65343860 612595358 778108594
11 2
648351310 36229933 530752338 947240390 86996227 451049608 615110514 33360664 53299676 397373138 117019844
16 9
819039755 277785533 539260473 697812962 210244421 659887253 24904512 767063928 673113215 934687714 106596799 242624038 110183374 371451159 690037702 912269747
17 16
837365761 883694505 152846640 455736629 280655525 320485498 257595351 369353859 632609391 759408394 464114467 174032440 623678925 48735741 696876492 242639710 611281390
20 4
326232304 812027893 849885655 858216531 488814197 930266660 823621409 819232947 822630280 87432628 795183383 587892345 7384236 22929887 267402186 577564896 349405368 854172977 72683486 181484286
9 7
6237730 83459162 415383311 242380907 47178575 676077565 758145853 949179701 766252807
9 5
97782359 343285130 362584941 996808365 181337799 954401549 679409250 694969485 606153645
2 2
873132552 859269577
9 1
544349892 690373450 447613521 815421133 656190329 652467853 769979187 952815108 20597537
14 7
617695099 503170202 848021068 800836947 584906507 902616560 974399013 358736495 830851209 260116224 184822525 956392850 154449043 276630852
4 3
873787974 729640138 688156063 738133643
14 6
866355520 667948358 137842556 325171507 405590258 187424831 359972110 303959100 524975939 552846267 976286292 809005449 809811025 805255387
2 2
278205442 882326529
1 1
273031981
13 10
804833365 654093565 627412719 231921596 544758748 298623439 151184737 520201324 94497563 945328360 673471920 341633767 373531924
14 4
102130430 829827423 470335540 982474397 63691799 921041828 803986067 38863868 6568539 622313815 242132491 215232426 570733367 668303238
6 1
535096406 520288815 484979306 636514223 540662063 589839866
16 10
249216586 692660732 996124103 112028871 133727569 543249748 663279379 621871521 623257694 819471775 195800880 208151662 685152420 714353570 520093363 32402124
6 3
921894882 500177418 122788216 741761946 45260852 652081484
4 2
965601125 268799476 300750572 219002869
11 8
368966922 122594092 137389738 133710504 652424556 969936594 760907676 829796773 897495898 835615911 866082467
7 6
701377596 291166963 384895501 487727424 660530610 792515860 985161021
