79
7 6
977036108 175716663 409873157 7614406 644941963 37986213 343566933
3 1
928504917 320946918 765385669
13 6
565822937 990598428 696070720 247467689 323762196 601982446 601735458 336974383 503011955 48639493 738800111 906969869 278629921
17 12
95914287 435626845 493158225 78400356 38462405 972839769 982885711 986134814 514644022 760744006 68568825 728046301 422560413 791920104 65808274 29944707 254392121
17 2
570415589 848240246 461719936 676638593 621442789 292378503 903950047 761363973 325937148 755686441 815938588 804317972 804645701 12146491 627200100 867348289 544029560
8 1
684551865 428714148 741859900 132321466 858585303 196229326 757711372 686429347
14 1
943392207 704811013 631736853 823701229 962039645 342402647 569689952 770651975 575563396 929013048 964712023 375376717 949382545 150270560
14 11
498921396 203028188 956302480 470576880 648033673 378498109 72467299 499983806 77474396 884247252 788987923 845752895 691242572 841860269
13 11
518206390 410900615 118342168 489175641 796583720 451793668 260481032 798513629 672363576 657022276 859391879 814520375 596467303
19 18
62048500 686702452 502472270 423456899 621909388 299057591 527399737 708788081 745963581 521217506 169714958 269777148 100580692 196627177 120256792 794686564 594222612 597234519 956914485
8 2
546477693 210656518 794737382 813721112 683894086 357477634 626375610 222703379
20 19
327824106 819415271 231678964 44940693 880324915 479545584 529370573 743034496 501506743 180046436 405272853 95511130 181039218 716020618 43269525 79603998 100089067 3039868 412571108 457706546
19 8
227380141 323449028 307447368 98000456 630591419 292980913 161624023 599203345 845753150 151498270 595406823 24345429 96376108 914166576 723232427 72726689 756459032 963271810 863025689
19 3
712387630 378738662 582502805 993312676 864235025 983475165 725682445 749789893 502555669 191979922 401885742 304239099 884060311 487444006 845585031 874418033 177622571 934593519 289587882
14 3
591516897 424286511 643284012 675473195 567575064 456868843 710475751 397797902 936751533 96285076 983313058 416273805 873125337 85242019
13 7
102799679 51391693 459045593 882366552 931872798 449480913 819185293 394133345 545411122 228702333 275185692 75981651 197163394
2 1
776391619 911481274
7 3
170263333 254831900 809570293 768601571 351192508 443190964 90610870
3 2
112567918 981183409 805916179
4 4
87352170 189638350 520433661 895658374
16 12
432496239 437999575 901139547 119950439 436430063 819993081 155555479 202501568 903356145 998560245 69580799 473116005 616566417 229942186 399816925 293765813
18 15
542689765 912444964 676582695 679453772 590272553 895979219 659038068 99798917 861585702 61672259 894506860 280157593 920508528 834630724 212659470 639084841 650269737 199268900
18 2
330051362 115072091 739132895 820685101 33077155 16265653 2589131 944183157 408831134 834802709 208978132 724579074 154969686 721721141 746268875 607399471 172304804 830024249
13 9
299917859 254845123 693036773 259021467 961331069 67926266 36955750 513197396 905550456 448701821 774381142 826637477 391899856
3 3
476180116 345865163 648463401
8 7
214472654 409065524 995848173 969302157 484206114 19865279 84378270 470013641
9 1
790677018 631385415 564564112 275562313 984616908 870739414 979479785 903883479 496771477
5 2
539253538 250161353 105325116 876048403 905019195
1 1
226549234
15 11
164466178 5387597 139792864 454005649 898177435 27668107 428232136 887009472 178156770 8489338 926108631 155939995 938479877 157993811 825680962
2 2
325258524 9696466
7 4
316851209 403380325 47001039 16256141 795893956 164623550 400776945
4 1
112086831 477975877 487623337 52344807
1 1
699381960
15 4
735154723 15430674 78348339 282219002 955909610 377156107 101604739 677404218 217778562 605789035 614972341 612183030 556811066 986384338 276791175
20 16
164748972 159386724 938655101 288869236 42685638 764670608 355495819 41082910 36923738 876472256 202010923 546167628 319026987 412492039 794035468 294914165 784062464 209181902 633567993 72346488
20 20
380216766 105716275 787484683 680661019 294328724 73855776 247975881 236430287 197158677 834705705 544408935 514213042 164302052 273384762 195458206 145537360 394077056 375034282 677808890 37504779
15 3
96221378 308068614 494591245 610202175 448061585 145910833 563657437 917666645 481472705 9418390 786473032 400478333 738034468 515080046 274165796
17 5
676962618 626548632 747817056 430814791 87610237 258377601 428615574 712832797 371327763 644627681 327643020 881135888 567940068 502068688 117811737 901108918 847695303
2 2
131088913 78256333
5 5
686586990 859510937 764205946 739289234 137764754
17 11
498526090 660798172 271451101 358143007 53590236 540945453 493390157 519275015 161783100 75875526 850734440 14597988 447269616 472109855 134551426 734000913 512289762
17 15
183436163 522094501 39495098 976382554 884047369 478093817 968625523 985201397 888116173 47682370 928875791 186458277 819765383 525796148 312165870 427680747 256444742
2 2
557750463 937965497
20 18
831344184 390867561 823606141 906225305 27928266 768404483 498900821 376915953 894740794 416945953 175041836 944078360 289366473 571491170 441353839 972518712 476195257 559551254 503768965 943547742
11 4
813594490 52097106 72877450 318850916 661508073 761938760 880733712 273664645 464880895 243987773 374830530
18 12
794295242 741514116 943107548 465915042 711373266 22997450 941536423 869546383 230674187 350887796 638568614 791932978 17550210 42263327 803431275 174039472 305933846 174934568
1 1
541467076
10 5
726277974 41268146 760638530 96283839 695465421 290591204 898892401 747938052 620628708 373186356
16 2
943427865 251818571 875455893 73687597 876767427 829624806 67494089 796067504 887078019 282972494 973606386 332564328 996378726 593075512 503228462 640256381
17 2
308518431 369442467 124778984 366276982 354740627 675672353 395492421 735128474 230445020 995076053 102870941 567185132 643057728 908974659 415711050 826730967 162988996
15 6
268811509 502845529 126860592 112915461 791540281 308078122 667854620 699094223 121440365 850396619 192017597 209653098 183688401 216334359 163297698
10 2
929186287 554352129 390228987 902048492 127185348 453998976 174271385 241517833 13747141 338039798
1 1
284448282
3 2
847828785 934683697 360853923
17 15
27957604 705968786 703747338 497986480 425817745 775375323 725505579 206396970 441469948 849242168 472402614 373506676 246324666 482503527 686866809 391698316 386241791
16 5
241227866 530434972 152909911 687078951 499354484 360894598 683725820 535602343 528883426 110602469 698632539 440705503 227643286 938498216 207592289 943185861
10 10
78079950 143569568 536327623 644523587 851289765 658451905 759119336 172520986 517366579 964529668
15 15
689335440 996034305 298342808 285819453 828075906 475762440 866694792 860662381 31418667 663377413 122075760 330577682 286514785 210828293 394455202
18 2
381629517 884689904 886449542 478253790 795306553 340679548 699861789 759248225 705139700 346869320 25864174 577079224 672076859 71493220 484030744 769919879 420045212 860049837
18 3
79282128 622748232 410206757 408553200 722027583 606479293 740169564 287496104 434539322 473635323 127109950 351514529 892038248 22954756 341926600 578450869 459150140 305197669
6 3
710226334 621843882 577147092 534669606 740720681 293580875
7 7
753514027 701195719 878268296 611595787 6979024 43476175 527147733
8 8
441884811 674087210 26338586 556982346 643763055 412883020 707809272 798865560
6 4
946233731 997631715 493468596 600596336 102432678 582570271
12 6
606634724 843948215 997873134 34865221 185628625 201335996 985025942 172018973 389150280 968559529 125140595 646756334
18 10
463791671 171977249 803816720 837788328 159994637 179639694 551512837 530107391 516782633 507397617 647720975 812872133 426881507 532577675 463991734 208330616 21414535 107741927
16 15
486813698 712110737 745026213 555394250 218211657 462915287 519445532 331134325 972376321 12978085 397096656 109944824 905205768 361508500 48326365 975730747
7 4
475715626 360930845 491165917 492195454 84162327 825612693 20593940
17 13
130645479 346545443 392547796 614586791 18105052 117253570 337719050 675592551 641732729 590738532 644044037 935780781 685600381 268784506 830781665 61194824 213378623
14 2
897053321 398868763 590060476 437142773 418126474 765336920 254573435 634282514 950056408 950436110 327859460 197086596 94307312 801434452
10 6
810114122 504931106 982655846 748221335 262976465 483486323 347789100 493375120 779981124 176430002
2 1
307169364 652194808
9 5
139192821 666368335 680604628 300837915 750469105 841070902 995146679 211655589 280965384
14 14
368100715 604879578 904393119 163709232 296974289 975543970 758881881 773994122 164965801 681228787 999837423 611085532 974029861 438315662
8 6
589394389 230637037 545245718 397000949 367186461 387505647 720323334 839355402
4 1
956548664 681508429 245787991 246015478
6 1
998816441 801688792 250062165 939805249 798257643 51436174
6 6
901557113 742433112 705539454 801978383 922315178 953043668
